Simulating game 1/10 (Player 1 Depth: 2, Player 2 Depth: 1)
Player 1 Move (Score: 0):
Current player: 2
[ ][ ][ ][ ][ ][ ][ ]
[ ][ ][ ][ ][ ][ ][ ]
[ ][ ][ ][ ][ ][ ][ ]
[ ][ ][ ][ ][ ][ ][ ]
[ ][ ][ ][ ][ ][ ][ ]
[ ][ ][ ][1][ ][ ][ ]

Player 2 Move (Score: 0):
Current player: 1
[ ][ ][ ][ ][ ][ ][ ]
[ ][ ][ ][ ][ ][ ][ ]
[ ][ ][ ][ ][ ][ ][ ]
[ ][ ][ ][ ][ ][ ][ ]
[ ][ ][ ][2][ ][ ][ ]
[ ][ ][ ][1][ ][ ][ ]

Player 1 Move (Score: 0):
Current player: 2
[ ][ ][ ][ ][ ][ ][ ]
[ ][ ][ ][ ][ ][ ][ ]
[ ][ ][ ][ ][ ][ ][ ]
[ ][ ][ ][ ][ ][ ][ ]
[ ][ ][ ][2][ ][ ][ ]
[ ][ ][ ][1][ ][1][ ]

Player 2 Move (Score: -200):
Current player: 1
[ ][ ][ ][ ][ ][ ][ ]
[ ][ ][ ][ ][ ][ ][ ]
[ ][ ][ ][ ][ ][ ][ ]
[ ][ ][ ][ ][ ][ ][ ]
[ ][ ][ ][2][ ][ ][ ]
[ ][ ][ ][1][2][1][ ]

Player 1 Move (Score: -200):
Current player: 2
[ ][ ][ ][ ][ ][ ][ ]
[ ][ ][ ][ ][ ][ ][ ]
[ ][ ][ ][ ][ ][ ][ ]
[ ][ ][ ][ ][ ][ ][ ]
[ ][ ][ ][2][1][ ][ ]
[ ][ ][ ][1][2][1][ ]

Player 2 Move (Score: -200):
Current player: 1
[ ][ ][ ][ ][ ][ ][ ]
[ ][ ][ ][ ][ ][ ][ ]
[ ][ ][ ][ ][ ][ ][ ]
[ ][ ][ ][2][ ][ ][ ]
[ ][ ][ ][2][1][ ][ ]
[ ][ ][ ][1][2][1][ ]

Player 1 Move (Score: -480):
Current player: 2
[ ][ ][ ][ ][ ][ ][ ]
[ ][ ][ ][ ][ ][ ][ ]
[ ][ ][ ][1][ ][ ][ ]
[ ][ ][ ][2][ ][ ][ ]
[ ][ ][ ][2][1][ ][ ]
[ ][ ][ ][1][2][1][ ]

Player 2 Move (Score: -480):
Current player: 1
[ ][ ][ ][ ][ ][ ][ ]
[ ][ ][ ][ ][ ][ ][ ]
[ ][ ][ ][1][ ][ ][ ]
[ ][ ][ ][2][2][ ][ ]
[ ][ ][ ][2][1][ ][ ]
[ ][ ][ ][1][2][1][ ]

Player 1 Move (Score: -830):
Current player: 2
[ ][ ][ ][ ][ ][ ][ ]
[ ][ ][ ][ ][ ][ ][ ]
[ ][ ][ ][1][ ][ ][ ]
[ ][ ][ ][2][2][ ][ ]
[ ][ ][ ][2][1][ ][ ]
[ ][ ][1][1][2][1][ ]

Player 2 Move (Score: -830):
Current player: 1
[ ][ ][ ][ ][ ][ ][ ]
[ ][ ][ ][ ][ ][ ][ ]
[ ][ ][ ][1][2][ ][ ]
[ ][ ][ ][2][2][ ][ ]
[ ][ ][ ][2][1][ ][ ]
[ ][ ][1][1][2][1][ ]

Player 1 Move (Score: -10950):
Current player: 2
[ ][ ][ ][ ][ ][ ][ ]
[ ][ ][ ][ ][ ][ ][ ]
[ ][ ][ ][1][2][ ][ ]
[ ][ ][ ][2][2][ ][ ]
[ ][ ][ ][2][1][ ][ ]
[ ][1][1][1][2][1][ ]

Player 2 Move (Score: -10950):
Current player: 1
[ ][ ][ ][ ][ ][ ][ ]
[ ][ ][ ][ ][ ][ ][ ]
[ ][ ][ ][1][2][ ][ ]
[ ][ ][ ][2][2][ ][ ]
[ ][ ][2][2][1][ ][ ]
[ ][1][1][1][2][1][ ]

Player 1 Move (Score: -20500):
Current player: 2
[ ][ ][ ][ ][ ][ ][ ]
[ ][ ][ ][ ][ ][ ][ ]
[ ][ ][ ][1][2][ ][ ]
[ ][ ][1][2][2][ ][ ]
[ ][ ][2][2][1][ ][ ]
[ ][1][1][1][2][1][ ]

Player 2 Move (Score: -20500):
Current player: 1
[ ][ ][ ][ ][ ][ ][ ]
[ ][ ][ ][ ][2][ ][ ]
[ ][ ][ ][1][2][ ][ ]
[ ][ ][1][2][2][ ][ ]
[ ][ ][2][2][1][ ][ ]
[ ][1][1][1][2][1][ ]

Player 1 Move (Score: -20600):
Current player: 2
[ ][ ][ ][ ][1][ ][ ]
[ ][ ][ ][ ][2][ ][ ]
[ ][ ][ ][1][2][ ][ ]
[ ][ ][1][2][2][ ][ ]
[ ][ ][2][2][1][ ][ ]
[ ][1][1][1][2][1][ ]

Player 2 Move (Score: -20600):
Current player: 1
[ ][ ][ ][ ][1][ ][ ]
[ ][ ][ ][ ][2][ ][ ]
[ ][ ][ ][1][2][ ][ ]
[ ][ ][1][2][2][ ][ ]
[ ][ ][2][2][1][ ][ ]
[2][1][1][1][2][1][ ]

Player 1 Move (Score: -20780):
Current player: 2
[ ][ ][ ][ ][1][ ][ ]
[ ][ ][ ][ ][2][ ][ ]
[ ][ ][ ][1][2][ ][ ]
[ ][ ][1][2][2][ ][ ]
[ ][1][2][2][1][ ][ ]
[2][1][1][1][2][1][ ]

Player 2 Move (Score: -20780):
Current player: 1
[ ][ ][ ][ ][1][ ][ ]
[ ][ ][ ][2][2][ ][ ]
[ ][ ][ ][1][2][ ][ ]
[ ][ ][1][2][2][ ][ ]
[ ][1][2][2][1][ ][ ]
[2][1][1][1][2][1][ ]

Player 1 Move (Score: -20830):
Current player: 2
[ ][ ][ ][1][1][ ][ ]
[ ][ ][ ][2][2][ ][ ]
[ ][ ][ ][1][2][ ][ ]
[ ][ ][1][2][2][ ][ ]
[ ][1][2][2][1][ ][ ]
[2][1][1][1][2][1][ ]

Player 2 Move (Score: -20830):
Current player: 1
[ ][ ][ ][1][1][ ][ ]
[ ][ ][ ][2][2][ ][ ]
[ ][ ][2][1][2][ ][ ]
[ ][ ][1][2][2][ ][ ]
[ ][1][2][2][1][ ][ ]
[2][1][1][1][2][1][ ]

Player 1 Move (Score: -22780):
Current player: 2
[ ][ ][ ][1][1][ ][ ]
[ ][ ][ ][2][2][ ][ ]
[ ][ ][2][1][2][ ][ ]
[ ][1][1][2][2][ ][ ]
[ ][1][2][2][1][ ][ ]
[2][1][1][1][2][1][ ]

Player 2 Move (Score: -22780):
Current player: 1
[ ][ ][ ][1][1][ ][ ]
[ ][ ][2][2][2][ ][ ]
[ ][ ][2][1][2][ ][ ]
[ ][1][1][2][2][ ][ ]
[ ][1][2][2][1][ ][ ]
[2][1][1][1][2][1][ ]

Player 1 Move (Score: -20800):
Current player: 2
[ ][ ][1][1][1][ ][ ]
[ ][ ][2][2][2][ ][ ]
[ ][ ][2][1][2][ ][ ]
[ ][1][1][2][2][ ][ ]
[ ][1][2][2][1][ ][ ]
[2][1][1][1][2][1][ ]

Player 2 Move (Score: -20800):
Current player: 1
[ ][ ][1][1][1][ ][ ]
[ ][ ][2][2][2][ ][ ]
[ ][2][2][1][2][ ][ ]
[ ][1][1][2][2][ ][ ]
[ ][1][2][2][1][ ][ ]
[2][1][1][1][2][1][ ]

Player 1 Move (Score: -20700):
Current player: 2
[ ][ ][1][1][1][ ][ ]
[ ][1][2][2][2][ ][ ]
[ ][2][2][1][2][ ][ ]
[ ][1][1][2][2][ ][ ]
[ ][1][2][2][1][ ][ ]
[2][1][1][1][2][1][ ]

Player 2 Move (Score: -20700):
Current player: 1
[ ][2][1][1][1][ ][ ]
[ ][1][2][2][2][ ][ ]
[ ][2][2][1][2][ ][ ]
[ ][1][1][2][2][ ][ ]
[ ][1][2][2][1][ ][ ]
[2][1][1][1][2][1][ ]

Player 1 Move (Score: -20700):
Current player: 2
[ ][2][1][1][1][ ][ ]
[ ][1][2][2][2][ ][ ]
[ ][2][2][1][2][ ][ ]
[ ][1][1][2][2][ ][ ]
[ ][1][2][2][1][1][ ]
[2][1][1][1][2][1][ ]

Player 2 Move (Score: -50500):
Current player: 1
[ ][2][1][1][1][ ][ ]
[ ][1][2][2][2][ ][ ]
[ ][2][2][1][2][ ][ ]
[ ][1][1][2][2][2][ ]
[ ][1][2][2][1][1][ ]
[2][1][1][1][2][1][ ]

Player 1 Move (Score: -70400):
Current player: 2
[ ][2][1][1][1][ ][ ]
[ ][1][2][2][2][ ][ ]
[ ][2][2][1][2][ ][ ]
[ ][1][1][2][2][2][ ]
[1][1][2][2][1][1][ ]
[2][1][1][1][2][1][ ]

Player 2 Move (Score: -70400):
Current player: 1
[ ][2][1][1][1][ ][ ]
[ ][1][2][2][2][ ][ ]
[ ][2][2][1][2][2][ ]
[ ][1][1][2][2][2][ ]
[1][1][2][2][1][1][ ]
[2][1][1][1][2][1][ ]

Player 1 Move (Score: -50000):
Current player: 2
[ ][2][1][1][1][ ][ ]
[ ][1][2][2][2][1][ ]
[ ][2][2][1][2][2][ ]
[ ][1][1][2][2][2][ ]
[1][1][2][2][1][1][ ]
[2][1][1][1][2][1][ ]

Player 2 Move (Score: -50000):
Current player: 1
[ ][2][1][1][1][2][ ]
[ ][1][2][2][2][1][ ]
[ ][2][2][1][2][2][ ]
[ ][1][1][2][2][2][ ]
[1][1][2][2][1][1][ ]
[2][1][1][1][2][1][ ]

Player 1 Move (Score: -50000):
Current player: 2
[ ][2][1][1][1][2][ ]
[ ][1][2][2][2][1][ ]
[ ][2][2][1][2][2][ ]
[1][1][1][2][2][2][ ]
[1][1][2][2][1][1][ ]
[2][1][1][1][2][1][ ]

Player 2 Move (Score: -50000):
Current player: 1
[ ][2][1][1][1][2][ ]
[ ][1][2][2][2][1][ ]
[2][2][2][1][2][2][ ]
[1][1][1][2][2][2][ ]
[1][1][2][2][1][1][ ]
[2][1][1][1][2][1][ ]

Player 1 Move (Score: -50000):
Current player: 2
[ ][2][1][1][1][2][ ]
[ ][1][2][2][2][1][ ]
[2][2][2][1][2][2][ ]
[1][1][1][2][2][2][ ]
[1][1][2][2][1][1][ ]
[2][1][1][1][2][1][1]

Player 2 Move (Score: -4030000):
Current player: 1
[ ][2][1][1][1][2][ ]
[ ][1][2][2][2][1][ ]
[2][2][2][1][2][2][ ]
[1][1][1][2][2][2][ ]
[1][1][2][2][1][1][2]
[2][1][1][1][2][1][1]

Result: Player 2 Wins

Simulating game 2/10 (Player 1 Depth: 2, Player 2 Depth: 1)
Player 1 Move (Score: 0):
Current player: 2
[ ][ ][ ][ ][ ][ ][ ]
[ ][ ][ ][ ][ ][ ][ ]
[ ][ ][ ][ ][ ][ ][ ]
[ ][ ][ ][ ][ ][ ][ ]
[ ][ ][ ][ ][ ][ ][ ]
[ ][ ][ ][ ][ ][1][ ]

Player 2 Move (Score: 0):
Current player: 1
[ ][ ][ ][ ][ ][ ][ ]
[ ][ ][ ][ ][ ][ ][ ]
[ ][ ][ ][ ][ ][ ][ ]
[ ][ ][ ][ ][ ][ ][ ]
[ ][ ][ ][ ][ ][ ][ ]
[ ][2][ ][ ][ ][1][ ]

Player 1 Move (Score: 0):
Current player: 2
[ ][ ][ ][ ][ ][ ][ ]
[ ][ ][ ][ ][ ][ ][ ]
[ ][ ][ ][ ][ ][ ][ ]
[ ][ ][ ][ ][ ][ ][ ]
[ ][ ][ ][ ][ ][ ][ ]
[ ][2][ ][ ][1][1][ ]

Player 2 Move (Score: 0):
Current player: 1
[ ][ ][ ][ ][ ][ ][ ]
[ ][ ][ ][ ][ ][ ][ ]
[ ][ ][ ][ ][ ][ ][ ]
[ ][ ][ ][ ][ ][ ][ ]
[ ][ ][ ][ ][ ][ ][ ]
[ ][2][2][ ][1][1][ ]

Player 1 Move (Score: 0):
Current player: 2
[ ][ ][ ][ ][ ][ ][ ]
[ ][ ][ ][ ][ ][ ][ ]
[ ][ ][ ][ ][ ][ ][ ]
[ ][ ][ ][ ][ ][ ][ ]
[ ][ ][ ][ ][ ][ ][ ]
[ ][2][2][1][1][1][ ]

Player 2 Move (Score: 0):
Current player: 1
[ ][ ][ ][ ][ ][ ][ ]
[ ][ ][ ][ ][ ][ ][ ]
[ ][ ][ ][ ][ ][ ][ ]
[ ][ ][ ][ ][ ][ ][ ]
[ ][ ][ ][ ][ ][ ][ ]
[ ][2][2][1][1][1][2]

Player 1 Move (Score: 200):
Current player: 2
[ ][ ][ ][ ][ ][ ][ ]
[ ][ ][ ][ ][ ][ ][ ]
[ ][ ][ ][ ][ ][ ][ ]
[ ][ ][ ][ ][ ][ ][ ]
[ ][ ][ ][ ][1][ ][ ]
[ ][2][2][1][1][1][2]

Player 2 Move (Score: 200):
Current player: 1
[ ][ ][ ][ ][ ][ ][ ]
[ ][ ][ ][ ][ ][ ][ ]
[ ][ ][ ][ ][ ][ ][ ]
[ ][ ][ ][ ][ ][ ][ ]
[ ][ ][ ][ ][1][2][ ]
[ ][2][2][1][1][1][2]

Player 1 Move (Score: 400):
Current player: 2
[ ][ ][ ][ ][ ][ ][ ]
[ ][ ][ ][ ][ ][ ][ ]
[ ][ ][ ][ ][ ][ ][ ]
[ ][ ][ ][ ][1][ ][ ]
[ ][ ][ ][ ][1][2][ ]
[ ][2][2][1][1][1][2]

Player 2 Move (Score: 400):
Current player: 1
[ ][ ][ ][ ][ ][ ][ ]
[ ][ ][ ][ ][ ][ ][ ]
[ ][ ][ ][ ][2][ ][ ]
[ ][ ][ ][ ][1][ ][ ]
[ ][ ][ ][ ][1][2][ ]
[ ][2][2][1][1][1][2]

Player 1 Move (Score: 10300):
Current player: 2
[ ][ ][ ][ ][ ][ ][ ]
[ ][ ][ ][ ][ ][ ][ ]
[ ][ ][ ][ ][2][ ][ ]
[ ][ ][ ][ ][1][1][ ]
[ ][ ][ ][ ][1][2][ ]
[ ][2][2][1][1][1][2]

Player 2 Move (Score: 10300):
Current player: 1
[ ][ ][ ][ ][ ][ ][ ]
[ ][ ][ ][ ][ ][ ][ ]
[ ][ ][ ][ ][2][2][ ]
[ ][ ][ ][ ][1][1][ ]
[ ][ ][ ][ ][1][2][ ]
[ ][2][2][1][1][1][2]

Player 1 Move (Score: 10200):
Current player: 2
[ ][ ][ ][ ][ ][ ][ ]
[ ][ ][ ][ ][ ][ ][ ]
[ ][ ][ ][ ][2][2][ ]
[ ][ ][ ][ ][1][1][ ]
[ ][ ][ ][ ][1][2][1]
[ ][2][2][1][1][1][2]

Player 2 Move (Score: 9940):
Current player: 1
[ ][ ][ ][ ][ ][ ][ ]
[ ][ ][ ][ ][ ][2][ ]
[ ][ ][ ][ ][2][2][ ]
[ ][ ][ ][ ][1][1][ ]
[ ][ ][ ][ ][1][2][1]
[ ][2][2][1][1][1][2]

Player 1 Move (Score: 9870):
Current player: 2
[ ][ ][ ][ ][ ][ ][ ]
[ ][ ][ ][ ][ ][2][ ]
[ ][ ][ ][ ][2][2][ ]
[ ][ ][ ][ ][1][1][ ]
[ ][ ][1][ ][1][2][1]
[ ][2][2][1][1][1][2]

Player 2 Move (Score: 9870):
Current player: 1
[ ][ ][ ][ ][ ][ ][ ]
[ ][ ][ ][ ][2][2][ ]
[ ][ ][ ][ ][2][2][ ]
[ ][ ][ ][ ][1][1][ ]
[ ][ ][1][ ][1][2][1]
[ ][2][2][1][1][1][2]

Player 1 Move (Score: 40):
Current player: 2
[ ][ ][ ][ ][ ][ ][ ]
[ ][ ][ ][ ][2][2][ ]
[ ][ ][ ][ ][2][2][ ]
[ ][ ][ ][ ][1][1][ ]
[ ][1][1][ ][1][2][1]
[ ][2][2][1][1][1][2]

Player 2 Move (Score: 40):
Current player: 1
[ ][ ][ ][ ][ ][ ][ ]
[ ][ ][ ][ ][2][2][ ]
[ ][ ][ ][ ][2][2][ ]
[ ][ ][ ][ ][1][1][2]
[ ][1][1][ ][1][2][1]
[ ][2][2][1][1][1][2]

Player 1 Move (Score: -10030):
Current player: 2
[ ][ ][ ][ ][ ][ ][ ]
[ ][ ][ ][ ][2][2][ ]
[ ][ ][ ][ ][2][2][ ]
[ ][1][ ][ ][1][1][2]
[ ][1][1][ ][1][2][1]
[ ][2][2][1][1][1][2]

Player 2 Move (Score: -10030):
Current player: 1
[ ][ ][ ][ ][ ][ ][ ]
[ ][ ][ ][ ][2][2][ ]
[ ][ ][ ][ ][2][2][2]
[ ][1][ ][ ][1][1][2]
[ ][1][1][ ][1][2][1]
[ ][2][2][1][1][1][2]

Player 1 Move (Score: -19900):
Current player: 2
[ ][ ][ ][ ][ ][ ][ ]
[ ][ ][ ][ ][2][2][ ]
[ ][1][ ][ ][2][2][2]
[ ][1][ ][ ][1][1][2]
[ ][1][1][ ][1][2][1]
[ ][2][2][1][1][1][2]

Player 2 Move (Score: -19900):
Current player: 1
[ ][ ][ ][ ][ ][ ][ ]
[ ][ ][ ][ ][2][2][2]
[ ][1][ ][ ][2][2][2]
[ ][1][ ][ ][1][1][2]
[ ][1][1][ ][1][2][1]
[ ][2][2][1][1][1][2]

Player 1 Move (Score: -19700):
Current player: 2
[ ][ ][ ][ ][ ][ ][1]
[ ][ ][ ][ ][2][2][2]
[ ][1][ ][ ][2][2][2]
[ ][1][ ][ ][1][1][2]
[ ][1][1][ ][1][2][1]
[ ][2][2][1][1][1][2]

Player 2 Move (Score: -19700):
Current player: 1
[ ][ ][ ][ ][ ][ ][1]
[ ][2][ ][ ][2][2][2]
[ ][1][ ][ ][2][2][2]
[ ][1][ ][ ][1][1][2]
[ ][1][1][ ][1][2][1]
[ ][2][2][1][1][1][2]

Player 1 Move (Score: -19700):
Current player: 2
[ ][ ][ ][ ][ ][1][1]
[ ][2][ ][ ][2][2][2]
[ ][1][ ][ ][2][2][2]
[ ][1][ ][ ][1][1][2]
[ ][1][1][ ][1][2][1]
[ ][2][2][1][1][1][2]

Player 2 Move (Score: -19700):
Current player: 1
[ ][ ][ ][ ][ ][1][1]
[ ][2][ ][ ][2][2][2]
[ ][1][ ][ ][2][2][2]
[ ][1][ ][ ][1][1][2]
[ ][1][1][2][1][2][1]
[ ][2][2][1][1][1][2]

Player 1 Move (Score: -10200):
Current player: 2
[ ][ ][ ][ ][1][1][1]
[ ][2][ ][ ][2][2][2]
[ ][1][ ][ ][2][2][2]
[ ][1][ ][ ][1][1][2]
[ ][1][1][2][1][2][1]
[ ][2][2][1][1][1][2]

Player 2 Move (Score: -10200):
Current player: 1
[ ][ ][ ][ ][1][1][1]
[ ][2][ ][ ][2][2][2]
[ ][1][ ][ ][2][2][2]
[ ][1][ ][2][1][1][2]
[ ][1][1][2][1][2][1]
[ ][2][2][1][1][1][2]

Player 1 Move (Score: -1999800):
Current player: 2
[ ][ ][ ][ ][1][1][1]
[ ][2][ ][ ][2][2][2]
[ ][1][ ][1][2][2][2]
[ ][1][ ][2][1][1][2]
[ ][1][1][2][1][2][1]
[ ][2][2][1][1][1][2]

Player 2 Move (Score: -1999800):
Current player: 1
[ ][ ][ ][ ][1][1][1]
[ ][2][ ][2][2][2][2]
[ ][1][ ][1][2][2][2]
[ ][1][ ][2][1][1][2]
[ ][1][1][2][1][2][1]
[ ][2][2][1][1][1][2]

Result: Player 2 Wins

Simulating game 3/10 (Player 1 Depth: 2, Player 2 Depth: 1)
Player 1 Move (Score: 0):
Current player: 2
[ ][ ][ ][ ][ ][ ][ ]
[ ][ ][ ][ ][ ][ ][ ]
[ ][ ][ ][ ][ ][ ][ ]
[ ][ ][ ][ ][ ][ ][ ]
[ ][ ][ ][ ][ ][ ][ ]
[ ][1][ ][ ][ ][ ][ ]

Player 2 Move (Score: 0):
Current player: 1
[ ][ ][ ][ ][ ][ ][ ]
[ ][ ][ ][ ][ ][ ][ ]
[ ][ ][ ][ ][ ][ ][ ]
[ ][ ][ ][ ][ ][ ][ ]
[ ][ ][ ][ ][ ][ ][ ]
[ ][1][ ][ ][ ][ ][2]

Player 1 Move (Score: 0):
Current player: 2
[ ][ ][ ][ ][ ][ ][ ]
[ ][ ][ ][ ][ ][ ][ ]
[ ][ ][ ][ ][ ][ ][ ]
[ ][ ][ ][ ][ ][ ][ ]
[ ][1][ ][ ][ ][ ][ ]
[ ][1][ ][ ][ ][ ][2]

Player 2 Move (Score: 0):
Current player: 1
[ ][ ][ ][ ][ ][ ][ ]
[ ][ ][ ][ ][ ][ ][ ]
[ ][ ][ ][ ][ ][ ][ ]
[ ][ ][ ][ ][ ][ ][ ]
[ ][1][ ][ ][ ][ ][2]
[ ][1][ ][ ][ ][ ][2]

Player 1 Move (Score: 0):
Current player: 2
[ ][ ][ ][ ][ ][ ][ ]
[ ][ ][ ][ ][ ][ ][ ]
[ ][ ][ ][ ][ ][ ][ ]
[ ][ ][ ][ ][ ][ ][1]
[ ][1][ ][ ][ ][ ][2]
[ ][1][ ][ ][ ][ ][2]

Player 2 Move (Score: 0):
Current player: 1
[ ][ ][ ][ ][ ][ ][ ]
[ ][ ][ ][ ][ ][ ][ ]
[ ][ ][ ][ ][ ][ ][ ]
[ ][2][ ][ ][ ][ ][1]
[ ][1][ ][ ][ ][ ][2]
[ ][1][ ][ ][ ][ ][2]

Player 1 Move (Score: 100):
Current player: 2
[ ][ ][ ][ ][ ][ ][ ]
[ ][ ][ ][ ][ ][ ][ ]
[ ][ ][ ][ ][ ][ ][ ]
[ ][2][ ][ ][ ][ ][1]
[ ][1][ ][ ][ ][ ][2]
[1][1][ ][ ][ ][ ][2]

Player 2 Move (Score: 100):
Current player: 1
[ ][ ][ ][ ][ ][ ][ ]
[ ][ ][ ][ ][ ][ ][ ]
[ ][2][ ][ ][ ][ ][ ]
[ ][2][ ][ ][ ][ ][1]
[ ][1][ ][ ][ ][ ][2]
[1][1][ ][ ][ ][ ][2]

Player 1 Move (Score: 100):
Current player: 2
[ ][ ][ ][ ][ ][ ][ ]
[ ][ ][ ][ ][ ][ ][ ]
[ ][2][ ][ ][ ][ ][1]
[ ][2][ ][ ][ ][ ][1]
[ ][1][ ][ ][ ][ ][2]
[1][1][ ][ ][ ][ ][2]

Player 2 Move (Score: -9700):
Current player: 1
[ ][ ][ ][ ][ ][ ][ ]
[ ][2][ ][ ][ ][ ][ ]
[ ][2][ ][ ][ ][ ][1]
[ ][2][ ][ ][ ][ ][1]
[ ][1][ ][ ][ ][ ][2]
[1][1][ ][ ][ ][ ][2]

Player 1 Move (Score: 200):
Current player: 2
[ ][1][ ][ ][ ][ ][ ]
[ ][2][ ][ ][ ][ ][ ]
[ ][2][ ][ ][ ][ ][1]
[ ][2][ ][ ][ ][ ][1]
[ ][1][ ][ ][ ][ ][2]
[1][1][ ][ ][ ][ ][2]

Player 2 Move (Score: 200):
Current player: 1
[ ][1][ ][ ][ ][ ][ ]
[ ][2][ ][ ][ ][ ][ ]
[ ][2][ ][ ][ ][ ][1]
[ ][2][ ][ ][ ][ ][1]
[ ][1][ ][ ][ ][ ][2]
[1][1][ ][ ][ ][2][2]

Player 1 Move (Score: 200):
Current player: 2
[ ][1][ ][ ][ ][ ][ ]
[ ][2][ ][ ][ ][ ][ ]
[ ][2][ ][ ][ ][ ][1]
[ ][2][ ][ ][ ][ ][1]
[ ][1][ ][ ][ ][ ][2]
[1][1][ ][ ][1][2][2]

Player 2 Move (Score: -200):
Current player: 1
[ ][1][ ][ ][ ][ ][ ]
[ ][2][ ][ ][ ][ ][ ]
[ ][2][ ][ ][ ][ ][1]
[ ][2][ ][ ][ ][ ][1]
[ ][1][ ][ ][ ][2][2]
[1][1][ ][ ][1][2][2]

Player 1 Move (Score: -600):
Current player: 2
[ ][1][ ][ ][ ][ ][ ]
[ ][2][ ][ ][ ][ ][ ]
[ ][2][ ][ ][ ][ ][1]
[ ][2][ ][ ][ ][ ][1]
[ ][1][ ][ ][ ][2][2]
[1][1][1][ ][1][2][2]

Player 2 Move (Score: -600):
Current player: 1
[ ][1][ ][ ][ ][ ][ ]
[ ][2][ ][ ][ ][ ][ ]
[ ][2][ ][ ][ ][ ][1]
[ ][2][ ][ ][ ][ ][1]
[ ][1][ ][ ][2][2][2]
[1][1][1][ ][1][2][2]

Player 1 Move (Score: -10500):
Current player: 2
[ ][1][ ][ ][ ][ ][ ]
[ ][2][ ][ ][ ][ ][ ]
[ ][2][ ][ ][ ][ ][1]
[ ][2][ ][ ][1][ ][1]
[ ][1][ ][ ][2][2][2]
[1][1][1][ ][1][2][2]

Player 2 Move (Score: -10500):
Current player: 1
[ ][1][ ][ ][ ][ ][ ]
[ ][2][ ][ ][ ][ ][ ]
[ ][2][ ][ ][ ][ ][1]
[ ][2][ ][ ][1][2][1]
[ ][1][ ][ ][2][2][2]
[1][1][1][ ][1][2][2]

Player 1 Move (Score: -20000):
Current player: 2
[ ][1][ ][ ][ ][ ][ ]
[ ][2][ ][ ][ ][ ][ ]
[ ][2][ ][ ][ ][1][1]
[ ][2][ ][ ][1][2][1]
[ ][1][ ][ ][2][2][2]
[1][1][1][ ][1][2][2]

Player 2 Move (Score: -20000):
Current player: 1
[ ][1][ ][ ][ ][ ][ ]
[ ][2][ ][ ][ ][ ][ ]
[ ][2][ ][ ][2][1][1]
[ ][2][ ][ ][1][2][1]
[ ][1][ ][ ][2][2][2]
[1][1][1][ ][1][2][2]

Player 1 Move (Score: -300):
Current player: 2
[ ][1][ ][ ][ ][ ][ ]
[ ][2][ ][ ][ ][ ][1]
[ ][2][ ][ ][2][1][1]
[ ][2][ ][ ][1][2][1]
[ ][1][ ][ ][2][2][2]
[1][1][1][ ][1][2][2]

Player 2 Move (Score: -300):
Current player: 1
[ ][1][ ][ ][ ][ ][ ]
[ ][2][ ][ ][ ][ ][1]
[ ][2][ ][ ][2][1][1]
[ ][2][ ][ ][1][2][1]
[ ][1][ ][ ][2][2][2]
[1][1][1][2][1][2][2]

Player 1 Move (Score: -1989700):
Current player: 2
[ ][1][ ][ ][ ][ ][1]
[ ][2][ ][ ][ ][ ][1]
[ ][2][ ][ ][2][1][1]
[ ][2][ ][ ][1][2][1]
[ ][1][ ][ ][2][2][2]
[1][1][1][2][1][2][2]

Result: Player 1 Wins

Simulating game 4/10 (Player 1 Depth: 2, Player 2 Depth: 1)
Player 1 Move (Score: 0):
Current player: 2
[ ][ ][ ][ ][ ][ ][ ]
[ ][ ][ ][ ][ ][ ][ ]
[ ][ ][ ][ ][ ][ ][ ]
[ ][ ][ ][ ][ ][ ][ ]
[ ][ ][ ][ ][ ][ ][ ]
[ ][ ][ ][ ][1][ ][ ]

Player 2 Move (Score: 0):
Current player: 1
[ ][ ][ ][ ][ ][ ][ ]
[ ][ ][ ][ ][ ][ ][ ]
[ ][ ][ ][ ][ ][ ][ ]
[ ][ ][ ][ ][ ][ ][ ]
[ ][ ][ ][ ][ ][ ][ ]
[ ][ ][ ][2][1][ ][ ]

Player 1 Move (Score: 100):
Current player: 2
[ ][ ][ ][ ][ ][ ][ ]
[ ][ ][ ][ ][ ][ ][ ]
[ ][ ][ ][ ][ ][ ][ ]
[ ][ ][ ][ ][ ][ ][ ]
[ ][ ][ ][1][ ][ ][ ]
[ ][ ][ ][2][1][ ][ ]

Player 2 Move (Score: 100):
Current player: 1
[ ][ ][ ][ ][ ][ ][ ]
[ ][ ][ ][ ][ ][ ][ ]
[ ][ ][ ][ ][ ][ ][ ]
[ ][ ][ ][ ][ ][ ][ ]
[ ][ ][ ][1][2][ ][ ]
[ ][ ][ ][2][1][ ][ ]

Player 1 Move (Score: 100):
Current player: 2
[ ][ ][ ][ ][ ][ ][ ]
[ ][ ][ ][ ][ ][ ][ ]
[ ][ ][ ][ ][ ][ ][ ]
[ ][ ][ ][ ][ ][ ][ ]
[ ][ ][ ][1][2][ ][ ]
[ ][ ][ ][2][1][ ][1]

Player 2 Move (Score: -260):
Current player: 1
[ ][ ][ ][ ][ ][ ][ ]
[ ][ ][ ][ ][ ][ ][ ]
[ ][ ][ ][ ][ ][ ][ ]
[ ][ ][ ][2][ ][ ][ ]
[ ][ ][ ][1][2][ ][ ]
[ ][ ][ ][2][1][ ][1]

Player 1 Move (Score: -350):
Current player: 2
[ ][ ][ ][ ][ ][ ][ ]
[ ][ ][ ][ ][ ][ ][ ]
[ ][ ][ ][ ][ ][ ][ ]
[ ][ ][ ][2][ ][ ][ ]
[ ][ ][ ][1][2][ ][ ]
[ ][ ][ ][2][1][1][1]

Player 2 Move (Score: -350):
Current player: 1
[ ][ ][ ][ ][ ][ ][ ]
[ ][ ][ ][ ][ ][ ][ ]
[ ][ ][ ][ ][ ][ ][ ]
[ ][ ][ ][2][2][ ][ ]
[ ][ ][ ][1][2][ ][ ]
[ ][ ][ ][2][1][1][1]

Player 1 Move (Score: -580):
Current player: 2
[ ][ ][ ][ ][ ][ ][ ]
[ ][ ][ ][ ][ ][ ][ ]
[ ][ ][ ][ ][1][ ][ ]
[ ][ ][ ][2][2][ ][ ]
[ ][ ][ ][1][2][ ][ ]
[ ][ ][ ][2][1][1][1]

Player 2 Move (Score: -580):
Current player: 1
[ ][ ][ ][ ][ ][ ][ ]
[ ][ ][ ][ ][ ][ ][ ]
[ ][ ][ ][2][1][ ][ ]
[ ][ ][ ][2][2][ ][ ]
[ ][ ][ ][1][2][ ][ ]
[ ][ ][ ][2][1][1][1]

Player 1 Move (Score: -20120):
Current player: 2
[ ][ ][ ][ ][ ][ ][ ]
[ ][ ][ ][1][ ][ ][ ]
[ ][ ][ ][2][1][ ][ ]
[ ][ ][ ][2][2][ ][ ]
[ ][ ][ ][1][2][ ][ ]
[ ][ ][ ][2][1][1][1]

Player 2 Move (Score: -20120):
Current player: 1
[ ][ ][ ][ ][ ][ ][ ]
[ ][ ][ ][1][ ][ ][ ]
[ ][ ][ ][2][1][ ][ ]
[ ][ ][ ][2][2][ ][ ]
[ ][ ][ ][1][2][2][ ]
[ ][ ][ ][2][1][1][1]

Player 1 Move (Score: -10200):
Current player: 2
[ ][ ][ ][ ][ ][ ][ ]
[ ][ ][ ][1][ ][ ][ ]
[ ][ ][ ][2][1][ ][ ]
[ ][ ][ ][2][2][1][ ]
[ ][ ][ ][1][2][2][ ]
[ ][ ][ ][2][1][1][1]

Player 2 Move (Score: -10200):
Current player: 1
[ ][ ][ ][ ][ ][ ][ ]
[ ][ ][ ][1][ ][ ][ ]
[ ][ ][ ][2][1][ ][ ]
[ ][ ][ ][2][2][1][ ]
[ ][ ][ ][1][2][2][2]
[ ][ ][ ][2][1][1][1]

Player 1 Move (Score: -10150):
Current player: 2
[ ][ ][ ][ ][ ][ ][ ]
[ ][ ][ ][1][1][ ][ ]
[ ][ ][ ][2][1][ ][ ]
[ ][ ][ ][2][2][1][ ]
[ ][ ][ ][1][2][2][2]
[ ][ ][ ][2][1][1][1]

Player 2 Move (Score: -10150):
Current player: 1
[ ][ ][ ][ ][ ][ ][ ]
[ ][ ][ ][1][1][ ][ ]
[ ][ ][ ][2][1][ ][ ]
[ ][ ][ ][2][2][1][ ]
[ ][ ][ ][1][2][2][2]
[ ][ ][2][2][1][1][1]

Player 1 Move (Score: -10250):
Current player: 2
[ ][ ][ ][ ][ ][ ][ ]
[ ][ ][ ][1][1][ ][ ]
[ ][ ][ ][2][1][ ][ ]
[ ][ ][ ][2][2][1][ ]
[ ][ ][ ][1][2][2][2]
[1][ ][2][2][1][1][1]

Player 2 Move (Score: -10250):
Current player: 1
[ ][ ][ ][ ][ ][ ][ ]
[ ][ ][ ][1][1][ ][ ]
[ ][ ][ ][2][1][ ][ ]
[ ][ ][ ][2][2][1][ ]
[ ][ ][2][1][2][2][2]
[1][ ][2][2][1][1][1]

Player 1 Move (Score: -10150):
Current player: 2
[ ][ ][ ][ ][ ][ ][ ]
[ ][ ][ ][1][1][ ][ ]
[ ][ ][ ][2][1][ ][ ]
[ ][ ][1][2][2][1][ ]
[ ][ ][2][1][2][2][2]
[1][ ][2][2][1][1][1]

Player 2 Move (Score: -10150):
Current player: 1
[ ][ ][ ][ ][ ][ ][ ]
[ ][ ][ ][1][1][ ][ ]
[ ][ ][2][2][1][ ][ ]
[ ][ ][1][2][2][1][ ]
[ ][ ][2][1][2][2][2]
[1][ ][2][2][1][1][1]

Player 1 Move (Score: 12000):
Current player: 2
[ ][ ][ ][ ][ ][ ][ ]
[ ][ ][1][1][1][ ][ ]
[ ][ ][2][2][1][ ][ ]
[ ][ ][1][2][2][1][ ]
[ ][ ][2][1][2][2][2]
[1][ ][2][2][1][1][1]

Player 2 Move (Score: 12000):
Current player: 1
[ ][ ][2][ ][ ][ ][ ]
[ ][ ][1][1][1][ ][ ]
[ ][ ][2][2][1][ ][ ]
[ ][ ][1][2][2][1][ ]
[ ][ ][2][1][2][2][2]
[1][ ][2][2][1][1][1]

Player 1 Move (Score: 12000):
Current player: 2
[ ][ ][2][ ][1][ ][ ]
[ ][ ][1][1][1][ ][ ]
[ ][ ][2][2][1][ ][ ]
[ ][ ][1][2][2][1][ ]
[ ][ ][2][1][2][2][2]
[1][ ][2][2][1][1][1]

Player 2 Move (Score: 11900):
Current player: 1
[ ][ ][2][2][1][ ][ ]
[ ][ ][1][1][1][ ][ ]
[ ][ ][2][2][1][ ][ ]
[ ][ ][1][2][2][1][ ]
[ ][ ][2][1][2][2][2]
[1][ ][2][2][1][1][1]

Player 1 Move (Score: 11900):
Current player: 2
[ ][ ][2][2][1][ ][ ]
[ ][ ][1][1][1][ ][ ]
[ ][ ][2][2][1][ ][ ]
[ ][ ][1][2][2][1][ ]
[1][ ][2][1][2][2][2]
[1][ ][2][2][1][1][1]

Player 2 Move (Score: 11900):
Current player: 1
[ ][ ][2][2][1][ ][ ]
[ ][ ][1][1][1][ ][ ]
[ ][ ][2][2][1][ ][ ]
[2][ ][1][2][2][1][ ]
[1][ ][2][1][2][2][2]
[1][ ][2][2][1][1][1]

Player 1 Move (Score: 11900):
Current player: 2
[ ][ ][2][2][1][ ][ ]
[ ][ ][1][1][1][ ][ ]
[ ][ ][2][2][1][ ][ ]
[2][ ][1][2][2][1][1]
[1][ ][2][1][2][2][2]
[1][ ][2][2][1][1][1]

Player 2 Move (Score: 11900):
Current player: 1
[ ][ ][2][2][1][ ][ ]
[ ][ ][1][1][1][ ][ ]
[ ][ ][2][2][1][2][ ]
[2][ ][1][2][2][1][1]
[1][ ][2][1][2][2][2]
[1][ ][2][2][1][1][1]

Player 1 Move (Score: 10000):
Current player: 2
[ ][ ][2][2][1][ ][ ]
[ ][ ][1][1][1][ ][ ]
[1][ ][2][2][1][2][ ]
[2][ ][1][2][2][1][1]
[1][ ][2][1][2][2][2]
[1][ ][2][2][1][1][1]

Player 2 Move (Score: 10000):
Current player: 1
[ ][ ][2][2][1][ ][ ]
[ ][ ][1][1][1][2][ ]
[1][ ][2][2][1][2][ ]
[2][ ][1][2][2][1][1]
[1][ ][2][1][2][2][2]
[1][ ][2][2][1][1][1]

Player 1 Move (Score: 9900):
Current player: 2
[ ][ ][2][2][1][ ][ ]
[ ][ ][1][1][1][2][ ]
[1][ ][2][2][1][2][1]
[2][ ][1][2][2][1][1]
[1][ ][2][1][2][2][2]
[1][ ][2][2][1][1][1]

Player 2 Move (Score: 9900):
Current player: 1
[ ][ ][2][2][1][ ][ ]
[2][ ][1][1][1][2][ ]
[1][ ][2][2][1][2][1]
[2][ ][1][2][2][1][1]
[1][ ][2][1][2][2][2]
[1][ ][2][2][1][1][1]

Player 1 Move (Score: 10000):
Current player: 2
[1][ ][2][2][1][ ][ ]
[2][ ][1][1][1][2][ ]
[1][ ][2][2][1][2][1]
[2][ ][1][2][2][1][1]
[1][ ][2][1][2][2][2]
[1][ ][2][2][1][1][1]

Player 2 Move (Score: 10000):
Current player: 1
[1][ ][2][2][1][ ][ ]
[2][ ][1][1][1][2][2]
[1][ ][2][2][1][2][1]
[2][ ][1][2][2][1][1]
[1][ ][2][1][2][2][2]
[1][ ][2][2][1][1][1]

Player 1 Move (Score: 10000):
Current player: 2
[1][ ][2][2][1][ ][ ]
[2][ ][1][1][1][2][2]
[1][ ][2][2][1][2][1]
[2][ ][1][2][2][1][1]
[1][ ][2][1][2][2][2]
[1][1][2][2][1][1][1]

Player 2 Move (Score: 10000):
Current player: 1
[1][ ][2][2][1][2][ ]
[2][ ][1][1][1][2][2]
[1][ ][2][2][1][2][1]
[2][ ][1][2][2][1][1]
[1][ ][2][1][2][2][2]
[1][1][2][2][1][1][1]

Player 1 Move (Score: 10000):
Current player: 2
[1][ ][2][2][1][2][1]
[2][ ][1][1][1][2][2]
[1][ ][2][2][1][2][1]
[2][ ][1][2][2][1][1]
[1][ ][2][1][2][2][2]
[1][1][2][2][1][1][1]

Player 2 Move (Score: 10000):
Current player: 1
[1][ ][2][2][1][2][1]
[2][ ][1][1][1][2][2]
[1][ ][2][2][1][2][1]
[2][ ][1][2][2][1][1]
[1][2][2][1][2][2][2]
[1][1][2][2][1][1][1]

Player 1 Move (Score: -10000):
Current player: 2
[1][ ][2][2][1][2][1]
[2][ ][1][1][1][2][2]
[1][ ][2][2][1][2][1]
[2][1][1][2][2][1][1]
[1][2][2][1][2][2][2]
[1][1][2][2][1][1][1]

Player 2 Move (Score: -10000):
Current player: 1
[1][ ][2][2][1][2][1]
[2][ ][1][1][1][2][2]
[1][2][2][2][1][2][1]
[2][1][1][2][2][1][1]
[1][2][2][1][2][2][2]
[1][1][2][2][1][1][1]

Player 1 Move (Score: -2000000):
Current player: 2
[1][ ][2][2][1][2][1]
[2][1][1][1][1][2][2]
[1][2][2][2][1][2][1]
[2][1][1][2][2][1][1]
[1][2][2][1][2][2][2]
[1][1][2][2][1][1][1]

Result: Player 1 Wins

Simulating game 5/10 (Player 1 Depth: 2, Player 2 Depth: 1)
Player 1 Move (Score: 0):
Current player: 2
[ ][ ][ ][ ][ ][ ][ ]
[ ][ ][ ][ ][ ][ ][ ]
[ ][ ][ ][ ][ ][ ][ ]
[ ][ ][ ][ ][ ][ ][ ]
[ ][ ][ ][ ][ ][ ][ ]
[ ][ ][ ][ ][ ][1][ ]

Player 2 Move (Score: 0):
Current player: 1
[ ][ ][ ][ ][ ][ ][ ]
[ ][ ][ ][ ][ ][ ][ ]
[ ][ ][ ][ ][ ][ ][ ]
[ ][ ][ ][ ][ ][ ][ ]
[ ][ ][ ][ ][ ][ ][ ]
[2][ ][ ][ ][ ][1][ ]

Player 1 Move (Score: 0):
Current player: 2
[ ][ ][ ][ ][ ][ ][ ]
[ ][ ][ ][ ][ ][ ][ ]
[ ][ ][ ][ ][ ][ ][ ]
[ ][ ][ ][ ][ ][ ][ ]
[ ][ ][ ][ ][ ][1][ ]
[2][ ][ ][ ][ ][1][ ]

Player 2 Move (Score: 0):
Current player: 1
[ ][ ][ ][ ][ ][ ][ ]
[ ][ ][ ][ ][ ][ ][ ]
[ ][ ][ ][ ][ ][ ][ ]
[ ][ ][ ][ ][ ][2][ ]
[ ][ ][ ][ ][ ][1][ ]
[2][ ][ ][ ][ ][1][ ]

Player 1 Move (Score: 200):
Current player: 2
[ ][ ][ ][ ][ ][ ][ ]
[ ][ ][ ][ ][ ][ ][ ]
[ ][ ][ ][ ][ ][ ][ ]
[ ][ ][ ][ ][ ][2][ ]
[ ][ ][ ][ ][ ][1][ ]
[2][ ][ ][ ][ ][1][1]

Player 2 Move (Score: 200):
Current player: 1
[ ][ ][ ][ ][ ][ ][ ]
[ ][ ][ ][ ][ ][ ][ ]
[ ][ ][ ][ ][ ][ ][ ]
[ ][ ][ ][ ][ ][2][ ]
[ ][ ][ ][ ][ ][1][2]
[2][ ][ ][ ][ ][1][1]

Player 1 Move (Score: 100):
Current player: 2
[ ][ ][ ][ ][ ][ ][ ]
[ ][ ][ ][ ][ ][ ][ ]
[ ][ ][ ][ ][ ][ ][ ]
[ ][ ][ ][ ][ ][2][ ]
[ ][ ][ ][ ][ ][1][2]
[2][ ][ ][ ][1][1][1]

Player 2 Move (Score: 100):
Current player: 1
[ ][ ][ ][ ][ ][ ][ ]
[ ][ ][ ][ ][ ][ ][ ]
[ ][ ][ ][ ][ ][ ][ ]
[ ][ ][ ][ ][ ][2][ ]
[ ][ ][ ][ ][ ][1][2]
[2][ ][ ][2][1][1][1]

Player 1 Move (Score: 70):
Current player: 2
[ ][ ][ ][ ][ ][ ][ ]
[ ][ ][ ][ ][ ][ ][ ]
[ ][ ][ ][ ][ ][ ][ ]
[ ][ ][ ][ ][ ][2][ ]
[ ][ ][ ][ ][1][1][2]
[2][ ][ ][2][1][1][1]

Player 2 Move (Score: 70):
Current player: 1
[ ][ ][ ][ ][ ][ ][ ]
[ ][ ][ ][ ][ ][ ][ ]
[ ][ ][ ][ ][ ][ ][ ]
[ ][ ][ ][ ][2][2][ ]
[ ][ ][ ][ ][1][1][2]
[2][ ][ ][2][1][1][1]

Player 1 Move (Score: -9730):
Current player: 2
[ ][ ][ ][ ][ ][ ][ ]
[ ][ ][ ][ ][ ][ ][ ]
[ ][ ][ ][ ][ ][ ][ ]
[ ][ ][ ][ ][2][2][ ]
[ ][ ][ ][1][1][1][2]
[2][ ][ ][2][1][1][1]

Player 2 Move (Score: -9730):
Current player: 1
[ ][ ][ ][ ][ ][ ][ ]
[ ][ ][ ][ ][ ][ ][ ]
[ ][ ][ ][ ][2][ ][ ]
[ ][ ][ ][ ][2][2][ ]
[ ][ ][ ][1][1][1][2]
[2][ ][ ][2][1][1][1]

Player 1 Move (Score: 10500):
Current player: 2
[ ][ ][ ][ ][ ][ ][ ]
[ ][ ][ ][ ][ ][ ][ ]
[ ][ ][ ][ ][2][ ][ ]
[ ][ ][ ][1][2][2][ ]
[ ][ ][ ][1][1][1][2]
[2][ ][ ][2][1][1][1]

Player 2 Move (Score: 10500):
Current player: 1
[ ][ ][ ][ ][ ][ ][ ]
[ ][ ][ ][ ][2][ ][ ]
[ ][ ][ ][ ][2][ ][ ]
[ ][ ][ ][1][2][2][ ]
[ ][ ][ ][1][1][1][2]
[2][ ][ ][2][1][1][1]

Player 1 Move (Score: 19790):
Current player: 2
[ ][ ][ ][ ][1][ ][ ]
[ ][ ][ ][ ][2][ ][ ]
[ ][ ][ ][ ][2][ ][ ]
[ ][ ][ ][1][2][2][ ]
[ ][ ][ ][1][1][1][2]
[2][ ][ ][2][1][1][1]

Player 2 Move (Score: 19790):
Current player: 1
[ ][ ][ ][ ][1][ ][ ]
[ ][ ][ ][ ][2][ ][ ]
[ ][ ][ ][2][2][ ][ ]
[ ][ ][ ][1][2][2][ ]
[ ][ ][ ][1][1][1][2]
[2][ ][ ][2][1][1][1]

Player 1 Move (Score: 27940):
Current player: 2
[ ][ ][ ][ ][1][ ][ ]
[ ][ ][ ][1][2][ ][ ]
[ ][ ][ ][2][2][ ][ ]
[ ][ ][ ][1][2][2][ ]
[ ][ ][ ][1][1][1][2]
[2][ ][ ][2][1][1][1]

Player 2 Move (Score: 27940):
Current player: 1
[ ][ ][ ][ ][1][ ][ ]
[ ][ ][ ][1][2][ ][ ]
[ ][ ][ ][2][2][2][ ]
[ ][ ][ ][1][2][2][ ]
[ ][ ][ ][1][1][1][2]
[2][ ][ ][2][1][1][1]

Player 1 Move (Score: 18290):
Current player: 2
[ ][ ][ ][1][1][ ][ ]
[ ][ ][ ][1][2][ ][ ]
[ ][ ][ ][2][2][2][ ]
[ ][ ][ ][1][2][2][ ]
[ ][ ][ ][1][1][1][2]
[2][ ][ ][2][1][1][1]

Player 2 Move (Score: 18290):
Current player: 1
[ ][ ][ ][1][1][ ][ ]
[ ][ ][ ][1][2][2][ ]
[ ][ ][ ][2][2][2][ ]
[ ][ ][ ][1][2][2][ ]
[ ][ ][ ][1][1][1][2]
[2][ ][ ][2][1][1][1]

Player 1 Move (Score: 40300):
Current player: 2
[ ][ ][ ][1][1][1][ ]
[ ][ ][ ][1][2][2][ ]
[ ][ ][ ][2][2][2][ ]
[ ][ ][ ][1][2][2][ ]
[ ][ ][ ][1][1][1][2]
[2][ ][ ][2][1][1][1]

Player 2 Move (Score: 40300):
Current player: 1
[ ][ ][ ][1][1][1][ ]
[ ][ ][ ][1][2][2][ ]
[ ][ ][ ][2][2][2][ ]
[ ][ ][ ][1][2][2][ ]
[2][ ][ ][1][1][1][2]
[2][ ][ ][2][1][1][1]

Player 1 Move (Score: 40300):
Current player: 2
[ ][ ][ ][1][1][1][ ]
[ ][ ][ ][1][2][2][ ]
[ ][ ][ ][2][2][2][ ]
[1][ ][ ][1][2][2][ ]
[2][ ][ ][1][1][1][2]
[2][ ][ ][2][1][1][1]

Player 2 Move (Score: 40300):
Current player: 1
[ ][ ][ ][1][1][1][ ]
[ ][ ][ ][1][2][2][ ]
[ ][ ][ ][2][2][2][ ]
[1][ ][ ][1][2][2][2]
[2][ ][ ][1][1][1][2]
[2][ ][ ][2][1][1][1]

Player 1 Move (Score: 42400):
Current player: 2
[ ][ ][ ][1][1][1][ ]
[ ][ ][ ][1][2][2][ ]
[ ][ ][ ][2][2][2][1]
[1][ ][ ][1][2][2][2]
[2][ ][ ][1][1][1][2]
[2][ ][ ][2][1][1][1]

Player 2 Move (Score: 42400):
Current player: 1
[ ][ ][ ][1][1][1][ ]
[ ][ ][ ][1][2][2][ ]
[ ][ ][ ][2][2][2][1]
[1][ ][ ][1][2][2][2]
[2][ ][ ][1][1][1][2]
[2][2][ ][2][1][1][1]

Player 1 Move (Score: 32200):
Current player: 2
[ ][ ][ ][1][1][1][ ]
[ ][ ][ ][1][2][2][ ]
[ ][ ][ ][2][2][2][1]
[1][ ][ ][1][2][2][2]
[2][ ][ ][1][1][1][2]
[2][2][1][2][1][1][1]

Player 2 Move (Score: 32200):
Current player: 1
[ ][ ][ ][1][1][1][ ]
[ ][ ][ ][1][2][2][ ]
[ ][ ][ ][2][2][2][1]
[1][ ][ ][1][2][2][2]
[2][ ][2][1][1][1][2]
[2][2][1][2][1][1][1]

Player 1 Move (Score: 22300):
Current player: 2
[ ][ ][ ][1][1][1][ ]
[ ][ ][ ][1][2][2][ ]
[ ][ ][ ][2][2][2][1]
[1][ ][ ][1][2][2][2]
[2][1][2][1][1][1][2]
[2][2][1][2][1][1][1]

Player 2 Move (Score: 22300):
Current player: 1
[ ][ ][ ][1][1][1][ ]
[ ][ ][ ][1][2][2][ ]
[ ][ ][ ][2][2][2][1]
[1][2][ ][1][2][2][2]
[2][1][2][1][1][1][2]
[2][2][1][2][1][1][1]

Player 1 Move (Score: 32100):
Current player: 2
[ ][ ][ ][1][1][1][ ]
[ ][ ][ ][1][2][2][ ]
[1][ ][ ][2][2][2][1]
[1][2][ ][1][2][2][2]
[2][1][2][1][1][1][2]
[2][2][1][2][1][1][1]

Player 2 Move (Score: 32100):
Current player: 1
[ ][ ][ ][1][1][1][ ]
[ ][ ][ ][1][2][2][ ]
[1][ ][ ][2][2][2][1]
[1][2][2][1][2][2][2]
[2][1][2][1][1][1][2]
[2][2][1][2][1][1][1]

Player 1 Move (Score: -1998000):
Current player: 2
[ ][ ][ ][1][1][1][ ]
[ ][ ][ ][1][2][2][ ]
[1][1][ ][2][2][2][1]
[1][2][2][1][2][2][2]
[2][1][2][1][1][1][2]
[2][2][1][2][1][1][1]

Player 2 Move (Score: -1998000):
Current player: 1
[ ][ ][ ][1][1][1][ ]
[ ][ ][ ][1][2][2][ ]
[1][1][2][2][2][2][1]
[1][2][2][1][2][2][2]
[2][1][2][1][1][1][2]
[2][2][1][2][1][1][1]

Result: Player 2 Wins

Simulating game 6/10 (Player 1 Depth: 2, Player 2 Depth: 1)
Player 1 Move (Score: 0):
Current player: 2
[ ][ ][ ][ ][ ][ ][ ]
[ ][ ][ ][ ][ ][ ][ ]
[ ][ ][ ][ ][ ][ ][ ]
[ ][ ][ ][ ][ ][ ][ ]
[ ][ ][ ][ ][ ][ ][ ]
[ ][1][ ][ ][ ][ ][ ]

Player 2 Move (Score: 0):
Current player: 1
[ ][ ][ ][ ][ ][ ][ ]
[ ][ ][ ][ ][ ][ ][ ]
[ ][ ][ ][ ][ ][ ][ ]
[ ][ ][ ][ ][ ][ ][ ]
[ ][ ][ ][ ][ ][ ][ ]
[2][1][ ][ ][ ][ ][ ]

Player 1 Move (Score: 0):
Current player: 2
[ ][ ][ ][ ][ ][ ][ ]
[ ][ ][ ][ ][ ][ ][ ]
[ ][ ][ ][ ][ ][ ][ ]
[ ][ ][ ][ ][ ][ ][ ]
[ ][ ][ ][ ][ ][ ][ ]
[2][1][1][ ][ ][ ][ ]

Player 2 Move (Score: 0):
Current player: 1
[ ][ ][ ][ ][ ][ ][ ]
[ ][ ][ ][ ][ ][ ][ ]
[ ][ ][ ][ ][ ][ ][ ]
[ ][ ][ ][ ][ ][ ][ ]
[ ][2][ ][ ][ ][ ][ ]
[2][1][1][ ][ ][ ][ ]

Player 1 Move (Score: -100):
Current player: 2
[ ][ ][ ][ ][ ][ ][ ]
[ ][ ][ ][ ][ ][ ][ ]
[ ][ ][ ][ ][ ][ ][ ]
[ ][ ][ ][ ][ ][ ][ ]
[ ][2][ ][ ][ ][ ][ ]
[2][1][1][1][ ][ ][ ]

Player 2 Move (Score: -100):
Current player: 1
[ ][ ][ ][ ][ ][ ][ ]
[ ][ ][ ][ ][ ][ ][ ]
[ ][ ][ ][ ][ ][ ][ ]
[ ][ ][ ][ ][ ][ ][ ]
[ ][2][ ][ ][ ][ ][ ]
[2][1][1][1][2][ ][ ]

Player 1 Move (Score: 0):
Current player: 2
[ ][ ][ ][ ][ ][ ][ ]
[ ][ ][ ][ ][ ][ ][ ]
[ ][ ][ ][ ][ ][ ][ ]
[ ][ ][ ][ ][ ][ ][ ]
[ ][2][ ][1][ ][ ][ ]
[2][1][1][1][2][ ][ ]

Player 2 Move (Score: 0):
Current player: 1
[ ][ ][ ][ ][ ][ ][ ]
[ ][ ][ ][ ][ ][ ][ ]
[ ][ ][ ][ ][ ][ ][ ]
[ ][ ][ ][ ][ ][ ][ ]
[2][2][ ][1][ ][ ][ ]
[2][1][1][1][2][ ][ ]

Player 1 Move (Score: 0):
Current player: 2
[ ][ ][ ][ ][ ][ ][ ]
[ ][ ][ ][ ][ ][ ][ ]
[ ][ ][ ][ ][ ][ ][ ]
[ ][ ][ ][1][ ][ ][ ]
[2][2][ ][1][ ][ ][ ]
[2][1][1][1][2][ ][ ]

Player 2 Move (Score: 0):
Current player: 1
[ ][ ][ ][ ][ ][ ][ ]
[ ][ ][ ][ ][ ][ ][ ]
[ ][ ][ ][ ][ ][ ][ ]
[2][ ][ ][1][ ][ ][ ]
[2][2][ ][1][ ][ ][ ]
[2][1][1][1][2][ ][ ]

Player 1 Move (Score: 100):
Current player: 2
[ ][ ][ ][ ][ ][ ][ ]
[ ][ ][ ][ ][ ][ ][ ]
[1][ ][ ][ ][ ][ ][ ]
[2][ ][ ][1][ ][ ][ ]
[2][2][ ][1][ ][ ][ ]
[2][1][1][1][2][ ][ ]

Player 2 Move (Score: 100):
Current player: 1
[ ][ ][ ][ ][ ][ ][ ]
[ ][ ][ ][ ][ ][ ][ ]
[1][ ][ ][2][ ][ ][ ]
[2][ ][ ][1][ ][ ][ ]
[2][2][ ][1][ ][ ][ ]
[2][1][1][1][2][ ][ ]

Player 1 Move (Score: 210):
Current player: 2
[ ][ ][ ][ ][ ][ ][ ]
[ ][ ][ ][ ][ ][ ][ ]
[1][ ][ ][2][ ][ ][ ]
[2][ ][ ][1][ ][ ][ ]
[2][2][ ][1][1][ ][ ]
[2][1][1][1][2][ ][ ]

Player 2 Move (Score: 210):
Current player: 1
[ ][ ][ ][ ][ ][ ][ ]
[ ][ ][ ][ ][ ][ ][ ]
[1][ ][ ][2][ ][ ][ ]
[2][ ][ ][1][2][ ][ ]
[2][2][ ][1][1][ ][ ]
[2][1][1][1][2][ ][ ]

Player 1 Move (Score: 270):
Current player: 2
[ ][ ][ ][ ][ ][ ][ ]
[ ][ ][ ][ ][ ][ ][ ]
[1][ ][ ][2][1][ ][ ]
[2][ ][ ][1][2][ ][ ]
[2][2][ ][1][1][ ][ ]
[2][1][1][1][2][ ][ ]

Player 2 Move (Score: 270):
Current player: 1
[ ][ ][ ][ ][ ][ ][ ]
[ ][ ][ ][ ][2][ ][ ]
[1][ ][ ][2][1][ ][ ]
[2][ ][ ][1][2][ ][ ]
[2][2][ ][1][1][ ][ ]
[2][1][1][1][2][ ][ ]

Player 1 Move (Score: 340):
Current player: 2
[ ][ ][ ][ ][ ][ ][ ]
[ ][ ][ ][1][2][ ][ ]
[1][ ][ ][2][1][ ][ ]
[2][ ][ ][1][2][ ][ ]
[2][2][ ][1][1][ ][ ]
[2][1][1][1][2][ ][ ]

Player 2 Move (Score: 340):
Current player: 1
[ ][ ][ ][ ][ ][ ][ ]
[ ][ ][ ][1][2][ ][ ]
[1][ ][ ][2][1][ ][ ]
[2][ ][ ][1][2][ ][ ]
[2][2][ ][1][1][ ][ ]
[2][1][1][1][2][2][ ]

Player 1 Move (Score: 10430):
Current player: 2
[ ][ ][ ][ ][ ][ ][ ]
[ ][ ][ ][1][2][ ][ ]
[1][ ][ ][2][1][ ][ ]
[2][ ][ ][1][2][ ][ ]
[2][2][ ][1][1][1][ ]
[2][1][1][1][2][2][ ]

Player 2 Move (Score: 10430):
Current player: 1
[ ][ ][ ][ ][ ][ ][ ]
[ ][ ][ ][1][2][ ][ ]
[1][ ][ ][2][1][ ][ ]
[2][ ][ ][1][2][ ][ ]
[2][2][2][1][1][1][ ]
[2][1][1][1][2][2][ ]

Player 1 Move (Score: 10500):
Current player: 2
[ ][ ][ ][ ][ ][ ][ ]
[ ][ ][ ][1][2][ ][ ]
[1][ ][ ][2][1][ ][ ]
[2][ ][1][1][2][ ][ ]
[2][2][2][1][1][1][ ]
[2][1][1][1][2][2][ ]

Player 2 Move (Score: 10500):
Current player: 1
[ ][ ][ ][ ][ ][ ][ ]
[ ][ ][ ][1][2][ ][ ]
[1][ ][ ][2][1][ ][ ]
[2][ ][1][1][2][2][ ]
[2][2][2][1][1][1][ ]
[2][1][1][1][2][2][ ]

Player 1 Move (Score: 20700):
Current player: 2
[ ][ ][ ][ ][ ][ ][ ]
[ ][ ][ ][1][2][ ][ ]
[1][ ][1][2][1][ ][ ]
[2][ ][1][1][2][2][ ]
[2][2][2][1][1][1][ ]
[2][1][1][1][2][2][ ]

Player 2 Move (Score: 20700):
Current player: 1
[ ][ ][ ][ ][ ][ ][ ]
[ ][ ][2][1][2][ ][ ]
[1][ ][1][2][1][ ][ ]
[2][ ][1][1][2][2][ ]
[2][2][2][1][1][1][ ]
[2][1][1][1][2][2][ ]

Player 1 Move (Score: 20500):
Current player: 2
[ ][ ][ ][ ][ ][ ][ ]
[ ][ ][2][1][2][ ][ ]
[1][ ][1][2][1][ ][ ]
[2][1][1][1][2][2][ ]
[2][2][2][1][1][1][ ]
[2][1][1][1][2][2][ ]

Player 2 Move (Score: 20500):
Current player: 1
[ ][ ][ ][ ][2][ ][ ]
[ ][ ][2][1][2][ ][ ]
[1][ ][1][2][1][ ][ ]
[2][1][1][1][2][2][ ]
[2][2][2][1][1][1][ ]
[2][1][1][1][2][2][ ]

Player 1 Move (Score: 20400):
Current player: 2
[ ][ ][ ][ ][2][ ][ ]
[ ][ ][2][1][2][ ][ ]
[1][ ][1][2][1][1][ ]
[2][1][1][1][2][2][ ]
[2][2][2][1][1][1][ ]
[2][1][1][1][2][2][ ]

Player 2 Move (Score: 10400):
Current player: 1
[ ][ ][ ][ ][2][ ][ ]
[ ][ ][2][1][2][ ][ ]
[1][2][1][2][1][1][ ]
[2][1][1][1][2][2][ ]
[2][2][2][1][1][1][ ]
[2][1][1][1][2][2][ ]

Player 1 Move (Score: 300):
Current player: 2
[ ][ ][ ][1][2][ ][ ]
[ ][ ][2][1][2][ ][ ]
[1][2][1][2][1][1][ ]
[2][1][1][1][2][2][ ]
[2][2][2][1][1][1][ ]
[2][1][1][1][2][2][ ]

Player 2 Move (Score: 300):
Current player: 1
[ ][ ][ ][1][2][ ][ ]
[ ][2][2][1][2][ ][ ]
[1][2][1][2][1][1][ ]
[2][1][1][1][2][2][ ]
[2][2][2][1][1][1][ ]
[2][1][1][1][2][2][ ]

Player 1 Move (Score: 10000):
Current player: 2
[ ][1][ ][1][2][ ][ ]
[ ][2][2][1][2][ ][ ]
[1][2][1][2][1][1][ ]
[2][1][1][1][2][2][ ]
[2][2][2][1][1][1][ ]
[2][1][1][1][2][2][ ]

Player 2 Move (Score: 10000):
Current player: 1
[ ][1][ ][1][2][ ][ ]
[ ][2][2][1][2][2][ ]
[1][2][1][2][1][1][ ]
[2][1][1][1][2][2][ ]
[2][2][2][1][1][1][ ]
[2][1][1][1][2][2][ ]

Player 1 Move (Score: 20000):
Current player: 2
[ ][1][1][1][2][ ][ ]
[ ][2][2][1][2][2][ ]
[1][2][1][2][1][1][ ]
[2][1][1][1][2][2][ ]
[2][2][2][1][1][1][ ]
[2][1][1][1][2][2][ ]

Player 2 Move (Score: 20000):
Current player: 1
[ ][1][1][1][2][2][ ]
[ ][2][2][1][2][2][ ]
[1][2][1][2][1][1][ ]
[2][1][1][1][2][2][ ]
[2][2][2][1][1][1][ ]
[2][1][1][1][2][2][ ]

Player 1 Move (Score: 10000):
Current player: 2
[ ][1][1][1][2][2][ ]
[1][2][2][1][2][2][ ]
[1][2][1][2][1][1][ ]
[2][1][1][1][2][2][ ]
[2][2][2][1][1][1][ ]
[2][1][1][1][2][2][ ]

Player 2 Move (Score: 10000):
Current player: 1
[2][1][1][1][2][2][ ]
[1][2][2][1][2][2][ ]
[1][2][1][2][1][1][ ]
[2][1][1][1][2][2][ ]
[2][2][2][1][1][1][ ]
[2][1][1][1][2][2][ ]

Player 1 Move (Score: 0):
Current player: 2
[2][1][1][1][2][2][ ]
[1][2][2][1][2][2][ ]
[1][2][1][2][1][1][ ]
[2][1][1][1][2][2][ ]
[2][2][2][1][1][1][ ]
[2][1][1][1][2][2][1]

Player 2 Move (Score: 0):
Current player: 1
[2][1][1][1][2][2][ ]
[1][2][2][1][2][2][ ]
[1][2][1][2][1][1][ ]
[2][1][1][1][2][2][ ]
[2][2][2][1][1][1][2]
[2][1][1][1][2][2][1]

Player 1 Move (Score: 0):
Current player: 2
[2][1][1][1][2][2][ ]
[1][2][2][1][2][2][ ]
[1][2][1][2][1][1][ ]
[2][1][1][1][2][2][1]
[2][2][2][1][1][1][2]
[2][1][1][1][2][2][1]

Player 2 Move (Score: 0):
Current player: 1
[2][1][1][1][2][2][ ]
[1][2][2][1][2][2][ ]
[1][2][1][2][1][1][2]
[2][1][1][1][2][2][1]
[2][2][2][1][1][1][2]
[2][1][1][1][2][2][1]

Player 1 Move (Score: 0):
Current player: 2
[2][1][1][1][2][2][ ]
[1][2][2][1][2][2][1]
[1][2][1][2][1][1][2]
[2][1][1][1][2][2][1]
[2][2][2][1][1][1][2]
[2][1][1][1][2][2][1]

Player 2 Move (Score: 0):
Current player: 1
[2][1][1][1][2][2][2]
[1][2][2][1][2][2][1]
[1][2][1][2][1][1][2]
[2][1][1][1][2][2][1]
[2][2][2][1][1][1][2]
[2][1][1][1][2][2][1]

Result: Draw

Simulating game 7/10 (Player 1 Depth: 2, Player 2 Depth: 1)
Player 1 Move (Score: 0):
Current player: 2
[ ][ ][ ][ ][ ][ ][ ]
[ ][ ][ ][ ][ ][ ][ ]
[ ][ ][ ][ ][ ][ ][ ]
[ ][ ][ ][ ][ ][ ][ ]
[ ][ ][ ][ ][ ][ ][ ]
[ ][ ][ ][ ][ ][ ][1]

Player 2 Move (Score: 0):
Current player: 1
[ ][ ][ ][ ][ ][ ][ ]
[ ][ ][ ][ ][ ][ ][ ]
[ ][ ][ ][ ][ ][ ][ ]
[ ][ ][ ][ ][ ][ ][ ]
[ ][ ][ ][ ][ ][ ][ ]
[ ][ ][ ][ ][ ][2][1]

Player 1 Move (Score: 200):
Current player: 2
[ ][ ][ ][ ][ ][ ][ ]
[ ][ ][ ][ ][ ][ ][ ]
[ ][ ][ ][ ][ ][ ][ ]
[ ][ ][ ][ ][ ][ ][ ]
[ ][ ][ ][ ][ ][1][ ]
[ ][ ][ ][ ][ ][2][1]

Player 2 Move (Score: 200):
Current player: 1
[ ][ ][ ][ ][ ][ ][ ]
[ ][ ][ ][ ][ ][ ][ ]
[ ][ ][ ][ ][ ][ ][ ]
[ ][ ][ ][ ][ ][ ][ ]
[ ][ ][ ][ ][ ][1][ ]
[ ][ ][ ][ ][2][2][1]

Player 1 Move (Score: -100):
Current player: 2
[ ][ ][ ][ ][ ][ ][ ]
[ ][ ][ ][ ][ ][ ][ ]
[ ][ ][ ][ ][ ][ ][ ]
[ ][ ][ ][ ][ ][ ][ ]
[ ][ ][ ][ ][ ][1][ ]
[ ][ ][1][ ][2][2][1]

Player 2 Move (Score: -100):
Current player: 1
[ ][ ][ ][ ][ ][ ][ ]
[ ][ ][ ][ ][ ][ ][ ]
[ ][ ][ ][ ][ ][ ][ ]
[ ][ ][ ][ ][ ][ ][ ]
[ ][ ][ ][ ][2][1][ ]
[ ][ ][1][ ][2][2][1]

Player 1 Move (Score: 29800):
Current player: 2
[ ][ ][ ][ ][ ][ ][ ]
[ ][ ][ ][ ][ ][ ][ ]
[ ][ ][ ][ ][ ][ ][ ]
[ ][ ][ ][ ][1][ ][ ]
[ ][ ][ ][ ][2][1][ ]
[ ][ ][1][ ][2][2][1]

Player 2 Move (Score: 29800):
Current player: 1
[ ][ ][ ][ ][ ][ ][ ]
[ ][ ][ ][ ][ ][ ][ ]
[ ][ ][ ][ ][ ][ ][ ]
[ ][ ][ ][ ][1][ ][ ]
[ ][ ][ ][ ][2][1][ ]
[ ][ ][1][2][2][2][1]

Player 1 Move (Score: 29730):
Current player: 2
[ ][ ][ ][ ][ ][ ][ ]
[ ][ ][ ][ ][ ][ ][ ]
[ ][ ][ ][ ][ ][ ][ ]
[ ][ ][ ][ ][1][1][ ]
[ ][ ][ ][ ][2][1][ ]
[ ][ ][1][2][2][2][1]

Player 2 Move (Score: 29730):
Current player: 1
[ ][ ][ ][ ][ ][ ][ ]
[ ][ ][ ][ ][ ][ ][ ]
[ ][ ][ ][ ][ ][ ][ ]
[ ][ ][ ][ ][1][1][ ]
[ ][ ][ ][2][2][1][ ]
[ ][ ][1][2][2][2][1]

Player 1 Move (Score: 11900):
Current player: 2
[ ][ ][ ][ ][ ][ ][ ]
[ ][ ][ ][ ][ ][ ][ ]
[ ][ ][ ][ ][ ][ ][ ]
[ ][ ][ ][1][1][1][ ]
[ ][ ][ ][2][2][1][ ]
[ ][ ][1][2][2][2][1]

Player 2 Move (Score: 11900):
Current player: 1
[ ][ ][ ][ ][ ][ ][ ]
[ ][ ][ ][ ][ ][ ][ ]
[ ][ ][ ][2][ ][ ][ ]
[ ][ ][ ][1][1][1][ ]
[ ][ ][ ][2][2][1][ ]
[ ][ ][1][2][2][2][1]

Player 1 Move (Score: 11800):
Current player: 2
[ ][ ][ ][ ][ ][ ][ ]
[ ][ ][ ][ ][ ][ ][ ]
[ ][ ][ ][2][ ][1][ ]
[ ][ ][ ][1][1][1][ ]
[ ][ ][ ][2][2][1][ ]
[ ][ ][1][2][2][2][1]

Player 2 Move (Score: 11800):
Current player: 1
[ ][ ][ ][ ][ ][ ][ ]
[ ][ ][ ][ ][ ][ ][ ]
[ ][ ][ ][2][ ][1][ ]
[ ][ ][ ][1][1][1][ ]
[ ][ ][2][2][2][1][ ]
[ ][ ][1][2][2][2][1]

Player 1 Move (Score: -10050):
Current player: 2
[ ][ ][ ][ ][ ][ ][ ]
[ ][ ][ ][ ][ ][ ][ ]
[ ][ ][ ][2][1][1][ ]
[ ][ ][ ][1][1][1][ ]
[ ][ ][2][2][2][1][ ]
[ ][ ][1][2][2][2][1]

Player 2 Move (Score: -10050):
Current player: 1
[ ][ ][ ][ ][ ][ ][ ]
[ ][ ][ ][ ][ ][ ][ ]
[ ][ ][ ][2][1][1][ ]
[ ][ ][2][1][1][1][ ]
[ ][ ][2][2][2][1][ ]
[ ][ ][1][2][2][2][1]

Player 1 Move (Score: -10170):
Current player: 2
[ ][ ][ ][ ][ ][ ][ ]
[ ][ ][ ][ ][1][ ][ ]
[ ][ ][ ][2][1][1][ ]
[ ][ ][2][1][1][1][ ]
[ ][ ][2][2][2][1][ ]
[ ][ ][1][2][2][2][1]

Player 2 Move (Score: -10170):
Current player: 1
[ ][ ][ ][ ][ ][ ][ ]
[ ][ ][ ][ ][1][2][ ]
[ ][ ][ ][2][1][1][ ]
[ ][ ][2][1][1][1][ ]
[ ][ ][2][2][2][1][ ]
[ ][ ][1][2][2][2][1]

Player 1 Move (Score: -300):
Current player: 2
[ ][ ][ ][ ][ ][ ][ ]
[ ][ ][ ][1][1][2][ ]
[ ][ ][ ][2][1][1][ ]
[ ][ ][2][1][1][1][ ]
[ ][ ][2][2][2][1][ ]
[ ][ ][1][2][2][2][1]

Player 2 Move (Score: -300):
Current player: 1
[ ][ ][ ][ ][ ][ ][ ]
[ ][ ][ ][1][1][2][ ]
[ ][ ][ ][2][1][1][ ]
[ ][ ][2][1][1][1][ ]
[ ][ ][2][2][2][1][2]
[ ][ ][1][2][2][2][1]

Player 1 Move (Score: -10070):
Current player: 2
[ ][ ][ ][ ][ ][ ][ ]
[ ][ ][ ][1][1][2][ ]
[ ][ ][1][2][1][1][ ]
[ ][ ][2][1][1][1][ ]
[ ][ ][2][2][2][1][2]
[ ][ ][1][2][2][2][1]

Player 2 Move (Score: -10070):
Current player: 1
[ ][ ][ ][ ][ ][ ][ ]
[ ][ ][ ][1][1][2][ ]
[ ][ ][1][2][1][1][ ]
[ ][ ][2][1][1][1][2]
[ ][ ][2][2][2][1][2]
[ ][ ][1][2][2][2][1]

Player 1 Move (Score: -10200):
Current player: 2
[ ][ ][ ][ ][ ][ ][ ]
[ ][ ][1][1][1][2][ ]
[ ][ ][1][2][1][1][ ]
[ ][ ][2][1][1][1][2]
[ ][ ][2][2][2][1][2]
[ ][ ][1][2][2][2][1]

Player 2 Move (Score: -10200):
Current player: 1
[ ][ ][ ][ ][2][ ][ ]
[ ][ ][1][1][1][2][ ]
[ ][ ][1][2][1][1][ ]
[ ][ ][2][1][1][1][2]
[ ][ ][2][2][2][1][2]
[ ][ ][1][2][2][2][1]

Player 1 Move (Score: -20100):
Current player: 2
[ ][ ][ ][1][2][ ][ ]
[ ][ ][1][1][1][2][ ]
[ ][ ][1][2][1][1][ ]
[ ][ ][2][1][1][1][2]
[ ][ ][2][2][2][1][2]
[ ][ ][1][2][2][2][1]

Player 2 Move (Score: -20100):
Current player: 1
[ ][ ][ ][1][2][ ][ ]
[ ][ ][1][1][1][2][ ]
[ ][ ][1][2][1][1][2]
[ ][ ][2][1][1][1][2]
[ ][ ][2][2][2][1][2]
[ ][ ][1][2][2][2][1]

Player 1 Move (Score: -20000):
Current player: 2
[ ][ ][ ][1][2][ ][ ]
[ ][ ][1][1][1][2][1]
[ ][ ][1][2][1][1][2]
[ ][ ][2][1][1][1][2]
[ ][ ][2][2][2][1][2]
[ ][ ][1][2][2][2][1]

Player 2 Move (Score: -20000):
Current player: 1
[ ][ ][2][1][2][ ][ ]
[ ][ ][1][1][1][2][1]
[ ][ ][1][2][1][1][2]
[ ][ ][2][1][1][1][2]
[ ][ ][2][2][2][1][2]
[ ][ ][1][2][2][2][1]

Player 1 Move (Score: -19900):
Current player: 2
[ ][ ][2][1][2][ ][1]
[ ][ ][1][1][1][2][1]
[ ][ ][1][2][1][1][2]
[ ][ ][2][1][1][1][2]
[ ][ ][2][2][2][1][2]
[ ][ ][1][2][2][2][1]

Player 2 Move (Score: -20000):
Current player: 1
[ ][ ][2][1][2][ ][1]
[ ][ ][1][1][1][2][1]
[ ][ ][1][2][1][1][2]
[ ][ ][2][1][1][1][2]
[ ][ ][2][2][2][1][2]
[ ][2][1][2][2][2][1]

Player 1 Move (Score: -19800):
Current player: 2
[ ][ ][2][1][2][ ][1]
[ ][ ][1][1][1][2][1]
[ ][ ][1][2][1][1][2]
[ ][ ][2][1][1][1][2]
[ ][1][2][2][2][1][2]
[ ][2][1][2][2][2][1]

Player 2 Move (Score: -19800):
Current player: 1
[ ][ ][2][1][2][ ][1]
[ ][ ][1][1][1][2][1]
[ ][ ][1][2][1][1][2]
[ ][2][2][1][1][1][2]
[ ][1][2][2][2][1][2]
[ ][2][1][2][2][2][1]

Player 1 Move (Score: 0):
Current player: 2
[ ][ ][2][1][2][ ][1]
[ ][ ][1][1][1][2][1]
[ ][1][1][2][1][1][2]
[ ][2][2][1][1][1][2]
[ ][1][2][2][2][1][2]
[ ][2][1][2][2][2][1]

Player 2 Move (Score: 0):
Current player: 1
[ ][ ][2][1][2][ ][1]
[ ][2][1][1][1][2][1]
[ ][1][1][2][1][1][2]
[ ][2][2][1][1][1][2]
[ ][1][2][2][2][1][2]
[ ][2][1][2][2][2][1]

Player 1 Move (Score: 0):
Current player: 2
[ ][ ][2][1][2][1][1]
[ ][2][1][1][1][2][1]
[ ][1][1][2][1][1][2]
[ ][2][2][1][1][1][2]
[ ][1][2][2][2][1][2]
[ ][2][1][2][2][2][1]

Player 2 Move (Score: 0):
Current player: 1
[ ][2][2][1][2][1][1]
[ ][2][1][1][1][2][1]
[ ][1][1][2][1][1][2]
[ ][2][2][1][1][1][2]
[ ][1][2][2][2][1][2]
[ ][2][1][2][2][2][1]

Player 1 Move (Score: 0):
Current player: 2
[ ][2][2][1][2][1][1]
[ ][2][1][1][1][2][1]
[ ][1][1][2][1][1][2]
[ ][2][2][1][1][1][2]
[ ][1][2][2][2][1][2]
[1][2][1][2][2][2][1]

Player 2 Move (Score: 0):
Current player: 1
[ ][2][2][1][2][1][1]
[ ][2][1][1][1][2][1]
[ ][1][1][2][1][1][2]
[ ][2][2][1][1][1][2]
[2][1][2][2][2][1][2]
[1][2][1][2][2][2][1]

Player 1 Move (Score: -1990000):
Current player: 2
[ ][2][2][1][2][1][1]
[ ][2][1][1][1][2][1]
[ ][1][1][2][1][1][2]
[1][2][2][1][1][1][2]
[2][1][2][2][2][1][2]
[1][2][1][2][2][2][1]

Result: Player 1 Wins

Simulating game 8/10 (Player 1 Depth: 2, Player 2 Depth: 1)
Player 1 Move (Score: 0):
Current player: 2
[ ][ ][ ][ ][ ][ ][ ]
[ ][ ][ ][ ][ ][ ][ ]
[ ][ ][ ][ ][ ][ ][ ]
[ ][ ][ ][ ][ ][ ][ ]
[ ][ ][ ][ ][ ][ ][ ]
[ ][ ][ ][ ][ ][1][ ]

Player 2 Move (Score: 0):
Current player: 1
[ ][ ][ ][ ][ ][ ][ ]
[ ][ ][ ][ ][ ][ ][ ]
[ ][ ][ ][ ][ ][ ][ ]
[ ][ ][ ][ ][ ][ ][ ]
[ ][ ][ ][ ][ ][ ][ ]
[ ][2][ ][ ][ ][1][ ]

Player 1 Move (Score: 0):
Current player: 2
[ ][ ][ ][ ][ ][ ][ ]
[ ][ ][ ][ ][ ][ ][ ]
[ ][ ][ ][ ][ ][ ][ ]
[ ][ ][ ][ ][ ][ ][ ]
[ ][ ][ ][ ][ ][ ][ ]
[ ][2][ ][ ][ ][1][1]

Player 2 Move (Score: -30):
Current player: 1
[ ][ ][ ][ ][ ][ ][ ]
[ ][ ][ ][ ][ ][ ][ ]
[ ][ ][ ][ ][ ][ ][ ]
[ ][ ][ ][ ][ ][ ][ ]
[ ][ ][ ][ ][ ][ ][ ]
[ ][2][2][ ][ ][1][1]

Player 1 Move (Score: -200):
Current player: 2
[ ][ ][ ][ ][ ][ ][ ]
[ ][ ][ ][ ][ ][ ][ ]
[ ][ ][ ][ ][ ][ ][ ]
[ ][ ][ ][ ][ ][ ][ ]
[ ][ ][ ][ ][ ][ ][ ]
[ ][2][2][1][ ][1][1]

Player 2 Move (Score: -200):
Current player: 1
[ ][ ][ ][ ][ ][ ][ ]
[ ][ ][ ][ ][ ][ ][ ]
[ ][ ][ ][ ][ ][ ][ ]
[ ][ ][ ][ ][ ][ ][ ]
[ ][ ][2][ ][ ][ ][ ]
[ ][2][2][1][ ][1][1]

Player 1 Move (Score: -350):
Current player: 2
[ ][ ][ ][ ][ ][ ][ ]
[ ][ ][ ][ ][ ][ ][ ]
[ ][ ][ ][ ][ ][ ][ ]
[ ][ ][1][ ][ ][ ][ ]
[ ][ ][2][ ][ ][ ][ ]
[ ][2][2][1][ ][1][1]

Player 2 Move (Score: -350):
Current player: 1
[ ][ ][ ][ ][ ][ ][ ]
[ ][ ][ ][ ][ ][ ][ ]
[ ][ ][ ][ ][ ][ ][ ]
[ ][ ][1][ ][ ][ ][ ]
[ ][ ][2][2][ ][ ][ ]
[ ][2][2][1][ ][1][1]

Player 1 Move (Score: -10270):
Current player: 2
[ ][ ][ ][ ][ ][ ][ ]
[ ][ ][ ][ ][ ][ ][ ]
[ ][ ][ ][ ][ ][ ][ ]
[ ][ ][1][ ][ ][ ][ ]
[ ][1][2][2][ ][ ][ ]
[ ][2][2][1][ ][1][1]

Player 2 Move (Score: -10270):
Current player: 1
[ ][ ][ ][ ][ ][ ][ ]
[ ][ ][ ][ ][ ][ ][ ]
[ ][ ][ ][ ][ ][ ][ ]
[ ][ ][1][2][ ][ ][ ]
[ ][1][2][2][ ][ ][ ]
[ ][2][2][1][ ][1][1]

Player 1 Move (Score: 9900):
Current player: 2
[ ][ ][ ][ ][ ][ ][ ]
[ ][ ][ ][ ][ ][ ][ ]
[ ][ ][ ][1][ ][ ][ ]
[ ][ ][1][2][ ][ ][ ]
[ ][1][2][2][ ][ ][ ]
[ ][2][2][1][ ][1][1]

Player 2 Move (Score: 9900):
Current player: 1
[ ][ ][ ][ ][ ][ ][ ]
[ ][ ][ ][ ][ ][ ][ ]
[ ][ ][ ][1][ ][ ][ ]
[ ][ ][1][2][ ][ ][ ]
[ ][1][2][2][ ][ ][ ]
[2][2][2][1][ ][1][1]

Player 1 Move (Score: 10050):
Current player: 2
[ ][ ][ ][ ][ ][ ][ ]
[ ][ ][ ][ ][ ][ ][ ]
[ ][ ][1][1][ ][ ][ ]
[ ][ ][1][2][ ][ ][ ]
[ ][1][2][2][ ][ ][ ]
[2][2][2][1][ ][1][1]

Player 2 Move (Score: 10050):
Current player: 1
[ ][ ][ ][ ][ ][ ][ ]
[ ][ ][2][ ][ ][ ][ ]
[ ][ ][1][1][ ][ ][ ]
[ ][ ][1][2][ ][ ][ ]
[ ][1][2][2][ ][ ][ ]
[2][2][2][1][ ][1][1]

Player 1 Move (Score: 10100):
Current player: 2
[ ][ ][ ][ ][ ][ ][ ]
[ ][ ][2][ ][ ][ ][ ]
[ ][ ][1][1][ ][ ][ ]
[ ][ ][1][2][ ][ ][ ]
[ ][1][2][2][ ][1][ ]
[2][2][2][1][ ][1][1]

Player 2 Move (Score: 10100):
Current player: 1
[ ][ ][ ][ ][ ][ ][ ]
[ ][ ][2][2][ ][ ][ ]
[ ][ ][1][1][ ][ ][ ]
[ ][ ][1][2][ ][ ][ ]
[ ][1][2][2][ ][1][ ]
[2][2][2][1][ ][1][1]

Player 1 Move (Score: 10100):
Current player: 2
[ ][ ][ ][ ][ ][ ][ ]
[ ][ ][2][2][ ][ ][ ]
[ ][ ][1][1][ ][ ][ ]
[ ][ ][1][2][ ][ ][ ]
[ ][1][2][2][ ][1][1]
[2][2][2][1][ ][1][1]

Player 2 Move (Score: 10100):
Current player: 1
[ ][ ][ ][2][ ][ ][ ]
[ ][ ][2][2][ ][ ][ ]
[ ][ ][1][1][ ][ ][ ]
[ ][ ][1][2][ ][ ][ ]
[ ][1][2][2][ ][1][1]
[2][2][2][1][ ][1][1]

Player 1 Move (Score: 10080):
Current player: 2
[ ][ ][ ][2][ ][ ][ ]
[ ][ ][2][2][ ][ ][ ]
[ ][ ][1][1][ ][ ][ ]
[ ][ ][1][2][ ][1][ ]
[ ][1][2][2][ ][1][1]
[2][2][2][1][ ][1][1]

Player 2 Move (Score: 10080):
Current player: 1
[ ][ ][ ][2][ ][ ][ ]
[ ][ ][2][2][ ][ ][ ]
[ ][ ][1][1][ ][2][ ]
[ ][ ][1][2][ ][1][ ]
[ ][1][2][2][ ][1][1]
[2][2][2][1][ ][1][1]

Player 1 Move (Score: 10000):
Current player: 2
[ ][ ][ ][2][ ][ ][ ]
[ ][ ][2][2][ ][1][ ]
[ ][ ][1][1][ ][2][ ]
[ ][ ][1][2][ ][1][ ]
[ ][1][2][2][ ][1][1]
[2][2][2][1][ ][1][1]

Player 2 Move (Score: 10000):
Current player: 1
[ ][ ][ ][2][ ][2][ ]
[ ][ ][2][2][ ][1][ ]
[ ][ ][1][1][ ][2][ ]
[ ][ ][1][2][ ][1][ ]
[ ][1][2][2][ ][1][1]
[2][2][2][1][ ][1][1]

Player 1 Move (Score: 9900):
Current player: 2
[ ][ ][ ][2][ ][2][ ]
[ ][ ][2][2][ ][1][ ]
[ ][ ][1][1][ ][2][ ]
[ ][ ][1][2][ ][1][1]
[ ][1][2][2][ ][1][1]
[2][2][2][1][ ][1][1]

Player 2 Move (Score: 9900):
Current player: 1
[ ][ ][ ][2][ ][2][ ]
[ ][ ][2][2][ ][1][ ]
[ ][ ][1][1][ ][2][2]
[ ][ ][1][2][ ][1][1]
[ ][1][2][2][ ][1][1]
[2][2][2][1][ ][1][1]

Player 1 Move (Score: 9800):
Current player: 2
[ ][ ][1][2][ ][2][ ]
[ ][ ][2][2][ ][1][ ]
[ ][ ][1][1][ ][2][2]
[ ][ ][1][2][ ][1][1]
[ ][1][2][2][ ][1][1]
[2][2][2][1][ ][1][1]

Player 2 Move (Score: 9800):
Current player: 1
[ ][ ][1][2][ ][2][ ]
[ ][ ][2][2][ ][1][ ]
[ ][ ][1][1][ ][2][2]
[ ][ ][1][2][ ][1][1]
[2][1][2][2][ ][1][1]
[2][2][2][1][ ][1][1]

Player 1 Move (Score: 9970):
Current player: 2
[ ][ ][1][2][ ][2][ ]
[ ][ ][2][2][ ][1][ ]
[ ][ ][1][1][ ][2][2]
[1][ ][1][2][ ][1][1]
[2][1][2][2][ ][1][1]
[2][2][2][1][ ][1][1]

Player 2 Move (Score: 9970):
Current player: 1
[ ][ ][1][2][ ][2][ ]
[ ][ ][2][2][ ][1][ ]
[2][ ][1][1][ ][2][2]
[1][ ][1][2][ ][1][1]
[2][1][2][2][ ][1][1]
[2][2][2][1][ ][1][1]

Player 1 Move (Score: 10000):
Current player: 2
[ ][ ][1][2][ ][2][ ]
[ ][ ][2][2][ ][1][1]
[2][ ][1][1][ ][2][2]
[1][ ][1][2][ ][1][1]
[2][1][2][2][ ][1][1]
[2][2][2][1][ ][1][1]

Player 2 Move (Score: 9970):
Current player: 1
[ ][ ][1][2][ ][2][ ]
[ ][ ][2][2][ ][1][1]
[2][ ][1][1][ ][2][2]
[1][2][1][2][ ][1][1]
[2][1][2][2][ ][1][1]
[2][2][2][1][ ][1][1]

Player 1 Move (Score: 9800):
Current player: 2
[ ][ ][1][2][ ][2][ ]
[1][ ][2][2][ ][1][1]
[2][ ][1][1][ ][2][2]
[1][2][1][2][ ][1][1]
[2][1][2][2][ ][1][1]
[2][2][2][1][ ][1][1]

Player 2 Move (Score: 9800):
Current player: 1
[ ][ ][1][2][ ][2][ ]
[1][ ][2][2][ ][1][1]
[2][2][1][1][ ][2][2]
[1][2][1][2][ ][1][1]
[2][1][2][2][ ][1][1]
[2][2][2][1][ ][1][1]

Player 1 Move (Score: 10000):
Current player: 2
[ ][ ][1][2][ ][2][ ]
[1][1][2][2][ ][1][1]
[2][2][1][1][ ][2][2]
[1][2][1][2][ ][1][1]
[2][1][2][2][ ][1][1]
[2][2][2][1][ ][1][1]

Player 2 Move (Score: 10000):
Current player: 1
[ ][ ][1][2][ ][2][2]
[1][1][2][2][ ][1][1]
[2][2][1][1][ ][2][2]
[1][2][1][2][ ][1][1]
[2][1][2][2][ ][1][1]
[2][2][2][1][ ][1][1]

Player 1 Move (Score: 10000):
Current player: 2
[ ][1][1][2][ ][2][2]
[1][1][2][2][ ][1][1]
[2][2][1][1][ ][2][2]
[1][2][1][2][ ][1][1]
[2][1][2][2][ ][1][1]
[2][2][2][1][ ][1][1]

Player 2 Move (Score: 10000):
Current player: 1
[ ][1][1][2][ ][2][2]
[1][1][2][2][ ][1][1]
[2][2][1][1][ ][2][2]
[1][2][1][2][ ][1][1]
[2][1][2][2][ ][1][1]
[2][2][2][1][2][1][1]

Player 1 Move (Score: 9900):
Current player: 2
[1][1][1][2][ ][2][2]
[1][1][2][2][ ][1][1]
[2][2][1][1][ ][2][2]
[1][2][1][2][ ][1][1]
[2][1][2][2][ ][1][1]
[2][2][2][1][2][1][1]

Player 2 Move (Score: 9900):
Current player: 1
[1][1][1][2][ ][2][2]
[1][1][2][2][ ][1][1]
[2][2][1][1][ ][2][2]
[1][2][1][2][ ][1][1]
[2][1][2][2][2][1][1]
[2][2][2][1][2][1][1]

Player 1 Move (Score: -6010000):
Current player: 2
[1][1][1][2][ ][2][2]
[1][1][2][2][ ][1][1]
[2][2][1][1][ ][2][2]
[1][2][1][2][1][1][1]
[2][1][2][2][2][1][1]
[2][2][2][1][2][1][1]

Result: Player 1 Wins

Simulating game 9/10 (Player 1 Depth: 2, Player 2 Depth: 1)
Player 1 Move (Score: 0):
Current player: 2
[ ][ ][ ][ ][ ][ ][ ]
[ ][ ][ ][ ][ ][ ][ ]
[ ][ ][ ][ ][ ][ ][ ]
[ ][ ][ ][ ][ ][ ][ ]
[ ][ ][ ][ ][ ][ ][ ]
[ ][ ][ ][ ][ ][1][ ]

Player 2 Move (Score: 0):
Current player: 1
[ ][ ][ ][ ][ ][ ][ ]
[ ][ ][ ][ ][ ][ ][ ]
[ ][ ][ ][ ][ ][ ][ ]
[ ][ ][ ][ ][ ][ ][ ]
[ ][ ][ ][ ][ ][ ][ ]
[ ][ ][ ][ ][2][1][ ]

Player 1 Move (Score: 200):
Current player: 2
[ ][ ][ ][ ][ ][ ][ ]
[ ][ ][ ][ ][ ][ ][ ]
[ ][ ][ ][ ][ ][ ][ ]
[ ][ ][ ][ ][ ][ ][ ]
[ ][ ][ ][ ][1][ ][ ]
[ ][ ][ ][ ][2][1][ ]

Player 2 Move (Score: 200):
Current player: 1
[ ][ ][ ][ ][ ][ ][ ]
[ ][ ][ ][ ][ ][ ][ ]
[ ][ ][ ][ ][ ][ ][ ]
[ ][ ][ ][ ][ ][ ][ ]
[ ][ ][ ][ ][1][ ][ ]
[ ][ ][ ][2][2][1][ ]

Player 1 Move (Score: 0):
Current player: 2
[ ][ ][ ][ ][ ][ ][ ]
[ ][ ][ ][ ][ ][ ][ ]
[ ][ ][ ][ ][ ][ ][ ]
[ ][ ][ ][ ][ ][ ][ ]
[ ][ ][ ][ ][1][ ][ ]
[ ][ ][1][2][2][1][ ]

Player 2 Move (Score: 0):
Current player: 1
[ ][ ][ ][ ][ ][ ][ ]
[ ][ ][ ][ ][ ][ ][ ]
[ ][ ][ ][ ][ ][ ][ ]
[ ][ ][ ][ ][ ][ ][ ]
[ ][ ][ ][2][1][ ][ ]
[ ][ ][1][2][2][1][ ]

Player 1 Move (Score: 29800):
Current player: 2
[ ][ ][ ][ ][ ][ ][ ]
[ ][ ][ ][ ][ ][ ][ ]
[ ][ ][ ][ ][ ][ ][ ]
[ ][ ][ ][1][ ][ ][ ]
[ ][ ][ ][2][1][ ][ ]
[ ][ ][1][2][2][1][ ]

Player 2 Move (Score: 29800):
Current player: 1
[ ][ ][ ][ ][ ][ ][ ]
[ ][ ][ ][ ][ ][ ][ ]
[ ][ ][ ][ ][ ][ ][ ]
[ ][ ][ ][1][2][ ][ ]
[ ][ ][ ][2][1][ ][ ]
[ ][ ][1][2][2][1][ ]

Player 1 Move (Score: 29800):
Current player: 2
[ ][ ][ ][ ][ ][ ][ ]
[ ][ ][ ][ ][ ][ ][ ]
[ ][ ][ ][ ][ ][ ][ ]
[ ][ ][ ][1][2][ ][ ]
[ ][ ][ ][2][1][ ][ ]
[ ][ ][1][2][2][1][1]

Player 2 Move (Score: 29570):
Current player: 1
[ ][ ][ ][ ][ ][ ][ ]
[ ][ ][ ][ ][ ][ ][ ]
[ ][ ][ ][2][ ][ ][ ]
[ ][ ][ ][1][2][ ][ ]
[ ][ ][ ][2][1][ ][ ]
[ ][ ][1][2][2][1][1]

Player 1 Move (Score: 29550):
Current player: 2
[ ][ ][ ][ ][ ][ ][ ]
[ ][ ][ ][ ][ ][ ][ ]
[ ][ ][ ][2][ ][ ][ ]
[ ][ ][ ][1][2][ ][ ]
[ ][ ][ ][2][1][1][ ]
[ ][ ][1][2][2][1][1]

Player 2 Move (Score: 29550):
Current player: 1
[ ][ ][ ][ ][ ][ ][ ]
[ ][ ][ ][ ][ ][ ][ ]
[ ][ ][ ][2][2][ ][ ]
[ ][ ][ ][1][2][ ][ ]
[ ][ ][ ][2][1][1][ ]
[ ][ ][1][2][2][1][1]

Player 1 Move (Score: 29320):
Current player: 2
[ ][ ][ ][ ][ ][ ][ ]
[ ][ ][ ][ ][1][ ][ ]
[ ][ ][ ][2][2][ ][ ]
[ ][ ][ ][1][2][ ][ ]
[ ][ ][ ][2][1][1][ ]
[ ][ ][1][2][2][1][1]

Player 2 Move (Score: 29320):
Current player: 1
[ ][ ][ ][ ][ ][ ][ ]
[ ][ ][ ][ ][1][ ][ ]
[ ][ ][ ][2][2][ ][ ]
[ ][ ][ ][1][2][2][ ]
[ ][ ][ ][2][1][1][ ]
[ ][ ][1][2][2][1][1]

Player 1 Move (Score: 7900):
Current player: 2
[ ][ ][ ][ ][ ][ ][ ]
[ ][ ][ ][ ][1][ ][ ]
[ ][ ][ ][2][2][1][ ]
[ ][ ][ ][1][2][2][ ]
[ ][ ][ ][2][1][1][ ]
[ ][ ][1][2][2][1][1]

Player 2 Move (Score: 7900):
Current player: 1
[ ][ ][ ][ ][ ][ ][ ]
[ ][ ][ ][2][1][ ][ ]
[ ][ ][ ][2][2][1][ ]
[ ][ ][ ][1][2][2][ ]
[ ][ ][ ][2][1][1][ ]
[ ][ ][1][2][2][1][1]

Player 1 Move (Score: 19800):
Current player: 2
[ ][ ][ ][ ][ ][ ][ ]
[ ][ ][ ][2][1][ ][ ]
[ ][ ][ ][2][2][1][ ]
[ ][ ][ ][1][2][2][ ]
[ ][ ][ ][2][1][1][1]
[ ][ ][1][2][2][1][1]

Player 2 Move (Score: 19800):
Current player: 1
[ ][ ][ ][ ][2][ ][ ]
[ ][ ][ ][2][1][ ][ ]
[ ][ ][ ][2][2][1][ ]
[ ][ ][ ][1][2][2][ ]
[ ][ ][ ][2][1][1][1]
[ ][ ][1][2][2][1][1]

Player 1 Move (Score: 29550):
Current player: 2
[ ][ ][ ][ ][2][ ][ ]
[ ][ ][ ][2][1][ ][ ]
[ ][ ][ ][2][2][1][ ]
[ ][ ][ ][1][2][2][1]
[ ][ ][ ][2][1][1][1]
[ ][ ][1][2][2][1][1]

Player 2 Move (Score: 29550):
Current player: 1
[ ][ ][ ][2][2][ ][ ]
[ ][ ][ ][2][1][ ][ ]
[ ][ ][ ][2][2][1][ ]
[ ][ ][ ][1][2][2][1]
[ ][ ][ ][2][1][1][1]
[ ][ ][1][2][2][1][1]

Player 1 Move (Score: 19450):
Current player: 2
[ ][ ][ ][2][2][ ][ ]
[ ][ ][ ][2][1][ ][ ]
[ ][ ][ ][2][2][1][ ]
[ ][ ][ ][1][2][2][1]
[ ][ ][ ][2][1][1][1]
[1][ ][1][2][2][1][1]

Player 2 Move (Score: 19450):
Current player: 1
[ ][ ][ ][2][2][ ][ ]
[ ][ ][ ][2][1][ ][ ]
[ ][ ][ ][2][2][1][2]
[ ][ ][ ][1][2][2][1]
[ ][ ][ ][2][1][1][1]
[1][ ][1][2][2][1][1]

Player 1 Move (Score: 19450):
Current player: 2
[ ][ ][ ][2][2][ ][ ]
[ ][ ][ ][2][1][ ][ ]
[ ][ ][ ][2][2][1][2]
[ ][ ][ ][1][2][2][1]
[1][ ][ ][2][1][1][1]
[1][ ][1][2][2][1][1]

Player 2 Move (Score: 19450):
Current player: 1
[ ][ ][ ][2][2][ ][ ]
[ ][ ][ ][2][1][ ][ ]
[ ][ ][ ][2][2][1][2]
[ ][ ][ ][1][2][2][1]
[1][ ][2][2][1][1][1]
[1][ ][1][2][2][1][1]

Player 1 Move (Score: 9450):
Current player: 2
[ ][ ][ ][2][2][ ][ ]
[ ][ ][ ][2][1][ ][ ]
[ ][ ][ ][2][2][1][2]
[1][ ][ ][1][2][2][1]
[1][ ][2][2][1][1][1]
[1][ ][1][2][2][1][1]

Player 2 Move (Score: 9450):
Current player: 1
[ ][ ][ ][2][2][ ][ ]
[ ][ ][ ][2][1][ ][ ]
[ ][ ][ ][2][2][1][2]
[1][ ][2][1][2][2][1]
[1][ ][2][2][1][1][1]
[1][ ][1][2][2][1][1]

Player 1 Move (Score: -60550):
Current player: 2
[ ][ ][ ][2][2][ ][ ]
[ ][ ][ ][2][1][1][ ]
[ ][ ][ ][2][2][1][2]
[1][ ][2][1][2][2][1]
[1][ ][2][2][1][1][1]
[1][ ][1][2][2][1][1]

Player 2 Move (Score: -60550):
Current player: 1
[ ][ ][ ][2][2][ ][ ]
[ ][ ][ ][2][1][1][ ]
[ ][ ][2][2][2][1][2]
[1][ ][2][1][2][2][1]
[1][ ][2][2][1][1][1]
[1][ ][1][2][2][1][1]

Player 1 Move (Score: -1939650):
Current player: 2
[ ][ ][ ][2][2][ ][ ]
[ ][ ][ ][2][1][1][ ]
[1][ ][2][2][2][1][2]
[1][ ][2][1][2][2][1]
[1][ ][2][2][1][1][1]
[1][ ][1][2][2][1][1]

Result: Player 1 Wins

Simulating game 10/10 (Player 1 Depth: 2, Player 2 Depth: 1)
Player 1 Move (Score: 0):
Current player: 2
[ ][ ][ ][ ][ ][ ][ ]
[ ][ ][ ][ ][ ][ ][ ]
[ ][ ][ ][ ][ ][ ][ ]
[ ][ ][ ][ ][ ][ ][ ]
[ ][ ][ ][ ][ ][ ][ ]
[ ][ ][1][ ][ ][ ][ ]

Player 2 Move (Score: 0):
Current player: 1
[ ][ ][ ][ ][ ][ ][ ]
[ ][ ][ ][ ][ ][ ][ ]
[ ][ ][ ][ ][ ][ ][ ]
[ ][ ][ ][ ][ ][ ][ ]
[ ][ ][ ][ ][ ][ ][ ]
[ ][ ][1][2][ ][ ][ ]

Player 1 Move (Score: 0):
Current player: 2
[ ][ ][ ][ ][ ][ ][ ]
[ ][ ][ ][ ][ ][ ][ ]
[ ][ ][ ][ ][ ][ ][ ]
[ ][ ][ ][ ][ ][ ][ ]
[ ][ ][1][ ][ ][ ][ ]
[ ][ ][1][2][ ][ ][ ]

Player 2 Move (Score: 0):
Current player: 1
[ ][ ][ ][ ][ ][ ][ ]
[ ][ ][ ][ ][ ][ ][ ]
[ ][ ][ ][ ][ ][ ][ ]
[ ][ ][2][ ][ ][ ][ ]
[ ][ ][1][ ][ ][ ][ ]
[ ][ ][1][2][ ][ ][ ]

Player 1 Move (Score: 100):
Current player: 2
[ ][ ][ ][ ][ ][ ][ ]
[ ][ ][ ][ ][ ][ ][ ]
[ ][ ][ ][ ][ ][ ][ ]
[ ][ ][2][ ][ ][ ][ ]
[ ][ ][1][1][ ][ ][ ]
[ ][ ][1][2][ ][ ][ ]

Player 2 Move (Score: 100):
Current player: 1
[ ][ ][ ][ ][ ][ ][ ]
[ ][ ][ ][ ][ ][ ][ ]
[ ][ ][ ][ ][ ][ ][ ]
[ ][ ][2][2][ ][ ][ ]
[ ][ ][1][1][ ][ ][ ]
[ ][ ][1][2][ ][ ][ ]

Player 1 Move (Score: -380):
Current player: 2
[ ][ ][ ][ ][ ][ ][ ]
[ ][ ][ ][ ][ ][ ][ ]
[ ][ ][ ][1][ ][ ][ ]
[ ][ ][2][2][ ][ ][ ]
[ ][ ][1][1][ ][ ][ ]
[ ][ ][1][2][ ][ ][ ]

Player 2 Move (Score: -380):
Current player: 1
[ ][ ][ ][ ][ ][ ][ ]
[ ][ ][ ][ ][ ][ ][ ]
[ ][ ][2][1][ ][ ][ ]
[ ][ ][2][2][ ][ ][ ]
[ ][ ][1][1][ ][ ][ ]
[ ][ ][1][2][ ][ ][ ]

Player 1 Move (Score: -280):
Current player: 2
[ ][ ][ ][ ][ ][ ][ ]
[ ][ ][1][ ][ ][ ][ ]
[ ][ ][2][1][ ][ ][ ]
[ ][ ][2][2][ ][ ][ ]
[ ][ ][1][1][ ][ ][ ]
[ ][ ][1][2][ ][ ][ ]

Player 2 Move (Score: -280):
Current player: 1
[ ][ ][ ][ ][ ][ ][ ]
[ ][ ][1][2][ ][ ][ ]
[ ][ ][2][1][ ][ ][ ]
[ ][ ][2][2][ ][ ][ ]
[ ][ ][1][1][ ][ ][ ]
[ ][ ][1][2][ ][ ][ ]

Player 1 Move (Score: -280):
Current player: 2
[ ][ ][ ][1][ ][ ][ ]
[ ][ ][1][2][ ][ ][ ]
[ ][ ][2][1][ ][ ][ ]
[ ][ ][2][2][ ][ ][ ]
[ ][ ][1][1][ ][ ][ ]
[ ][ ][1][2][ ][ ][ ]

Player 2 Move (Score: -280):
Current player: 1
[ ][ ][2][1][ ][ ][ ]
[ ][ ][1][2][ ][ ][ ]
[ ][ ][2][1][ ][ ][ ]
[ ][ ][2][2][ ][ ][ ]
[ ][ ][1][1][ ][ ][ ]
[ ][ ][1][2][ ][ ][ ]

Player 1 Move (Score: -280):
Current player: 2
[ ][ ][2][1][ ][ ][ ]
[ ][ ][1][2][ ][ ][ ]
[ ][ ][2][1][ ][ ][ ]
[ ][ ][2][2][ ][ ][ ]
[ ][ ][1][1][ ][ ][ ]
[ ][ ][1][2][ ][1][ ]

Player 2 Move (Score: -280):
Current player: 1
[ ][ ][2][1][ ][ ][ ]
[ ][ ][1][2][ ][ ][ ]
[ ][ ][2][1][ ][ ][ ]
[ ][ ][2][2][ ][ ][ ]
[ ][ ][1][1][ ][2][ ]
[ ][ ][1][2][ ][1][ ]

Player 1 Move (Score: -260):
Current player: 2
[ ][ ][2][1][ ][ ][ ]
[ ][ ][1][2][ ][ ][ ]
[ ][ ][2][1][ ][ ][ ]
[ ][ ][2][2][ ][1][ ]
[ ][ ][1][1][ ][2][ ]
[ ][ ][1][2][ ][1][ ]

Player 2 Move (Score: -260):
Current player: 1
[ ][ ][2][1][ ][ ][ ]
[ ][ ][1][2][ ][ ][ ]
[ ][ ][2][1][ ][2][ ]
[ ][ ][2][2][ ][1][ ]
[ ][ ][1][1][ ][2][ ]
[ ][ ][1][2][ ][1][ ]

Player 1 Move (Score: -260):
Current player: 2
[ ][ ][2][1][ ][ ][ ]
[ ][ ][1][2][ ][1][ ]
[ ][ ][2][1][ ][2][ ]
[ ][ ][2][2][ ][1][ ]
[ ][ ][1][1][ ][2][ ]
[ ][ ][1][2][ ][1][ ]

Player 2 Move (Score: -260):
Current player: 1
[ ][ ][2][1][ ][ ][ ]
[ ][ ][1][2][ ][1][ ]
[ ][ ][2][1][ ][2][ ]
[ ][ ][2][2][ ][1][ ]
[ ][ ][1][1][ ][2][ ]
[ ][ ][1][2][ ][1][2]

Player 1 Move (Score: -260):
Current player: 2
[ ][ ][2][1][ ][ ][ ]
[ ][ ][1][2][ ][1][ ]
[ ][ ][2][1][ ][2][ ]
[ ][ ][2][2][ ][1][ ]
[ ][ ][1][1][ ][2][1]
[ ][ ][1][2][ ][1][2]

Player 2 Move (Score: -260):
Current player: 1
[ ][ ][2][1][ ][ ][ ]
[ ][ ][1][2][ ][1][ ]
[ ][ ][2][1][ ][2][ ]
[ ][ ][2][2][ ][1][ ]
[ ][ ][1][1][ ][2][1]
[2][ ][1][2][ ][1][2]

Player 1 Move (Score: -260):
Current player: 2
[ ][ ][2][1][ ][ ][ ]
[ ][ ][1][2][ ][1][ ]
[ ][ ][2][1][ ][2][ ]
[ ][ ][2][2][ ][1][1]
[ ][ ][1][1][ ][2][1]
[2][ ][1][2][ ][1][2]

Player 2 Move (Score: -260):
Current player: 1
[ ][ ][2][1][ ][ ][ ]
[ ][ ][1][2][ ][1][ ]
[ ][ ][2][1][ ][2][2]
[ ][ ][2][2][ ][1][1]
[ ][ ][1][1][ ][2][1]
[2][ ][1][2][ ][1][2]

Player 1 Move (Score: -330):
Current player: 2
[ ][ ][2][1][ ][ ][ ]
[ ][ ][1][2][ ][1][ ]
[ ][ ][2][1][ ][2][2]
[ ][ ][2][2][ ][1][1]
[1][ ][1][1][ ][2][1]
[2][ ][1][2][ ][1][2]

Player 2 Move (Score: -330):
Current player: 1
[ ][ ][2][1][ ][ ][ ]
[ ][ ][1][2][ ][1][ ]
[ ][ ][2][1][ ][2][2]
[2][ ][2][2][ ][1][1]
[1][ ][1][1][ ][2][1]
[2][ ][1][2][ ][1][2]

Player 1 Move (Score: -330):
Current player: 2
[ ][ ][2][1][ ][ ][ ]
[ ][ ][1][2][ ][1][ ]
[1][ ][2][1][ ][2][2]
[2][ ][2][2][ ][1][1]
[1][ ][1][1][ ][2][1]
[2][ ][1][2][ ][1][2]

Player 2 Move (Score: -330):
Current player: 1
[ ][ ][2][1][ ][2][ ]
[ ][ ][1][2][ ][1][ ]
[1][ ][2][1][ ][2][2]
[2][ ][2][2][ ][1][1]
[1][ ][1][1][ ][2][1]
[2][ ][1][2][ ][1][2]

Player 1 Move (Score: -330):
Current player: 2
[ ][ ][2][1][ ][2][ ]
[ ][ ][1][2][ ][1][ ]
[1][ ][2][1][ ][2][2]
[2][ ][2][2][ ][1][1]
[1][ ][1][1][ ][2][1]
[2][ ][1][2][1][1][2]

Player 2 Move (Score: -20300):
Current player: 1
[ ][ ][2][1][ ][2][ ]
[ ][ ][1][2][ ][1][ ]
[1][ ][2][1][ ][2][2]
[2][ ][2][2][ ][1][1]
[1][ ][1][1][2][2][1]
[2][ ][1][2][1][1][2]

Player 1 Move (Score: -10300):
Current player: 2
[ ][ ][2][1][ ][2][ ]
[ ][ ][1][2][ ][1][ ]
[1][ ][2][1][ ][2][2]
[2][ ][2][2][1][1][1]
[1][ ][1][1][2][2][1]
[2][ ][1][2][1][1][2]

Player 2 Move (Score: -10300):
Current player: 1
[ ][ ][2][1][ ][2][ ]
[ ][ ][1][2][ ][1][ ]
[1][ ][2][1][ ][2][2]
[2][ ][2][2][1][1][1]
[1][ ][1][1][2][2][1]
[2][2][1][2][1][1][2]

Player 1 Move (Score: -10300):
Current player: 2
[ ][ ][2][1][ ][2][ ]
[ ][ ][1][2][ ][1][1]
[1][ ][2][1][ ][2][2]
[2][ ][2][2][1][1][1]
[1][ ][1][1][2][2][1]
[2][2][1][2][1][1][2]

Player 2 Move (Score: -10400):
Current player: 1
[ ][ ][2][1][ ][2][ ]
[ ][ ][1][2][ ][1][1]
[1][ ][2][1][ ][2][2]
[2][ ][2][2][1][1][1]
[1][2][1][1][2][2][1]
[2][2][1][2][1][1][2]

Player 1 Move (Score: -10100):
Current player: 2
[ ][ ][2][1][ ][2][ ]
[ ][ ][1][2][ ][1][1]
[1][ ][2][1][ ][2][2]
[2][1][2][2][1][1][1]
[1][2][1][1][2][2][1]
[2][2][1][2][1][1][2]

Player 2 Move (Score: -10100):
Current player: 1
[ ][ ][2][1][ ][2][ ]
[2][ ][1][2][ ][1][1]
[1][ ][2][1][ ][2][2]
[2][1][2][2][1][1][1]
[1][2][1][1][2][2][1]
[2][2][1][2][1][1][2]

Player 1 Move (Score: -10000):
Current player: 2
[ ][ ][2][1][ ][2][ ]
[2][ ][1][2][ ][1][1]
[1][ ][2][1][1][2][2]
[2][1][2][2][1][1][1]
[1][2][1][1][2][2][1]
[2][2][1][2][1][1][2]

Player 2 Move (Score: -10100):
Current player: 1
[ ][ ][2][1][ ][2][ ]
[2][ ][1][2][2][1][1]
[1][ ][2][1][1][2][2]
[2][1][2][2][1][1][1]
[1][2][1][1][2][2][1]
[2][2][1][2][1][1][2]

Player 1 Move (Score: -10000):
Current player: 2
[1][ ][2][1][ ][2][ ]
[2][ ][1][2][2][1][1]
[1][ ][2][1][1][2][2]
[2][1][2][2][1][1][1]
[1][2][1][1][2][2][1]
[2][2][1][2][1][1][2]

Player 2 Move (Score: -10000):
Current player: 1
[1][ ][2][1][ ][2][ ]
[2][ ][1][2][2][1][1]
[1][2][2][1][1][2][2]
[2][1][2][2][1][1][1]
[1][2][1][1][2][2][1]
[2][2][1][2][1][1][2]

Player 1 Move (Score: 0):
Current player: 2
[1][ ][2][1][ ][2][ ]
[2][1][1][2][2][1][1]
[1][2][2][1][1][2][2]
[2][1][2][2][1][1][1]
[1][2][1][1][2][2][1]
[2][2][1][2][1][1][2]

Player 2 Move (Score: 0):
Current player: 1
[1][2][2][1][ ][2][ ]
[2][1][1][2][2][1][1]
[1][2][2][1][1][2][2]
[2][1][2][2][1][1][1]
[1][2][1][1][2][2][1]
[2][2][1][2][1][1][2]

Player 1 Move (Score: 0):
Current player: 2
[1][2][2][1][ ][2][1]
[2][1][1][2][2][1][1]
[1][2][2][1][1][2][2]
[2][1][2][2][1][1][1]
[1][2][1][1][2][2][1]
[2][2][1][2][1][1][2]

Player 2 Move (Score: 0):
Current player: 1
[1][2][2][1][2][2][1]
[2][1][1][2][2][1][1]
[1][2][2][1][1][2][2]
[2][1][2][2][1][1][1]
[1][2][1][1][2][2][1]
[2][2][1][2][1][1][2]

Result: Draw

