Simulating game 1/10 (Player 1 Depth: 3, Player 2 Depth: 2)
Player 1 Move (Score: 0):
Current player: 2
[ ][ ][ ][ ][ ][ ][ ]
[ ][ ][ ][ ][ ][ ][ ]
[ ][ ][ ][ ][ ][ ][ ]
[ ][ ][ ][ ][ ][ ][ ]
[ ][ ][ ][ ][ ][ ][ ]
[ ][ ][ ][1][ ][ ][ ]

Player 2 Move (Score: 0):
Current player: 1
[ ][ ][ ][ ][ ][ ][ ]
[ ][ ][ ][ ][ ][ ][ ]
[ ][ ][ ][ ][ ][ ][ ]
[ ][ ][ ][ ][ ][ ][ ]
[ ][ ][ ][ ][ ][ ][ ]
[ ][2][ ][1][ ][ ][ ]

Player 1 Move (Score: 0):
Current player: 2
[ ][ ][ ][ ][ ][ ][ ]
[ ][ ][ ][ ][ ][ ][ ]
[ ][ ][ ][ ][ ][ ][ ]
[ ][ ][ ][ ][ ][ ][ ]
[ ][1][ ][ ][ ][ ][ ]
[ ][2][ ][1][ ][ ][ ]

Player 2 Move (Score: 0):
Current player: 1
[ ][ ][ ][ ][ ][ ][ ]
[ ][ ][ ][ ][ ][ ][ ]
[ ][ ][ ][ ][ ][ ][ ]
[ ][ ][ ][ ][ ][ ][ ]
[ ][1][ ][ ][ ][ ][ ]
[ ][2][ ][1][2][ ][ ]

Player 1 Move (Score: 0):
Current player: 2
[ ][ ][ ][ ][ ][ ][ ]
[ ][ ][ ][ ][ ][ ][ ]
[ ][ ][ ][ ][ ][ ][ ]
[ ][ ][ ][ ][ ][ ][ ]
[ ][1][ ][ ][ ][ ][ ]
[ ][2][ ][1][2][1][ ]

Player 2 Move (Score: 0):
Current player: 1
[ ][ ][ ][ ][ ][ ][ ]
[ ][ ][ ][ ][ ][ ][ ]
[ ][ ][ ][ ][ ][ ][ ]
[ ][ ][ ][ ][ ][ ][ ]
[ ][1][ ][ ][ ][ ][ ]
[ ][2][ ][1][2][1][2]

Player 1 Move (Score: 0):
Current player: 2
[ ][ ][ ][ ][ ][ ][ ]
[ ][ ][ ][ ][ ][ ][ ]
[ ][ ][ ][ ][ ][ ][ ]
[ ][ ][ ][ ][ ][ ][ ]
[ ][1][ ][ ][ ][ ][ ]
[ ][2][1][1][2][1][2]

Player 2 Move (Score: 0):
Current player: 1
[ ][ ][ ][ ][ ][ ][ ]
[ ][ ][ ][ ][ ][ ][ ]
[ ][ ][ ][ ][ ][ ][ ]
[ ][ ][ ][ ][ ][ ][ ]
[ ][1][ ][ ][ ][ ][ ]
[2][2][1][1][2][1][2]

Player 1 Move (Score: 0):
Current player: 2
[ ][ ][ ][ ][ ][ ][ ]
[ ][ ][ ][ ][ ][ ][ ]
[ ][ ][ ][ ][ ][ ][ ]
[ ][ ][ ][ ][ ][ ][ ]
[ ][1][ ][ ][ ][ ][1]
[2][2][1][1][2][1][2]

Player 2 Move (Score: 0):
Current player: 1
[ ][ ][ ][ ][ ][ ][ ]
[ ][ ][ ][ ][ ][ ][ ]
[ ][ ][ ][ ][ ][ ][ ]
[ ][ ][ ][ ][ ][ ][ ]
[ ][1][ ][ ][2][ ][1]
[2][2][1][1][2][1][2]

Player 1 Move (Score: 0):
Current player: 2
[ ][ ][ ][ ][ ][ ][ ]
[ ][ ][ ][ ][ ][ ][ ]
[ ][ ][ ][ ][ ][ ][ ]
[ ][1][ ][ ][ ][ ][ ]
[ ][1][ ][ ][2][ ][1]
[2][2][1][1][2][1][2]

Player 2 Move (Score: 0):
Current player: 1
[ ][ ][ ][ ][ ][ ][ ]
[ ][ ][ ][ ][ ][ ][ ]
[ ][ ][ ][ ][ ][ ][ ]
[ ][1][ ][ ][ ][ ][ ]
[ ][1][2][ ][2][ ][1]
[2][2][1][1][2][1][2]

Player 1 Move (Score: 0):
Current player: 2
[ ][ ][ ][ ][ ][ ][ ]
[ ][ ][ ][ ][ ][ ][ ]
[ ][ ][ ][ ][ ][ ][ ]
[ ][1][ ][ ][ ][ ][1]
[ ][1][2][ ][2][ ][1]
[2][2][1][1][2][1][2]

Player 2 Move (Score: 0):
Current player: 1
[ ][ ][ ][ ][ ][ ][ ]
[ ][ ][ ][ ][ ][ ][ ]
[ ][ ][ ][ ][ ][ ][ ]
[ ][1][ ][ ][ ][ ][1]
[2][1][2][ ][2][ ][1]
[2][2][1][1][2][1][2]

Player 1 Move (Score: 0):
Current player: 2
[ ][ ][ ][ ][ ][ ][ ]
[ ][ ][ ][ ][ ][ ][ ]
[ ][ ][ ][ ][ ][ ][1]
[ ][1][ ][ ][ ][ ][1]
[2][1][2][ ][2][ ][1]
[2][2][1][1][2][1][2]

Player 2 Move (Score: -9900):
Current player: 1
[ ][ ][ ][ ][ ][ ][ ]
[ ][ ][ ][ ][ ][ ][ ]
[ ][ ][ ][ ][ ][ ][1]
[ ][1][2][ ][ ][ ][1]
[2][1][2][ ][2][ ][1]
[2][2][1][1][2][1][2]

Player 1 Move (Score: -9900):
Current player: 2
[ ][ ][ ][ ][ ][ ][ ]
[ ][ ][ ][ ][ ][ ][ ]
[ ][ ][1][ ][ ][ ][1]
[ ][1][2][ ][ ][ ][1]
[2][1][2][ ][2][ ][1]
[2][2][1][1][2][1][2]

Player 2 Move (Score: -10100):
Current player: 1
[ ][ ][ ][ ][ ][ ][ ]
[ ][ ][2][ ][ ][ ][ ]
[ ][ ][1][ ][ ][ ][1]
[ ][1][2][ ][ ][ ][1]
[2][1][2][ ][2][ ][1]
[2][2][1][1][2][1][2]

Player 1 Move (Score: -9900):
Current player: 2
[ ][ ][ ][ ][ ][ ][ ]
[ ][ ][2][ ][ ][ ][ ]
[ ][ ][1][ ][ ][ ][1]
[ ][1][2][ ][1][ ][1]
[2][1][2][ ][2][ ][1]
[2][2][1][1][2][1][2]

Player 2 Move (Score: -10300):
Current player: 1
[ ][ ][ ][ ][ ][ ][ ]
[ ][ ][2][ ][ ][ ][ ]
[ ][ ][1][ ][2][ ][1]
[ ][1][2][ ][1][ ][1]
[2][1][2][ ][2][ ][1]
[2][2][1][1][2][1][2]

Player 1 Move (Score: -10100):
Current player: 2
[ ][ ][ ][ ][ ][ ][ ]
[ ][ ][2][ ][ ][ ][ ]
[ ][ ][1][ ][2][ ][1]
[ ][1][2][ ][1][ ][1]
[2][1][2][ ][2][1][1]
[2][2][1][1][2][1][2]

Player 2 Move (Score: -10400):
Current player: 1
[ ][ ][ ][ ][ ][ ][ ]
[ ][ ][2][ ][2][ ][ ]
[ ][ ][1][ ][2][ ][1]
[ ][1][2][ ][1][ ][1]
[2][1][2][ ][2][1][1]
[2][2][1][1][2][1][2]

Player 1 Move (Score: -10300):
Current player: 2
[ ][ ][1][ ][ ][ ][ ]
[ ][ ][2][ ][2][ ][ ]
[ ][ ][1][ ][2][ ][1]
[ ][1][2][ ][1][ ][1]
[2][1][2][ ][2][1][1]
[2][2][1][1][2][1][2]

Player 2 Move (Score: -10300):
Current player: 1
[ ][ ][1][ ][2][ ][ ]
[ ][ ][2][ ][2][ ][ ]
[ ][ ][1][ ][2][ ][1]
[ ][1][2][ ][1][ ][1]
[2][1][2][ ][2][1][1]
[2][2][1][1][2][1][2]

Player 1 Move (Score: -10300):
Current player: 2
[ ][ ][1][ ][2][ ][ ]
[ ][ ][2][ ][2][ ][ ]
[ ][ ][1][ ][2][ ][1]
[1][1][2][ ][1][ ][1]
[2][1][2][ ][2][1][1]
[2][2][1][1][2][1][2]

Player 2 Move (Score: -10300):
Current player: 1
[ ][ ][1][ ][2][ ][ ]
[ ][ ][2][ ][2][ ][ ]
[2][ ][1][ ][2][ ][1]
[1][1][2][ ][1][ ][1]
[2][1][2][ ][2][1][1]
[2][2][1][1][2][1][2]

Player 1 Move (Score: -20300):
Current player: 2
[ ][ ][1][ ][2][ ][ ]
[1][ ][2][ ][2][ ][ ]
[2][ ][1][ ][2][ ][1]
[1][1][2][ ][1][ ][1]
[2][1][2][ ][2][1][1]
[2][2][1][1][2][1][2]

Player 2 Move (Score: -20300):
Current player: 1
[2][ ][1][ ][2][ ][ ]
[1][ ][2][ ][2][ ][ ]
[2][ ][1][ ][2][ ][1]
[1][1][2][ ][1][ ][1]
[2][1][2][ ][2][1][1]
[2][2][1][1][2][1][2]

Player 1 Move (Score: -20400):
Current player: 2
[2][ ][1][ ][2][ ][ ]
[1][ ][2][ ][2][ ][ ]
[2][1][1][ ][2][ ][1]
[1][1][2][ ][1][ ][1]
[2][1][2][ ][2][1][1]
[2][2][1][1][2][1][2]

Player 2 Move (Score: -20400):
Current player: 1
[2][ ][1][ ][2][ ][ ]
[1][ ][2][ ][2][ ][ ]
[2][1][1][ ][2][ ][1]
[1][1][2][ ][1][2][1]
[2][1][2][ ][2][1][1]
[2][2][1][1][2][1][2]

Player 1 Move (Score: -20200):
Current player: 2
[2][ ][1][ ][2][ ][ ]
[1][ ][2][ ][2][ ][ ]
[2][1][1][ ][2][1][1]
[1][1][2][ ][1][2][1]
[2][1][2][ ][2][1][1]
[2][2][1][1][2][1][2]

Player 2 Move (Score: -20200):
Current player: 1
[2][ ][1][ ][2][ ][ ]
[1][ ][2][ ][2][ ][ ]
[2][1][1][ ][2][1][1]
[1][1][2][ ][1][2][1]
[2][1][2][2][2][1][1]
[2][2][1][1][2][1][2]

Player 1 Move (Score: -20100):
Current player: 2
[2][ ][1][ ][2][ ][ ]
[1][ ][2][ ][2][ ][ ]
[2][1][1][ ][2][1][1]
[1][1][2][1][1][2][1]
[2][1][2][2][2][1][1]
[2][2][1][1][2][1][2]

Player 2 Move (Score: -20100):
Current player: 1
[2][ ][1][ ][2][ ][ ]
[1][ ][2][ ][2][2][ ]
[2][1][1][ ][2][1][1]
[1][1][2][1][1][2][1]
[2][1][2][2][2][1][1]
[2][2][1][1][2][1][2]

Player 1 Move (Score: -20200):
Current player: 2
[2][ ][1][ ][2][1][ ]
[1][ ][2][ ][2][2][ ]
[2][1][1][ ][2][1][1]
[1][1][2][1][1][2][1]
[2][1][2][2][2][1][1]
[2][2][1][1][2][1][2]

Player 2 Move (Score: -20200):
Current player: 1
[2][ ][1][ ][2][1][ ]
[1][ ][2][ ][2][2][ ]
[2][1][1][2][2][1][1]
[1][1][2][1][1][2][1]
[2][1][2][2][2][1][1]
[2][2][1][1][2][1][2]

Player 1 Move (Score: -2020000):
Current player: 2
[2][ ][1][ ][2][1][ ]
[1][1][2][ ][2][2][ ]
[2][1][1][2][2][1][1]
[1][1][2][1][1][2][1]
[2][1][2][2][2][1][1]
[2][2][1][1][2][1][2]

Result: Player 1 Wins

Simulating game 2/10 (Player 1 Depth: 3, Player 2 Depth: 2)
Player 1 Move (Score: 0):
Current player: 2
[ ][ ][ ][ ][ ][ ][ ]
[ ][ ][ ][ ][ ][ ][ ]
[ ][ ][ ][ ][ ][ ][ ]
[ ][ ][ ][ ][ ][ ][ ]
[ ][ ][ ][ ][ ][ ][ ]
[ ][ ][1][ ][ ][ ][ ]

Player 2 Move (Score: 0):
Current player: 1
[ ][ ][ ][ ][ ][ ][ ]
[ ][ ][ ][ ][ ][ ][ ]
[ ][ ][ ][ ][ ][ ][ ]
[ ][ ][ ][ ][ ][ ][ ]
[ ][ ][ ][ ][ ][ ][ ]
[ ][ ][1][2][ ][ ][ ]

Player 1 Move (Score: 0):
Current player: 2
[ ][ ][ ][ ][ ][ ][ ]
[ ][ ][ ][ ][ ][ ][ ]
[ ][ ][ ][ ][ ][ ][ ]
[ ][ ][ ][ ][ ][ ][ ]
[ ][ ][ ][ ][ ][ ][ ]
[ ][ ][1][2][ ][ ][1]

Player 2 Move (Score: 0):
Current player: 1
[ ][ ][ ][ ][ ][ ][ ]
[ ][ ][ ][ ][ ][ ][ ]
[ ][ ][ ][ ][ ][ ][ ]
[ ][ ][ ][ ][ ][ ][ ]
[ ][ ][ ][ ][ ][ ][ ]
[ ][ ][1][2][2][ ][1]

Player 1 Move (Score: 0):
Current player: 2
[ ][ ][ ][ ][ ][ ][ ]
[ ][ ][ ][ ][ ][ ][ ]
[ ][ ][ ][ ][ ][ ][ ]
[ ][ ][ ][ ][ ][ ][ ]
[ ][ ][ ][ ][ ][ ][ ]
[1][ ][1][2][2][ ][1]

Player 2 Move (Score: 0):
Current player: 1
[ ][ ][ ][ ][ ][ ][ ]
[ ][ ][ ][ ][ ][ ][ ]
[ ][ ][ ][ ][ ][ ][ ]
[ ][ ][ ][ ][ ][ ][ ]
[ ][ ][ ][ ][ ][ ][2]
[1][ ][1][2][2][ ][1]

Player 1 Move (Score: 0):
Current player: 2
[ ][ ][ ][ ][ ][ ][ ]
[ ][ ][ ][ ][ ][ ][ ]
[ ][ ][ ][ ][ ][ ][ ]
[ ][ ][ ][ ][ ][ ][1]
[ ][ ][ ][ ][ ][ ][2]
[1][ ][1][2][2][ ][1]

Player 2 Move (Score: 0):
Current player: 1
[ ][ ][ ][ ][ ][ ][ ]
[ ][ ][ ][ ][ ][ ][ ]
[ ][ ][ ][ ][ ][ ][ ]
[ ][ ][ ][ ][ ][ ][1]
[ ][ ][2][ ][ ][ ][2]
[1][ ][1][2][2][ ][1]

Player 1 Move (Score: 100):
Current player: 2
[ ][ ][ ][ ][ ][ ][ ]
[ ][ ][ ][ ][ ][ ][ ]
[ ][ ][ ][ ][ ][ ][ ]
[ ][ ][ ][ ][ ][ ][1]
[ ][ ][2][ ][ ][ ][2]
[1][1][1][2][2][ ][1]

Player 2 Move (Score: 100):
Current player: 1
[ ][ ][ ][ ][ ][ ][ ]
[ ][ ][ ][ ][ ][ ][ ]
[ ][ ][ ][ ][ ][ ][ ]
[ ][ ][ ][ ][ ][ ][1]
[ ][2][2][ ][ ][ ][2]
[1][1][1][2][2][ ][1]

Player 1 Move (Score: 230):
Current player: 2
[ ][ ][ ][ ][ ][ ][ ]
[ ][ ][ ][ ][ ][ ][ ]
[ ][ ][ ][ ][ ][ ][ ]
[ ][ ][ ][ ][ ][ ][1]
[ ][2][2][ ][ ][ ][2]
[1][1][1][2][2][1][1]

Player 2 Move (Score: 230):
Current player: 1
[ ][ ][ ][ ][ ][ ][ ]
[ ][ ][ ][ ][ ][ ][ ]
[ ][ ][ ][ ][ ][ ][2]
[ ][ ][ ][ ][ ][ ][1]
[ ][2][2][ ][ ][ ][2]
[1][1][1][2][2][1][1]

Player 1 Move (Score: 230):
Current player: 2
[ ][ ][ ][ ][ ][ ][ ]
[ ][ ][ ][ ][ ][ ][1]
[ ][ ][ ][ ][ ][ ][2]
[ ][ ][ ][ ][ ][ ][1]
[ ][2][2][ ][ ][ ][2]
[1][1][1][2][2][1][1]

Player 2 Move (Score: 230):
Current player: 1
[ ][ ][ ][ ][ ][ ][2]
[ ][ ][ ][ ][ ][ ][1]
[ ][ ][ ][ ][ ][ ][2]
[ ][ ][ ][ ][ ][ ][1]
[ ][2][2][ ][ ][ ][2]
[1][1][1][2][2][1][1]

Player 1 Move (Score: 200):
Current player: 2
[ ][ ][ ][ ][ ][ ][2]
[ ][ ][ ][ ][ ][ ][1]
[ ][ ][ ][ ][ ][ ][2]
[ ][ ][1][ ][ ][ ][1]
[ ][2][2][ ][ ][ ][2]
[1][1][1][2][2][1][1]

Player 2 Move (Score: 200):
Current player: 1
[ ][ ][ ][ ][ ][ ][2]
[ ][ ][ ][ ][ ][ ][1]
[ ][ ][ ][ ][ ][ ][2]
[ ][ ][1][ ][ ][ ][1]
[ ][2][2][ ][2][ ][2]
[1][1][1][2][2][1][1]

Player 1 Move (Score: -100):
Current player: 2
[ ][ ][ ][ ][ ][ ][2]
[ ][ ][ ][ ][ ][ ][1]
[ ][ ][ ][ ][ ][ ][2]
[ ][ ][1][ ][ ][ ][1]
[ ][2][2][ ][2][1][2]
[1][1][1][2][2][1][1]

Player 2 Move (Score: -2009900):
Current player: 1
[ ][ ][ ][ ][ ][ ][2]
[ ][ ][ ][ ][ ][ ][1]
[ ][ ][ ][ ][ ][ ][2]
[ ][ ][1][ ][ ][ ][1]
[ ][2][2][2][2][1][2]
[1][1][1][2][2][1][1]

Result: Player 2 Wins

Simulating game 3/10 (Player 1 Depth: 3, Player 2 Depth: 2)
Player 1 Move (Score: 0):
Current player: 2
[ ][ ][ ][ ][ ][ ][ ]
[ ][ ][ ][ ][ ][ ][ ]
[ ][ ][ ][ ][ ][ ][ ]
[ ][ ][ ][ ][ ][ ][ ]
[ ][ ][ ][ ][ ][ ][ ]
[ ][1][ ][ ][ ][ ][ ]

Player 2 Move (Score: 0):
Current player: 1
[ ][ ][ ][ ][ ][ ][ ]
[ ][ ][ ][ ][ ][ ][ ]
[ ][ ][ ][ ][ ][ ][ ]
[ ][ ][ ][ ][ ][ ][ ]
[ ][2][ ][ ][ ][ ][ ]
[ ][1][ ][ ][ ][ ][ ]

Player 1 Move (Score: 0):
Current player: 2
[ ][ ][ ][ ][ ][ ][ ]
[ ][ ][ ][ ][ ][ ][ ]
[ ][ ][ ][ ][ ][ ][ ]
[ ][ ][ ][ ][ ][ ][ ]
[ ][2][ ][ ][ ][ ][ ]
[ ][1][1][ ][ ][ ][ ]

Player 2 Move (Score: -100):
Current player: 1
[ ][ ][ ][ ][ ][ ][ ]
[ ][ ][ ][ ][ ][ ][ ]
[ ][ ][ ][ ][ ][ ][ ]
[ ][ ][ ][ ][ ][ ][ ]
[ ][2][ ][ ][ ][ ][ ]
[ ][1][1][ ][2][ ][ ]

Player 1 Move (Score: -100):
Current player: 2
[ ][ ][ ][ ][ ][ ][ ]
[ ][ ][ ][ ][ ][ ][ ]
[ ][ ][ ][ ][ ][ ][ ]
[ ][ ][ ][ ][ ][ ][ ]
[ ][2][ ][ ][ ][ ][ ]
[ ][1][1][ ][2][ ][1]

Player 2 Move (Score: -100):
Current player: 1
[ ][ ][ ][ ][ ][ ][ ]
[ ][ ][ ][ ][ ][ ][ ]
[ ][ ][ ][ ][ ][ ][ ]
[ ][ ][ ][ ][ ][ ][ ]
[ ][2][ ][ ][ ][ ][ ]
[ ][1][1][ ][2][2][1]

Player 1 Move (Score: -100):
Current player: 2
[ ][ ][ ][ ][ ][ ][ ]
[ ][ ][ ][ ][ ][ ][ ]
[ ][ ][ ][ ][ ][ ][ ]
[ ][1][ ][ ][ ][ ][ ]
[ ][2][ ][ ][ ][ ][ ]
[ ][1][1][ ][2][2][1]

Player 2 Move (Score: -100):
Current player: 1
[ ][ ][ ][ ][ ][ ][ ]
[ ][ ][ ][ ][ ][ ][ ]
[ ][ ][ ][ ][ ][ ][ ]
[ ][1][ ][ ][ ][ ][ ]
[ ][2][ ][ ][ ][ ][2]
[ ][1][1][ ][2][2][1]

Player 1 Move (Score: -100):
Current player: 2
[ ][ ][ ][ ][ ][ ][ ]
[ ][ ][ ][ ][ ][ ][ ]
[ ][1][ ][ ][ ][ ][ ]
[ ][1][ ][ ][ ][ ][ ]
[ ][2][ ][ ][ ][ ][2]
[ ][1][1][ ][2][2][1]

Player 2 Move (Score: -100):
Current player: 1
[ ][ ][ ][ ][ ][ ][ ]
[ ][ ][ ][ ][ ][ ][ ]
[ ][1][ ][ ][ ][ ][ ]
[ ][1][ ][ ][ ][ ][2]
[ ][2][ ][ ][ ][ ][2]
[ ][1][1][ ][2][2][1]

Player 1 Move (Score: -100):
Current player: 2
[ ][ ][ ][ ][ ][ ][ ]
[ ][ ][ ][ ][ ][ ][ ]
[ ][1][ ][ ][ ][ ][1]
[ ][1][ ][ ][ ][ ][2]
[ ][2][ ][ ][ ][ ][2]
[ ][1][1][ ][2][2][1]

Player 2 Move (Score: -200):
Current player: 1
[ ][ ][ ][ ][ ][ ][ ]
[ ][ ][ ][ ][ ][ ][2]
[ ][1][ ][ ][ ][ ][1]
[ ][1][ ][ ][ ][ ][2]
[ ][2][ ][ ][ ][ ][2]
[ ][1][1][ ][2][2][1]

Player 1 Move (Score: -100):
Current player: 2
[ ][ ][ ][ ][ ][ ][1]
[ ][ ][ ][ ][ ][ ][2]
[ ][1][ ][ ][ ][ ][1]
[ ][1][ ][ ][ ][ ][2]
[ ][2][ ][ ][ ][ ][2]
[ ][1][1][ ][2][2][1]

Player 2 Move (Score: -100):
Current player: 1
[ ][ ][ ][ ][ ][ ][1]
[ ][ ][ ][ ][ ][ ][2]
[ ][1][ ][ ][ ][ ][1]
[ ][1][ ][ ][ ][ ][2]
[ ][2][ ][ ][ ][2][2]
[ ][1][1][ ][2][2][1]

Player 1 Move (Score: -100):
Current player: 2
[ ][ ][ ][ ][ ][ ][1]
[ ][ ][ ][ ][ ][ ][2]
[ ][1][ ][ ][ ][ ][1]
[ ][1][ ][ ][ ][ ][2]
[ ][2][ ][ ][1][2][2]
[ ][1][1][ ][2][2][1]

Player 2 Move (Score: -100):
Current player: 1
[ ][ ][ ][ ][ ][ ][1]
[ ][ ][ ][ ][ ][ ][2]
[ ][1][ ][ ][ ][ ][1]
[ ][1][ ][ ][ ][ ][2]
[ ][2][2][ ][1][2][2]
[ ][1][1][ ][2][2][1]

Player 1 Move (Score: -230):
Current player: 2
[ ][ ][ ][ ][ ][ ][1]
[ ][ ][ ][ ][ ][ ][2]
[ ][1][ ][ ][ ][ ][1]
[ ][1][ ][ ][1][ ][2]
[ ][2][2][ ][1][2][2]
[ ][1][1][ ][2][2][1]

Player 2 Move (Score: -230):
Current player: 1
[ ][ ][ ][ ][ ][ ][1]
[ ][ ][ ][ ][ ][ ][2]
[ ][1][ ][ ][ ][ ][1]
[ ][1][2][ ][1][ ][2]
[ ][2][2][ ][1][2][2]
[ ][1][1][ ][2][2][1]

Player 1 Move (Score: -230):
Current player: 2
[ ][ ][ ][ ][ ][ ][1]
[ ][ ][ ][ ][ ][ ][2]
[ ][1][1][ ][ ][ ][1]
[ ][1][2][ ][1][ ][2]
[ ][2][2][ ][1][2][2]
[ ][1][1][ ][2][2][1]

Player 2 Move (Score: -230):
Current player: 1
[ ][ ][ ][ ][ ][ ][1]
[ ][ ][2][ ][ ][ ][2]
[ ][1][1][ ][ ][ ][1]
[ ][1][2][ ][1][ ][2]
[ ][2][2][ ][1][2][2]
[ ][1][1][ ][2][2][1]

Player 1 Move (Score: -230):
Current player: 2
[ ][ ][1][ ][ ][ ][1]
[ ][ ][2][ ][ ][ ][2]
[ ][1][1][ ][ ][ ][1]
[ ][1][2][ ][1][ ][2]
[ ][2][2][ ][1][2][2]
[ ][1][1][ ][2][2][1]

Player 2 Move (Score: -230):
Current player: 1
[ ][ ][1][ ][ ][ ][1]
[ ][ ][2][ ][ ][ ][2]
[ ][1][1][ ][2][ ][1]
[ ][1][2][ ][1][ ][2]
[ ][2][2][ ][1][2][2]
[ ][1][1][ ][2][2][1]

Player 1 Move (Score: -10000):
Current player: 2
[ ][ ][1][ ][ ][ ][1]
[ ][ ][2][ ][ ][ ][2]
[ ][1][1][ ][2][ ][1]
[ ][1][2][ ][1][ ][2]
[ ][2][2][ ][1][2][2]
[ ][1][1][1][2][2][1]

Player 2 Move (Score: -10000):
Current player: 1
[ ][ ][1][ ][ ][ ][1]
[ ][ ][2][ ][2][ ][2]
[ ][1][1][ ][2][ ][1]
[ ][1][2][ ][1][ ][2]
[ ][2][2][ ][1][2][2]
[ ][1][1][1][2][2][1]

Player 1 Move (Score: -10100):
Current player: 2
[ ][ ][1][ ][1][ ][1]
[ ][ ][2][ ][2][ ][2]
[ ][1][1][ ][2][ ][1]
[ ][1][2][ ][1][ ][2]
[ ][2][2][ ][1][2][2]
[ ][1][1][1][2][2][1]

Player 2 Move (Score: -10100):
Current player: 1
[ ][ ][1][ ][1][ ][1]
[ ][ ][2][ ][2][ ][2]
[ ][1][1][ ][2][ ][1]
[ ][1][2][ ][1][ ][2]
[ ][2][2][2][1][2][2]
[ ][1][1][1][2][2][1]

Player 1 Move (Score: -1990200):
Current player: 2
[ ][ ][1][ ][1][ ][1]
[ ][1][2][ ][2][ ][2]
[ ][1][1][ ][2][ ][1]
[ ][1][2][ ][1][ ][2]
[ ][2][2][2][1][2][2]
[ ][1][1][1][2][2][1]

Player 2 Move (Score: -1990200):
Current player: 1
[ ][2][1][ ][1][ ][1]
[ ][1][2][ ][2][ ][2]
[ ][1][1][ ][2][ ][1]
[ ][1][2][ ][1][ ][2]
[ ][2][2][2][1][2][2]
[ ][1][1][1][2][2][1]

Player 1 Move (Score: -1990200):
Current player: 2
[ ][2][1][ ][1][ ][1]
[ ][1][2][ ][2][ ][2]
[ ][1][1][ ][2][ ][1]
[ ][1][2][ ][1][ ][2]
[ ][2][2][2][1][2][2]
[1][1][1][1][2][2][1]

Result: Player 1 Wins

Simulating game 4/10 (Player 1 Depth: 3, Player 2 Depth: 2)
Player 1 Move (Score: 0):
Current player: 2
[ ][ ][ ][ ][ ][ ][ ]
[ ][ ][ ][ ][ ][ ][ ]
[ ][ ][ ][ ][ ][ ][ ]
[ ][ ][ ][ ][ ][ ][ ]
[ ][ ][ ][ ][ ][ ][ ]
[ ][1][ ][ ][ ][ ][ ]

Player 2 Move (Score: 0):
Current player: 1
[ ][ ][ ][ ][ ][ ][ ]
[ ][ ][ ][ ][ ][ ][ ]
[ ][ ][ ][ ][ ][ ][ ]
[ ][ ][ ][ ][ ][ ][ ]
[ ][ ][ ][ ][ ][ ][ ]
[ ][1][2][ ][ ][ ][ ]

Player 1 Move (Score: 0):
Current player: 2
[ ][ ][ ][ ][ ][ ][ ]
[ ][ ][ ][ ][ ][ ][ ]
[ ][ ][ ][ ][ ][ ][ ]
[ ][ ][ ][ ][ ][ ][ ]
[ ][ ][ ][ ][ ][ ][ ]
[ ][1][2][ ][ ][ ][1]

Player 2 Move (Score: 0):
Current player: 1
[ ][ ][ ][ ][ ][ ][ ]
[ ][ ][ ][ ][ ][ ][ ]
[ ][ ][ ][ ][ ][ ][ ]
[ ][ ][ ][ ][ ][ ][ ]
[ ][ ][ ][ ][ ][ ][ ]
[2][1][2][ ][ ][ ][1]

Player 1 Move (Score: 0):
Current player: 2
[ ][ ][ ][ ][ ][ ][ ]
[ ][ ][ ][ ][ ][ ][ ]
[ ][ ][ ][ ][ ][ ][ ]
[ ][ ][ ][ ][ ][ ][ ]
[1][ ][ ][ ][ ][ ][ ]
[2][1][2][ ][ ][ ][1]

Player 2 Move (Score: 0):
Current player: 1
[ ][ ][ ][ ][ ][ ][ ]
[ ][ ][ ][ ][ ][ ][ ]
[ ][ ][ ][ ][ ][ ][ ]
[ ][ ][ ][ ][ ][ ][ ]
[1][2][ ][ ][ ][ ][ ]
[2][1][2][ ][ ][ ][1]

Player 1 Move (Score: 100):
Current player: 2
[ ][ ][ ][ ][ ][ ][ ]
[ ][ ][ ][ ][ ][ ][ ]
[ ][ ][ ][ ][ ][ ][ ]
[ ][ ][ ][ ][ ][ ][ ]
[1][2][ ][ ][ ][ ][ ]
[2][1][2][1][ ][ ][1]

Player 2 Move (Score: 100):
Current player: 1
[ ][ ][ ][ ][ ][ ][ ]
[ ][ ][ ][ ][ ][ ][ ]
[ ][ ][ ][ ][ ][ ][ ]
[ ][ ][ ][ ][ ][ ][ ]
[1][2][ ][ ][ ][ ][2]
[2][1][2][1][ ][ ][1]

Player 1 Move (Score: 100):
Current player: 2
[ ][ ][ ][ ][ ][ ][ ]
[ ][ ][ ][ ][ ][ ][ ]
[ ][ ][ ][ ][ ][ ][ ]
[ ][ ][ ][ ][ ][ ][ ]
[1][2][ ][ ][ ][ ][2]
[2][1][2][1][ ][1][1]

Player 2 Move (Score: 100):
Current player: 1
[ ][ ][ ][ ][ ][ ][ ]
[ ][ ][ ][ ][ ][ ][ ]
[ ][ ][ ][ ][ ][ ][ ]
[ ][ ][ ][ ][ ][ ][ ]
[1][2][ ][2][ ][ ][2]
[2][1][2][1][ ][1][1]

Player 1 Move (Score: 200):
Current player: 2
[ ][ ][ ][ ][ ][ ][ ]
[ ][ ][ ][ ][ ][ ][ ]
[ ][ ][ ][ ][ ][ ][ ]
[ ][ ][ ][ ][ ][ ][1]
[1][2][ ][2][ ][ ][2]
[2][1][2][1][ ][1][1]

Player 2 Move (Score: 200):
Current player: 1
[ ][ ][ ][ ][ ][ ][ ]
[ ][ ][ ][ ][ ][ ][ ]
[ ][ ][ ][ ][ ][ ][ ]
[ ][2][ ][ ][ ][ ][1]
[1][2][ ][2][ ][ ][2]
[2][1][2][1][ ][1][1]

Player 1 Move (Score: 200):
Current player: 2
[ ][ ][ ][ ][ ][ ][ ]
[ ][ ][ ][ ][ ][ ][ ]
[ ][ ][ ][ ][ ][ ][1]
[ ][2][ ][ ][ ][ ][1]
[1][2][ ][2][ ][ ][2]
[2][1][2][1][ ][1][1]

Player 2 Move (Score: 200):
Current player: 1
[ ][ ][ ][ ][ ][ ][ ]
[ ][ ][ ][ ][ ][ ][2]
[ ][ ][ ][ ][ ][ ][1]
[ ][2][ ][ ][ ][ ][1]
[1][2][ ][2][ ][ ][2]
[2][1][2][1][ ][1][1]

Player 1 Move (Score: 300):
Current player: 2
[ ][ ][ ][ ][ ][ ][1]
[ ][ ][ ][ ][ ][ ][2]
[ ][ ][ ][ ][ ][ ][1]
[ ][2][ ][ ][ ][ ][1]
[1][2][ ][2][ ][ ][2]
[2][1][2][1][ ][1][1]

Player 2 Move (Score: 300):
Current player: 1
[ ][ ][ ][ ][ ][ ][1]
[ ][ ][ ][ ][ ][ ][2]
[ ][ ][ ][ ][ ][ ][1]
[ ][2][ ][ ][ ][ ][1]
[1][2][ ][2][ ][2][2]
[2][1][2][1][ ][1][1]

Player 1 Move (Score: 300):
Current player: 2
[ ][ ][ ][ ][ ][ ][1]
[ ][ ][ ][ ][ ][ ][2]
[ ][1][ ][ ][ ][ ][1]
[ ][2][ ][ ][ ][ ][1]
[1][2][ ][2][ ][2][2]
[2][1][2][1][ ][1][1]

Player 2 Move (Score: 200):
Current player: 1
[ ][ ][ ][ ][ ][ ][1]
[ ][2][ ][ ][ ][ ][2]
[ ][1][ ][ ][ ][ ][1]
[ ][2][ ][ ][ ][ ][1]
[1][2][ ][2][ ][2][2]
[2][1][2][1][ ][1][1]

Player 1 Move (Score: 200):
Current player: 2
[ ][ ][ ][ ][ ][ ][1]
[ ][2][ ][ ][ ][ ][2]
[ ][1][ ][ ][ ][ ][1]
[ ][2][ ][ ][ ][ ][1]
[1][2][1][2][ ][2][2]
[2][1][2][1][ ][1][1]

Player 2 Move (Score: 0):
Current player: 1
[ ][2][ ][ ][ ][ ][1]
[ ][2][ ][ ][ ][ ][2]
[ ][1][ ][ ][ ][ ][1]
[ ][2][ ][ ][ ][ ][1]
[1][2][1][2][ ][2][2]
[2][1][2][1][ ][1][1]

Player 1 Move (Score: -200):
Current player: 2
[ ][2][ ][ ][ ][ ][1]
[ ][2][ ][ ][ ][ ][2]
[ ][1][ ][ ][ ][ ][1]
[1][2][ ][ ][ ][ ][1]
[1][2][1][2][ ][2][2]
[2][1][2][1][ ][1][1]

Player 2 Move (Score: -200):
Current player: 1
[ ][2][ ][ ][ ][ ][1]
[ ][2][ ][ ][ ][ ][2]
[ ][1][ ][ ][ ][ ][1]
[1][2][ ][ ][ ][ ][1]
[1][2][1][2][ ][2][2]
[2][1][2][1][2][1][1]

Player 1 Move (Score: -300):
Current player: 2
[ ][2][ ][ ][ ][ ][1]
[ ][2][ ][ ][ ][ ][2]
[ ][1][ ][ ][ ][ ][1]
[1][2][ ][ ][ ][ ][1]
[1][2][1][2][1][2][2]
[2][1][2][1][2][1][1]

Player 2 Move (Score: -300):
Current player: 1
[ ][2][ ][ ][ ][ ][1]
[ ][2][ ][ ][ ][ ][2]
[ ][1][ ][ ][ ][ ][1]
[1][2][ ][ ][ ][2][1]
[1][2][1][2][1][2][2]
[2][1][2][1][2][1][1]

Player 1 Move (Score: -200):
Current player: 2
[ ][2][ ][ ][ ][ ][1]
[ ][2][ ][ ][ ][ ][2]
[ ][1][ ][ ][ ][ ][1]
[1][2][ ][ ][1][2][1]
[1][2][1][2][1][2][2]
[2][1][2][1][2][1][1]

Player 2 Move (Score: -200):
Current player: 1
[ ][2][ ][ ][ ][ ][1]
[ ][2][ ][ ][ ][ ][2]
[2][1][ ][ ][ ][ ][1]
[1][2][ ][ ][1][2][1]
[1][2][1][2][1][2][2]
[2][1][2][1][2][1][1]

Player 1 Move (Score: -200):
Current player: 2
[ ][2][ ][ ][ ][ ][1]
[1][2][ ][ ][ ][ ][2]
[2][1][ ][ ][ ][ ][1]
[1][2][ ][ ][1][2][1]
[1][2][1][2][1][2][2]
[2][1][2][1][2][1][1]

Player 2 Move (Score: -200):
Current player: 1
[2][2][ ][ ][ ][ ][1]
[1][2][ ][ ][ ][ ][2]
[2][1][ ][ ][ ][ ][1]
[1][2][ ][ ][1][2][1]
[1][2][1][2][1][2][2]
[2][1][2][1][2][1][1]

Player 1 Move (Score: -100):
Current player: 2
[2][2][ ][ ][ ][ ][1]
[1][2][ ][ ][ ][ ][2]
[2][1][ ][ ][ ][ ][1]
[1][2][1][ ][1][2][1]
[1][2][1][2][1][2][2]
[2][1][2][1][2][1][1]

Player 2 Move (Score: -100):
Current player: 1
[2][2][ ][ ][ ][ ][1]
[1][2][ ][ ][ ][ ][2]
[2][1][ ][ ][ ][ ][1]
[1][2][1][2][1][2][1]
[1][2][1][2][1][2][2]
[2][1][2][1][2][1][1]

Player 1 Move (Score: -10000):
Current player: 2
[2][2][ ][ ][ ][ ][1]
[1][2][ ][ ][ ][ ][2]
[2][1][1][ ][ ][ ][1]
[1][2][1][2][1][2][1]
[1][2][1][2][1][2][2]
[2][1][2][1][2][1][1]

Player 2 Move (Score: -10000):
Current player: 1
[2][2][ ][ ][ ][ ][1]
[1][2][ ][ ][ ][ ][2]
[2][1][1][ ][ ][2][1]
[1][2][1][2][1][2][1]
[1][2][1][2][1][2][2]
[2][1][2][1][2][1][1]

Player 1 Move (Score: -20000):
Current player: 2
[2][2][ ][ ][ ][ ][1]
[1][2][ ][ ][ ][1][2]
[2][1][1][ ][ ][2][1]
[1][2][1][2][1][2][1]
[1][2][1][2][1][2][2]
[2][1][2][1][2][1][1]

Player 2 Move (Score: -20000):
Current player: 1
[2][2][ ][ ][ ][2][1]
[1][2][ ][ ][ ][1][2]
[2][1][1][ ][ ][2][1]
[1][2][1][2][1][2][1]
[1][2][1][2][1][2][2]
[2][1][2][1][2][1][1]

Player 1 Move (Score: -20200):
Current player: 2
[2][2][ ][ ][ ][2][1]
[1][2][ ][ ][ ][1][2]
[2][1][1][ ][1][2][1]
[1][2][1][2][1][2][1]
[1][2][1][2][1][2][2]
[2][1][2][1][2][1][1]

Player 2 Move (Score: -20200):
Current player: 1
[2][2][ ][ ][ ][2][1]
[1][2][ ][ ][ ][1][2]
[2][1][1][2][1][2][1]
[1][2][1][2][1][2][1]
[1][2][1][2][1][2][2]
[2][1][2][1][2][1][1]

Player 1 Move (Score: -2010100):
Current player: 2
[2][2][ ][ ][ ][2][1]
[1][2][ ][ ][1][1][2]
[2][1][1][2][1][2][1]
[1][2][1][2][1][2][1]
[1][2][1][2][1][2][2]
[2][1][2][1][2][1][1]

Result: Player 1 Wins

Simulating game 5/10 (Player 1 Depth: 3, Player 2 Depth: 2)
Player 1 Move (Score: 0):
Current player: 2
[ ][ ][ ][ ][ ][ ][ ]
[ ][ ][ ][ ][ ][ ][ ]
[ ][ ][ ][ ][ ][ ][ ]
[ ][ ][ ][ ][ ][ ][ ]
[ ][ ][ ][ ][ ][ ][ ]
[ ][1][ ][ ][ ][ ][ ]

Player 2 Move (Score: 0):
Current player: 1
[ ][ ][ ][ ][ ][ ][ ]
[ ][ ][ ][ ][ ][ ][ ]
[ ][ ][ ][ ][ ][ ][ ]
[ ][ ][ ][ ][ ][ ][ ]
[ ][ ][ ][ ][ ][ ][ ]
[ ][1][ ][ ][2][ ][ ]

Player 1 Move (Score: 0):
Current player: 2
[ ][ ][ ][ ][ ][ ][ ]
[ ][ ][ ][ ][ ][ ][ ]
[ ][ ][ ][ ][ ][ ][ ]
[ ][ ][ ][ ][ ][ ][ ]
[ ][ ][ ][ ][ ][ ][ ]
[ ][1][1][ ][2][ ][ ]

Player 2 Move (Score: -100):
Current player: 1
[ ][ ][ ][ ][ ][ ][ ]
[ ][ ][ ][ ][ ][ ][ ]
[ ][ ][ ][ ][ ][ ][ ]
[ ][ ][ ][ ][ ][ ][ ]
[ ][ ][2][ ][ ][ ][ ]
[ ][1][1][ ][2][ ][ ]

Player 1 Move (Score: -100):
Current player: 2
[ ][ ][ ][ ][ ][ ][ ]
[ ][ ][ ][ ][ ][ ][ ]
[ ][ ][ ][ ][ ][ ][ ]
[ ][ ][ ][ ][ ][ ][ ]
[ ][ ][2][ ][1][ ][ ]
[ ][1][1][ ][2][ ][ ]

Player 2 Move (Score: -100):
Current player: 1
[ ][ ][ ][ ][ ][ ][ ]
[ ][ ][ ][ ][ ][ ][ ]
[ ][ ][ ][ ][ ][ ][ ]
[ ][ ][ ][ ][ ][ ][ ]
[ ][ ][2][ ][1][ ][ ]
[ ][1][1][ ][2][ ][2]

Player 1 Move (Score: -100):
Current player: 2
[ ][ ][ ][ ][ ][ ][ ]
[ ][ ][ ][ ][ ][ ][ ]
[ ][ ][ ][ ][ ][ ][ ]
[ ][ ][ ][ ][ ][ ][ ]
[ ][ ][2][ ][1][ ][ ]
[ ][1][1][1][2][ ][2]

Player 2 Move (Score: -10100):
Current player: 1
[ ][ ][ ][ ][ ][ ][ ]
[ ][ ][ ][ ][ ][ ][ ]
[ ][ ][ ][ ][ ][ ][ ]
[ ][ ][ ][ ][ ][ ][ ]
[ ][ ][2][ ][1][ ][ ]
[ ][1][1][1][2][2][2]

Player 1 Move (Score: -10100):
Current player: 2
[ ][ ][ ][ ][ ][ ][ ]
[ ][ ][ ][ ][ ][ ][ ]
[ ][ ][ ][ ][ ][ ][ ]
[ ][ ][ ][ ][ ][ ][ ]
[ ][ ][2][ ][1][ ][1]
[ ][1][1][1][2][2][2]

Player 2 Move (Score: -10100):
Current player: 1
[ ][ ][ ][ ][ ][ ][ ]
[ ][ ][ ][ ][ ][ ][ ]
[ ][ ][ ][ ][ ][ ][ ]
[ ][ ][ ][ ][2][ ][ ]
[ ][ ][2][ ][1][ ][1]
[ ][1][1][1][2][2][2]

Player 1 Move (Score: -10100):
Current player: 2
[ ][ ][ ][ ][ ][ ][ ]
[ ][ ][ ][ ][ ][ ][ ]
[ ][ ][ ][ ][ ][ ][ ]
[ ][ ][ ][ ][2][ ][1]
[ ][ ][2][ ][1][ ][1]
[ ][1][1][1][2][2][2]

Player 2 Move (Score: -10100):
Current player: 1
[ ][ ][ ][ ][ ][ ][ ]
[ ][ ][ ][ ][ ][ ][ ]
[ ][ ][ ][ ][2][ ][ ]
[ ][ ][ ][ ][2][ ][1]
[ ][ ][2][ ][1][ ][1]
[ ][1][1][1][2][2][2]

Player 1 Move (Score: -10100):
Current player: 2
[ ][ ][ ][ ][ ][ ][ ]
[ ][ ][ ][ ][ ][ ][ ]
[ ][ ][ ][ ][2][ ][ ]
[ ][ ][ ][ ][2][ ][1]
[ ][ ][2][ ][1][1][1]
[ ][1][1][1][2][2][2]

Player 2 Move (Score: -20100):
Current player: 1
[ ][ ][ ][ ][ ][ ][ ]
[ ][ ][ ][ ][ ][ ][ ]
[ ][ ][ ][ ][2][ ][ ]
[ ][ ][2][ ][2][ ][1]
[ ][ ][2][ ][1][1][1]
[ ][1][1][1][2][2][2]

Player 1 Move (Score: -20000):
Current player: 2
[ ][ ][ ][ ][ ][ ][ ]
[ ][ ][ ][ ][ ][ ][ ]
[ ][ ][ ][ ][2][ ][ ]
[ ][ ][2][ ][2][1][1]
[ ][ ][2][ ][1][1][1]
[ ][1][1][1][2][2][2]

Player 2 Move (Score: -29670):
Current player: 1
[ ][ ][ ][ ][ ][ ][ ]
[ ][ ][ ][ ][ ][ ][ ]
[ ][ ][ ][ ][2][2][ ]
[ ][ ][2][ ][2][1][1]
[ ][ ][2][ ][1][1][1]
[ ][1][1][1][2][2][2]

Player 1 Move (Score: -29470):
Current player: 2
[ ][ ][ ][ ][ ][ ][ ]
[ ][ ][ ][ ][ ][ ][ ]
[ ][ ][ ][ ][2][2][ ]
[ ][ ][2][ ][2][1][1]
[ ][1][2][ ][1][1][1]
[ ][1][1][1][2][2][2]

Player 2 Move (Score: -29470):
Current player: 1
[ ][ ][ ][ ][ ][ ][ ]
[ ][ ][ ][ ][ ][ ][ ]
[ ][ ][ ][ ][2][2][ ]
[ ][2][2][ ][2][1][1]
[ ][1][2][ ][1][1][1]
[ ][1][1][1][2][2][2]

Player 1 Move (Score: -29470):
Current player: 2
[ ][ ][ ][ ][ ][ ][ ]
[ ][ ][ ][ ][ ][1][ ]
[ ][ ][ ][ ][2][2][ ]
[ ][2][2][ ][2][1][1]
[ ][1][2][ ][1][1][1]
[ ][1][1][1][2][2][2]

Player 2 Move (Score: -29470):
Current player: 1
[ ][ ][ ][ ][ ][2][ ]
[ ][ ][ ][ ][ ][1][ ]
[ ][ ][ ][ ][2][2][ ]
[ ][2][2][ ][2][1][1]
[ ][1][2][ ][1][1][1]
[ ][1][1][1][2][2][2]

Player 1 Move (Score: -29470):
Current player: 2
[ ][ ][ ][ ][ ][2][ ]
[ ][ ][ ][ ][ ][1][ ]
[ ][1][ ][ ][2][2][ ]
[ ][2][2][ ][2][1][1]
[ ][1][2][ ][1][1][1]
[ ][1][1][1][2][2][2]

Player 2 Move (Score: -29470):
Current player: 1
[ ][ ][ ][ ][ ][2][ ]
[ ][2][ ][ ][ ][1][ ]
[ ][1][ ][ ][2][2][ ]
[ ][2][2][ ][2][1][1]
[ ][1][2][ ][1][1][1]
[ ][1][1][1][2][2][2]

Player 1 Move (Score: -19800):
Current player: 2
[ ][1][ ][ ][ ][2][ ]
[ ][2][ ][ ][ ][1][ ]
[ ][1][ ][ ][2][2][ ]
[ ][2][2][ ][2][1][1]
[ ][1][2][ ][1][1][1]
[ ][1][1][1][2][2][2]

Player 2 Move (Score: -19800):
Current player: 1
[ ][1][ ][ ][ ][2][ ]
[ ][2][ ][ ][2][1][ ]
[ ][1][ ][ ][2][2][ ]
[ ][2][2][ ][2][1][1]
[ ][1][2][ ][1][1][1]
[ ][1][1][1][2][2][2]

Player 1 Move (Score: -29600):
Current player: 2
[ ][1][ ][ ][1][2][ ]
[ ][2][ ][ ][2][1][ ]
[ ][1][ ][ ][2][2][ ]
[ ][2][2][ ][2][1][1]
[ ][1][2][ ][1][1][1]
[ ][1][1][1][2][2][2]

Player 2 Move (Score: -29600):
Current player: 1
[ ][1][ ][ ][1][2][ ]
[ ][2][ ][ ][2][1][ ]
[ ][1][2][ ][2][2][ ]
[ ][2][2][ ][2][1][1]
[ ][1][2][ ][1][1][1]
[ ][1][1][1][2][2][2]

Player 1 Move (Score: -2009400):
Current player: 2
[ ][1][ ][ ][1][2][ ]
[ ][2][ ][ ][2][1][ ]
[ ][1][2][ ][2][2][ ]
[ ][2][2][ ][2][1][1]
[ ][1][2][ ][1][1][1]
[1][1][1][1][2][2][2]

Result: Player 1 Wins

Simulating game 6/10 (Player 1 Depth: 3, Player 2 Depth: 2)
Player 1 Move (Score: 0):
Current player: 2
[ ][ ][ ][ ][ ][ ][ ]
[ ][ ][ ][ ][ ][ ][ ]
[ ][ ][ ][ ][ ][ ][ ]
[ ][ ][ ][ ][ ][ ][ ]
[ ][ ][ ][ ][ ][ ][ ]
[ ][ ][ ][ ][1][ ][ ]

Player 2 Move (Score: 0):
Current player: 1
[ ][ ][ ][ ][ ][ ][ ]
[ ][ ][ ][ ][ ][ ][ ]
[ ][ ][ ][ ][ ][ ][ ]
[ ][ ][ ][ ][ ][ ][ ]
[ ][ ][ ][ ][ ][ ][ ]
[ ][ ][ ][ ][1][2][ ]

Player 1 Move (Score: 0):
Current player: 2
[ ][ ][ ][ ][ ][ ][ ]
[ ][ ][ ][ ][ ][ ][ ]
[ ][ ][ ][ ][ ][ ][ ]
[ ][ ][ ][ ][ ][ ][ ]
[ ][ ][ ][ ][ ][1][ ]
[ ][ ][ ][ ][1][2][ ]

Player 2 Move (Score: 0):
Current player: 1
[ ][ ][ ][ ][ ][ ][ ]
[ ][ ][ ][ ][ ][ ][ ]
[ ][ ][ ][ ][ ][ ][ ]
[ ][ ][ ][ ][ ][2][ ]
[ ][ ][ ][ ][ ][1][ ]
[ ][ ][ ][ ][1][2][ ]

Player 1 Move (Score: 0):
Current player: 2
[ ][ ][ ][ ][ ][ ][ ]
[ ][ ][ ][ ][ ][ ][ ]
[ ][ ][ ][ ][ ][ ][ ]
[ ][ ][ ][ ][ ][2][ ]
[ ][ ][ ][ ][ ][1][ ]
[ ][ ][ ][1][1][2][ ]

Player 2 Move (Score: 0):
Current player: 1
[ ][ ][ ][ ][ ][ ][ ]
[ ][ ][ ][ ][ ][ ][ ]
[ ][ ][ ][ ][ ][2][ ]
[ ][ ][ ][ ][ ][2][ ]
[ ][ ][ ][ ][ ][1][ ]
[ ][ ][ ][1][1][2][ ]

Player 1 Move (Score: 100):
Current player: 2
[ ][ ][ ][ ][ ][ ][ ]
[ ][ ][ ][ ][ ][ ][ ]
[ ][ ][ ][ ][ ][2][ ]
[ ][ ][ ][ ][ ][2][ ]
[ ][ ][ ][ ][ ][1][ ]
[ ][1][ ][1][1][2][ ]

Player 2 Move (Score: 100):
Current player: 1
[ ][ ][ ][ ][ ][ ][ ]
[ ][ ][ ][ ][ ][ ][ ]
[ ][ ][ ][ ][ ][2][ ]
[ ][ ][ ][ ][ ][2][ ]
[ ][ ][ ][ ][ ][1][ ]
[ ][1][ ][1][1][2][2]

Player 1 Move (Score: 0):
Current player: 2
[ ][ ][ ][ ][ ][ ][ ]
[ ][ ][ ][ ][ ][ ][ ]
[ ][ ][ ][ ][ ][2][ ]
[ ][ ][ ][ ][ ][2][ ]
[ ][ ][ ][ ][ ][1][ ]
[1][1][ ][1][1][2][2]

Player 2 Move (Score: 0):
Current player: 1
[ ][ ][ ][ ][ ][ ][ ]
[ ][ ][ ][ ][ ][ ][ ]
[ ][ ][ ][ ][ ][2][ ]
[ ][ ][ ][ ][ ][2][ ]
[ ][ ][ ][2][ ][1][ ]
[1][1][ ][1][1][2][2]

Player 1 Move (Score: 100):
Current player: 2
[ ][ ][ ][ ][ ][ ][ ]
[ ][ ][ ][ ][ ][ ][ ]
[ ][ ][ ][ ][ ][2][ ]
[ ][ ][ ][ ][ ][2][ ]
[ ][ ][ ][2][ ][1][1]
[1][1][ ][1][1][2][2]

Player 2 Move (Score: 100):
Current player: 1
[ ][ ][ ][ ][ ][ ][ ]
[ ][ ][ ][ ][ ][ ][ ]
[ ][ ][ ][ ][ ][2][ ]
[ ][ ][ ][2][ ][2][ ]
[ ][ ][ ][2][ ][1][1]
[1][1][ ][1][1][2][2]

Player 1 Move (Score: 100):
Current player: 2
[ ][ ][ ][ ][ ][ ][ ]
[ ][ ][ ][ ][ ][ ][ ]
[ ][ ][ ][ ][ ][2][ ]
[ ][ ][ ][2][ ][2][ ]
[ ][ ][ ][2][1][1][1]
[1][1][ ][1][1][2][2]

Player 2 Move (Score: 0):
Current player: 1
[ ][ ][ ][ ][ ][ ][ ]
[ ][ ][ ][ ][ ][ ][ ]
[ ][ ][ ][ ][ ][2][ ]
[ ][ ][ ][2][ ][2][ ]
[ ][ ][ ][2][1][1][1]
[1][1][2][1][1][2][2]

Player 1 Move (Score: -10100):
Current player: 2
[ ][ ][ ][ ][ ][ ][ ]
[ ][ ][ ][ ][ ][ ][ ]
[ ][ ][ ][ ][ ][2][ ]
[ ][ ][ ][2][1][2][ ]
[ ][ ][ ][2][1][1][1]
[1][1][2][1][1][2][2]

Player 2 Move (Score: -10100):
Current player: 1
[ ][ ][ ][ ][ ][ ][ ]
[ ][ ][ ][ ][ ][ ][ ]
[ ][ ][ ][ ][ ][2][ ]
[ ][ ][ ][2][1][2][ ]
[ ][2][ ][2][1][1][1]
[1][1][2][1][1][2][2]

Player 1 Move (Score: -10100):
Current player: 2
[ ][ ][ ][ ][ ][ ][ ]
[ ][ ][ ][ ][ ][ ][ ]
[ ][ ][ ][ ][ ][2][ ]
[ ][ ][ ][2][1][2][ ]
[1][2][ ][2][1][1][1]
[1][1][2][1][1][2][2]

Player 2 Move (Score: -10100):
Current player: 1
[ ][ ][ ][ ][ ][ ][ ]
[ ][ ][ ][ ][ ][ ][ ]
[ ][ ][ ][ ][ ][2][ ]
[ ][2][ ][2][1][2][ ]
[1][2][ ][2][1][1][1]
[1][1][2][1][1][2][2]

Player 1 Move (Score: -10000):
Current player: 2
[ ][ ][ ][ ][ ][ ][ ]
[ ][ ][ ][ ][ ][ ][ ]
[ ][ ][ ][ ][ ][2][ ]
[ ][2][ ][2][1][2][ ]
[1][2][1][2][1][1][1]
[1][1][2][1][1][2][2]

Player 2 Move (Score: -10000):
Current player: 1
[ ][ ][ ][ ][ ][ ][ ]
[ ][ ][ ][ ][ ][ ][ ]
[ ][ ][ ][ ][ ][2][ ]
[ ][2][ ][2][1][2][2]
[1][2][1][2][1][1][1]
[1][1][2][1][1][2][2]

Player 1 Move (Score: -10000):
Current player: 2
[ ][ ][ ][ ][ ][ ][ ]
[ ][ ][ ][ ][ ][ ][ ]
[ ][ ][ ][ ][ ][2][1]
[ ][2][ ][2][1][2][2]
[1][2][1][2][1][1][1]
[1][1][2][1][1][2][2]

Player 2 Move (Score: -10000):
Current player: 1
[ ][ ][ ][ ][ ][ ][ ]
[ ][ ][ ][ ][ ][ ][2]
[ ][ ][ ][ ][ ][2][1]
[ ][2][ ][2][1][2][2]
[1][2][1][2][1][1][1]
[1][1][2][1][1][2][2]

Player 1 Move (Score: -9900):
Current player: 2
[ ][ ][ ][ ][ ][ ][1]
[ ][ ][ ][ ][ ][ ][2]
[ ][ ][ ][ ][ ][2][1]
[ ][2][ ][2][1][2][2]
[1][2][1][2][1][1][1]
[1][1][2][1][1][2][2]

Player 2 Move (Score: -9900):
Current player: 1
[ ][ ][ ][ ][ ][ ][1]
[ ][ ][ ][ ][ ][ ][2]
[ ][ ][ ][ ][ ][2][1]
[2][2][ ][2][1][2][2]
[1][2][1][2][1][1][1]
[1][1][2][1][1][2][2]

Player 1 Move (Score: -10000):
Current player: 2
[ ][ ][ ][ ][ ][ ][1]
[ ][ ][ ][ ][ ][1][2]
[ ][ ][ ][ ][ ][2][1]
[2][2][ ][2][1][2][2]
[1][2][1][2][1][1][1]
[1][1][2][1][1][2][2]

Player 2 Move (Score: -1990300):
Current player: 1
[ ][ ][ ][ ][ ][ ][1]
[ ][ ][ ][ ][ ][1][2]
[ ][ ][ ][ ][ ][2][1]
[2][2][2][2][1][2][2]
[1][2][1][2][1][1][1]
[1][1][2][1][1][2][2]

Result: Player 2 Wins

Simulating game 7/10 (Player 1 Depth: 3, Player 2 Depth: 2)
Player 1 Move (Score: 0):
Current player: 2
[ ][ ][ ][ ][ ][ ][ ]
[ ][ ][ ][ ][ ][ ][ ]
[ ][ ][ ][ ][ ][ ][ ]
[ ][ ][ ][ ][ ][ ][ ]
[ ][ ][ ][ ][ ][ ][ ]
[ ][ ][ ][ ][1][ ][ ]

Player 2 Move (Score: 0):
Current player: 1
[ ][ ][ ][ ][ ][ ][ ]
[ ][ ][ ][ ][ ][ ][ ]
[ ][ ][ ][ ][ ][ ][ ]
[ ][ ][ ][ ][ ][ ][ ]
[ ][ ][ ][ ][ ][ ][ ]
[ ][ ][ ][ ][1][ ][2]

Player 1 Move (Score: 0):
Current player: 2
[ ][ ][ ][ ][ ][ ][ ]
[ ][ ][ ][ ][ ][ ][ ]
[ ][ ][ ][ ][ ][ ][ ]
[ ][ ][ ][ ][ ][ ][ ]
[ ][ ][ ][ ][ ][ ][ ]
[1][ ][ ][ ][1][ ][2]

Player 2 Move (Score: 0):
Current player: 1
[ ][ ][ ][ ][ ][ ][ ]
[ ][ ][ ][ ][ ][ ][ ]
[ ][ ][ ][ ][ ][ ][ ]
[ ][ ][ ][ ][ ][ ][ ]
[ ][ ][ ][ ][ ][ ][ ]
[1][ ][2][ ][1][ ][2]

Player 1 Move (Score: 0):
Current player: 2
[ ][ ][ ][ ][ ][ ][ ]
[ ][ ][ ][ ][ ][ ][ ]
[ ][ ][ ][ ][ ][ ][ ]
[ ][ ][ ][ ][ ][ ][ ]
[ ][ ][ ][ ][ ][ ][ ]
[1][ ][2][ ][1][1][2]

Player 2 Move (Score: 0):
Current player: 1
[ ][ ][ ][ ][ ][ ][ ]
[ ][ ][ ][ ][ ][ ][ ]
[ ][ ][ ][ ][ ][ ][ ]
[ ][ ][ ][ ][ ][ ][ ]
[ ][ ][2][ ][ ][ ][ ]
[1][ ][2][ ][1][1][2]

Player 1 Move (Score: 100):
Current player: 2
[ ][ ][ ][ ][ ][ ][ ]
[ ][ ][ ][ ][ ][ ][ ]
[ ][ ][ ][ ][ ][ ][ ]
[ ][ ][ ][ ][ ][ ][ ]
[ ][ ][2][ ][ ][ ][ ]
[1][1][2][ ][1][1][2]

Player 2 Move (Score: 100):
Current player: 1
[ ][ ][ ][ ][ ][ ][ ]
[ ][ ][ ][ ][ ][ ][ ]
[ ][ ][ ][ ][ ][ ][ ]
[ ][ ][ ][ ][ ][ ][ ]
[ ][ ][2][ ][2][ ][ ]
[1][1][2][ ][1][1][2]

Player 1 Move (Score: 100):
Current player: 2
[ ][ ][ ][ ][ ][ ][ ]
[ ][ ][ ][ ][ ][ ][ ]
[ ][ ][ ][ ][ ][ ][ ]
[ ][ ][ ][ ][ ][ ][ ]
[ ][ ][2][ ][2][ ][ ]
[1][1][2][1][1][1][2]

Player 2 Move (Score: 100):
Current player: 1
[ ][ ][ ][ ][ ][ ][ ]
[ ][ ][ ][ ][ ][ ][ ]
[ ][ ][ ][ ][ ][ ][ ]
[ ][ ][ ][ ][ ][ ][ ]
[2][ ][2][ ][2][ ][ ]
[1][1][2][1][1][1][2]

Player 1 Move (Score: 100):
Current player: 2
[ ][ ][ ][ ][ ][ ][ ]
[ ][ ][ ][ ][ ][ ][ ]
[ ][ ][ ][ ][ ][ ][ ]
[ ][ ][ ][ ][ ][ ][ ]
[2][ ][2][ ][2][ ][1]
[1][1][2][1][1][1][2]

Player 2 Move (Score: 100):
Current player: 1
[ ][ ][ ][ ][ ][ ][ ]
[ ][ ][ ][ ][ ][ ][ ]
[ ][ ][ ][ ][ ][ ][ ]
[ ][ ][ ][ ][ ][ ][2]
[2][ ][2][ ][2][ ][1]
[1][1][2][1][1][1][2]

Player 1 Move (Score: 100):
Current player: 2
[ ][ ][ ][ ][ ][ ][ ]
[ ][ ][ ][ ][ ][ ][ ]
[ ][ ][ ][ ][ ][ ][ ]
[ ][ ][ ][ ][1][ ][2]
[2][ ][2][ ][2][ ][1]
[1][1][2][1][1][1][2]

Player 2 Move (Score: 100):
Current player: 1
[ ][ ][ ][ ][ ][ ][ ]
[ ][ ][ ][ ][ ][ ][ ]
[ ][ ][ ][ ][2][ ][ ]
[ ][ ][ ][ ][1][ ][2]
[2][ ][2][ ][2][ ][1]
[1][1][2][1][1][1][2]

Player 1 Move (Score: 100):
Current player: 2
[ ][ ][ ][ ][ ][ ][ ]
[ ][ ][ ][ ][ ][ ][ ]
[ ][ ][ ][ ][2][ ][ ]
[1][ ][ ][ ][1][ ][2]
[2][ ][2][ ][2][ ][1]
[1][1][2][1][1][1][2]

Player 2 Move (Score: 100):
Current player: 1
[ ][ ][ ][ ][ ][ ][ ]
[ ][ ][ ][ ][ ][ ][ ]
[ ][ ][ ][ ][2][ ][ ]
[1][ ][ ][ ][1][ ][2]
[2][ ][2][ ][2][2][1]
[1][1][2][1][1][1][2]

Player 1 Move (Score: -400):
Current player: 2
[ ][ ][ ][ ][ ][ ][ ]
[ ][ ][ ][ ][ ][ ][ ]
[ ][ ][ ][ ][2][ ][ ]
[1][ ][ ][ ][1][ ][2]
[2][ ][2][1][2][2][1]
[1][1][2][1][1][1][2]

Player 2 Move (Score: -400):
Current player: 1
[ ][ ][ ][ ][ ][ ][ ]
[ ][ ][ ][ ][ ][ ][ ]
[ ][ ][ ][ ][2][ ][2]
[1][ ][ ][ ][1][ ][2]
[2][ ][2][1][2][2][1]
[1][1][2][1][1][1][2]

Player 1 Move (Score: -200):
Current player: 2
[ ][ ][ ][ ][ ][ ][ ]
[ ][ ][ ][ ][ ][ ][1]
[ ][ ][ ][ ][2][ ][2]
[1][ ][ ][ ][1][ ][2]
[2][ ][2][1][2][2][1]
[1][1][2][1][1][1][2]

Player 2 Move (Score: -200):
Current player: 1
[ ][ ][ ][ ][ ][ ][ ]
[ ][ ][ ][ ][ ][ ][1]
[ ][ ][ ][ ][2][ ][2]
[1][ ][ ][ ][1][ ][2]
[2][2][2][1][2][2][1]
[1][1][2][1][1][1][2]

Player 1 Move (Score: -200):
Current player: 2
[ ][ ][ ][ ][ ][ ][1]
[ ][ ][ ][ ][ ][ ][1]
[ ][ ][ ][ ][2][ ][2]
[1][ ][ ][ ][1][ ][2]
[2][2][2][1][2][2][1]
[1][1][2][1][1][1][2]

Player 2 Move (Score: -200):
Current player: 1
[ ][ ][ ][ ][ ][ ][1]
[ ][ ][ ][ ][2][ ][1]
[ ][ ][ ][ ][2][ ][2]
[1][ ][ ][ ][1][ ][2]
[2][2][2][1][2][2][1]
[1][1][2][1][1][1][2]

Player 1 Move (Score: -200):
Current player: 2
[ ][ ][ ][ ][1][ ][1]
[ ][ ][ ][ ][2][ ][1]
[ ][ ][ ][ ][2][ ][2]
[1][ ][ ][ ][1][ ][2]
[2][2][2][1][2][2][1]
[1][1][2][1][1][1][2]

Player 2 Move (Score: -200):
Current player: 1
[ ][ ][ ][ ][1][ ][1]
[ ][ ][ ][ ][2][ ][1]
[2][ ][ ][ ][2][ ][2]
[1][ ][ ][ ][1][ ][2]
[2][2][2][1][2][2][1]
[1][1][2][1][1][1][2]

Player 1 Move (Score: -300):
Current player: 2
[ ][ ][ ][ ][1][ ][1]
[ ][ ][ ][ ][2][ ][1]
[2][ ][ ][ ][2][ ][2]
[1][1][ ][ ][1][ ][2]
[2][2][2][1][2][2][1]
[1][1][2][1][1][1][2]

Player 2 Move (Score: -300):
Current player: 1
[ ][ ][ ][ ][1][ ][1]
[2][ ][ ][ ][2][ ][1]
[2][ ][ ][ ][2][ ][2]
[1][1][ ][ ][1][ ][2]
[2][2][2][1][2][2][1]
[1][1][2][1][1][1][2]

Player 1 Move (Score: -100):
Current player: 2
[1][ ][ ][ ][1][ ][1]
[2][ ][ ][ ][2][ ][1]
[2][ ][ ][ ][2][ ][2]
[1][1][ ][ ][1][ ][2]
[2][2][2][1][2][2][1]
[1][1][2][1][1][1][2]

Player 2 Move (Score: -100):
Current player: 1
[1][ ][ ][ ][1][ ][1]
[2][ ][ ][ ][2][ ][1]
[2][ ][ ][ ][2][ ][2]
[1][1][ ][ ][1][2][2]
[2][2][2][1][2][2][1]
[1][1][2][1][1][1][2]

Player 1 Move (Score: 0):
Current player: 2
[1][ ][ ][ ][1][ ][1]
[2][ ][ ][ ][2][ ][1]
[2][1][ ][ ][2][ ][2]
[1][1][ ][ ][1][2][2]
[2][2][2][1][2][2][1]
[1][1][2][1][1][1][2]

Player 2 Move (Score: 0):
Current player: 1
[1][ ][ ][ ][1][ ][1]
[2][ ][ ][ ][2][ ][1]
[2][1][ ][ ][2][ ][2]
[1][1][2][ ][1][2][2]
[2][2][2][1][2][2][1]
[1][1][2][1][1][1][2]

Player 1 Move (Score: -100):
Current player: 2
[1][ ][ ][ ][1][ ][1]
[2][ ][ ][ ][2][ ][1]
[2][1][1][ ][2][ ][2]
[1][1][2][ ][1][2][2]
[2][2][2][1][2][2][1]
[1][1][2][1][1][1][2]

Player 2 Move (Score: -100):
Current player: 1
[1][ ][ ][ ][1][ ][1]
[2][ ][2][ ][2][ ][1]
[2][1][1][ ][2][ ][2]
[1][1][2][ ][1][2][2]
[2][2][2][1][2][2][1]
[1][1][2][1][1][1][2]

Player 1 Move (Score: 0):
Current player: 2
[1][ ][1][ ][1][ ][1]
[2][ ][2][ ][2][ ][1]
[2][1][1][ ][2][ ][2]
[1][1][2][ ][1][2][2]
[2][2][2][1][2][2][1]
[1][1][2][1][1][1][2]

Player 2 Move (Score: 0):
Current player: 1
[1][ ][1][ ][1][ ][1]
[2][2][2][ ][2][ ][1]
[2][1][1][ ][2][ ][2]
[1][1][2][ ][1][2][2]
[2][2][2][1][2][2][1]
[1][1][2][1][1][1][2]

Player 1 Move (Score: 20000):
Current player: 2
[1][1][1][ ][1][ ][1]
[2][2][2][ ][2][ ][1]
[2][1][1][ ][2][ ][2]
[1][1][2][ ][1][2][2]
[2][2][2][1][2][2][1]
[1][1][2][1][1][1][2]

Player 2 Move (Score: 20000):
Current player: 1
[1][1][1][ ][1][ ][1]
[2][2][2][ ][2][ ][1]
[2][1][1][ ][2][2][2]
[1][1][2][ ][1][2][2]
[2][2][2][1][2][2][1]
[1][1][2][1][1][1][2]

Player 1 Move (Score: 9900):
Current player: 2
[1][1][1][ ][1][ ][1]
[2][2][2][ ][2][1][1]
[2][1][1][ ][2][2][2]
[1][1][2][ ][1][2][2]
[2][2][2][1][2][2][1]
[1][1][2][1][1][1][2]

Player 2 Move (Score: 9900):
Current player: 1
[1][1][1][ ][1][2][1]
[2][2][2][ ][2][1][1]
[2][1][1][ ][2][2][2]
[1][1][2][ ][1][2][2]
[2][2][2][1][2][2][1]
[1][1][2][1][1][1][2]

Player 1 Move (Score: -12010000):
Current player: 2
[1][1][1][ ][1][2][1]
[2][2][2][ ][2][1][1]
[2][1][1][ ][2][2][2]
[1][1][2][1][1][2][2]
[2][2][2][1][2][2][1]
[1][1][2][1][1][1][2]

Player 2 Move (Score: -12010000):
Current player: 1
[1][1][1][ ][1][2][1]
[2][2][2][ ][2][1][1]
[2][1][1][2][2][2][2]
[1][1][2][1][1][2][2]
[2][2][2][1][2][2][1]
[1][1][2][1][1][1][2]

Result: Player 2 Wins

Simulating game 8/10 (Player 1 Depth: 3, Player 2 Depth: 2)
Player 1 Move (Score: 0):
Current player: 2
[ ][ ][ ][ ][ ][ ][ ]
[ ][ ][ ][ ][ ][ ][ ]
[ ][ ][ ][ ][ ][ ][ ]
[ ][ ][ ][ ][ ][ ][ ]
[ ][ ][ ][ ][ ][ ][ ]
[ ][ ][ ][ ][1][ ][ ]

Player 2 Move (Score: 0):
Current player: 1
[ ][ ][ ][ ][ ][ ][ ]
[ ][ ][ ][ ][ ][ ][ ]
[ ][ ][ ][ ][ ][ ][ ]
[ ][ ][ ][ ][ ][ ][ ]
[ ][ ][ ][ ][ ][ ][ ]
[ ][ ][ ][ ][1][ ][2]

Player 1 Move (Score: 0):
Current player: 2
[ ][ ][ ][ ][ ][ ][ ]
[ ][ ][ ][ ][ ][ ][ ]
[ ][ ][ ][ ][ ][ ][ ]
[ ][ ][ ][ ][ ][ ][ ]
[ ][ ][ ][ ][ ][ ][ ]
[ ][1][ ][ ][1][ ][2]

Player 2 Move (Score: 0):
Current player: 1
[ ][ ][ ][ ][ ][ ][ ]
[ ][ ][ ][ ][ ][ ][ ]
[ ][ ][ ][ ][ ][ ][ ]
[ ][ ][ ][ ][ ][ ][ ]
[ ][ ][ ][ ][ ][ ][ ]
[ ][1][2][ ][1][ ][2]

Player 1 Move (Score: 0):
Current player: 2
[ ][ ][ ][ ][ ][ ][ ]
[ ][ ][ ][ ][ ][ ][ ]
[ ][ ][ ][ ][ ][ ][ ]
[ ][ ][ ][ ][ ][ ][ ]
[ ][ ][ ][ ][ ][ ][1]
[ ][1][2][ ][1][ ][2]

Player 2 Move (Score: 0):
Current player: 1
[ ][ ][ ][ ][ ][ ][ ]
[ ][ ][ ][ ][ ][ ][ ]
[ ][ ][ ][ ][ ][ ][ ]
[ ][ ][ ][ ][ ][ ][ ]
[ ][ ][ ][ ][ ][ ][1]
[ ][1][2][2][1][ ][2]

Player 1 Move (Score: 0):
Current player: 2
[ ][ ][ ][ ][ ][ ][ ]
[ ][ ][ ][ ][ ][ ][ ]
[ ][ ][ ][ ][ ][ ][ ]
[ ][ ][ ][ ][ ][ ][ ]
[ ][ ][ ][ ][ ][ ][1]
[ ][1][2][2][1][1][2]

Player 2 Move (Score: 0):
Current player: 1
[ ][ ][ ][ ][ ][ ][ ]
[ ][ ][ ][ ][ ][ ][ ]
[ ][ ][ ][ ][ ][ ][ ]
[ ][ ][ ][ ][ ][ ][ ]
[ ][ ][ ][ ][ ][ ][1]
[2][1][2][2][1][1][2]

Player 1 Move (Score: 0):
Current player: 2
[ ][ ][ ][ ][ ][ ][ ]
[ ][ ][ ][ ][ ][ ][ ]
[ ][ ][ ][ ][ ][ ][ ]
[ ][ ][ ][ ][ ][ ][ ]
[1][ ][ ][ ][ ][ ][1]
[2][1][2][2][1][1][2]

Player 2 Move (Score: 0):
Current player: 1
[ ][ ][ ][ ][ ][ ][ ]
[ ][ ][ ][ ][ ][ ][ ]
[ ][ ][ ][ ][ ][ ][ ]
[ ][ ][ ][ ][ ][ ][2]
[1][ ][ ][ ][ ][ ][1]
[2][1][2][2][1][1][2]

Player 1 Move (Score: 0):
Current player: 2
[ ][ ][ ][ ][ ][ ][ ]
[ ][ ][ ][ ][ ][ ][ ]
[ ][ ][ ][ ][ ][ ][1]
[ ][ ][ ][ ][ ][ ][2]
[1][ ][ ][ ][ ][ ][1]
[2][1][2][2][1][1][2]

Player 2 Move (Score: 0):
Current player: 1
[ ][ ][ ][ ][ ][ ][ ]
[ ][ ][ ][ ][ ][ ][2]
[ ][ ][ ][ ][ ][ ][1]
[ ][ ][ ][ ][ ][ ][2]
[1][ ][ ][ ][ ][ ][1]
[2][1][2][2][1][1][2]

Player 1 Move (Score: 0):
Current player: 2
[ ][ ][ ][ ][ ][ ][1]
[ ][ ][ ][ ][ ][ ][2]
[ ][ ][ ][ ][ ][ ][1]
[ ][ ][ ][ ][ ][ ][2]
[1][ ][ ][ ][ ][ ][1]
[2][1][2][2][1][1][2]

Player 2 Move (Score: 0):
Current player: 1
[ ][ ][ ][ ][ ][ ][1]
[ ][ ][ ][ ][ ][ ][2]
[ ][ ][ ][ ][ ][ ][1]
[2][ ][ ][ ][ ][ ][2]
[1][ ][ ][ ][ ][ ][1]
[2][1][2][2][1][1][2]

Player 1 Move (Score: 0):
Current player: 2
[ ][ ][ ][ ][ ][ ][1]
[ ][ ][ ][ ][ ][ ][2]
[1][ ][ ][ ][ ][ ][1]
[2][ ][ ][ ][ ][ ][2]
[1][ ][ ][ ][ ][ ][1]
[2][1][2][2][1][1][2]

Player 2 Move (Score: 0):
Current player: 1
[ ][ ][ ][ ][ ][ ][1]
[2][ ][ ][ ][ ][ ][2]
[1][ ][ ][ ][ ][ ][1]
[2][ ][ ][ ][ ][ ][2]
[1][ ][ ][ ][ ][ ][1]
[2][1][2][2][1][1][2]

Player 1 Move (Score: 0):
Current player: 2
[1][ ][ ][ ][ ][ ][1]
[2][ ][ ][ ][ ][ ][2]
[1][ ][ ][ ][ ][ ][1]
[2][ ][ ][ ][ ][ ][2]
[1][ ][ ][ ][ ][ ][1]
[2][1][2][2][1][1][2]

Player 2 Move (Score: 0):
Current player: 1
[1][ ][ ][ ][ ][ ][1]
[2][ ][ ][ ][ ][ ][2]
[1][ ][ ][ ][ ][ ][1]
[2][ ][ ][ ][ ][ ][2]
[1][2][ ][ ][ ][ ][1]
[2][1][2][2][1][1][2]

Player 1 Move (Score: 0):
Current player: 2
[1][ ][ ][ ][ ][ ][1]
[2][ ][ ][ ][ ][ ][2]
[1][ ][ ][ ][ ][ ][1]
[2][ ][ ][ ][ ][ ][2]
[1][2][1][ ][ ][ ][1]
[2][1][2][2][1][1][2]

Player 2 Move (Score: 0):
Current player: 1
[1][ ][ ][ ][ ][ ][1]
[2][ ][ ][ ][ ][ ][2]
[1][ ][ ][ ][ ][ ][1]
[2][2][ ][ ][ ][ ][2]
[1][2][1][ ][ ][ ][1]
[2][1][2][2][1][1][2]

Player 1 Move (Score: 0):
Current player: 2
[1][ ][ ][ ][ ][ ][1]
[2][ ][ ][ ][ ][ ][2]
[1][ ][ ][ ][ ][ ][1]
[2][2][1][ ][ ][ ][2]
[1][2][1][ ][ ][ ][1]
[2][1][2][2][1][1][2]

Player 2 Move (Score: -100):
Current player: 1
[1][ ][ ][ ][ ][ ][1]
[2][ ][ ][ ][ ][ ][2]
[1][ ][ ][ ][ ][ ][1]
[2][2][1][ ][ ][ ][2]
[1][2][1][ ][2][ ][1]
[2][1][2][2][1][1][2]

Player 1 Move (Score: -100):
Current player: 2
[1][ ][ ][ ][ ][ ][1]
[2][ ][ ][ ][ ][ ][2]
[1][ ][ ][ ][ ][ ][1]
[2][2][1][ ][1][ ][2]
[1][2][1][ ][2][ ][1]
[2][1][2][2][1][1][2]

Player 2 Move (Score: -100):
Current player: 1
[1][ ][ ][ ][ ][ ][1]
[2][ ][ ][ ][ ][ ][2]
[1][ ][ ][ ][ ][ ][1]
[2][2][1][ ][1][ ][2]
[1][2][1][ ][2][2][1]
[2][1][2][2][1][1][2]

Player 1 Move (Score: -200):
Current player: 2
[1][ ][ ][ ][ ][ ][1]
[2][ ][ ][ ][ ][ ][2]
[1][ ][ ][ ][1][ ][1]
[2][2][1][ ][1][ ][2]
[1][2][1][ ][2][2][1]
[2][1][2][2][1][1][2]

Player 2 Move (Score: -200):
Current player: 1
[1][ ][ ][ ][ ][ ][1]
[2][ ][ ][ ][ ][ ][2]
[1][ ][ ][ ][1][ ][1]
[2][2][1][ ][1][ ][2]
[1][2][1][2][2][2][1]
[2][1][2][2][1][1][2]

Player 1 Move (Score: -200):
Current player: 2
[1][ ][ ][ ][ ][ ][1]
[2][ ][ ][ ][ ][ ][2]
[1][1][ ][ ][1][ ][1]
[2][2][1][ ][1][ ][2]
[1][2][1][2][2][2][1]
[2][1][2][2][1][1][2]

Player 2 Move (Score: -200):
Current player: 1
[1][ ][ ][ ][ ][ ][1]
[2][ ][ ][ ][2][ ][2]
[1][1][ ][ ][1][ ][1]
[2][2][1][ ][1][ ][2]
[1][2][1][2][2][2][1]
[2][1][2][2][1][1][2]

Player 1 Move (Score: -100):
Current player: 2
[1][ ][ ][ ][1][ ][1]
[2][ ][ ][ ][2][ ][2]
[1][1][ ][ ][1][ ][1]
[2][2][1][ ][1][ ][2]
[1][2][1][2][2][2][1]
[2][1][2][2][1][1][2]

Player 2 Move (Score: -100):
Current player: 1
[1][ ][ ][ ][1][ ][1]
[2][2][ ][ ][2][ ][2]
[1][1][ ][ ][1][ ][1]
[2][2][1][ ][1][ ][2]
[1][2][1][2][2][2][1]
[2][1][2][2][1][1][2]

Player 1 Move (Score: -10200):
Current player: 2
[1][1][ ][ ][1][ ][1]
[2][2][ ][ ][2][ ][2]
[1][1][ ][ ][1][ ][1]
[2][2][1][ ][1][ ][2]
[1][2][1][2][2][2][1]
[2][1][2][2][1][1][2]

Player 2 Move (Score: -10200):
Current player: 1
[1][1][ ][ ][1][ ][1]
[2][2][ ][ ][2][ ][2]
[1][1][ ][ ][1][ ][1]
[2][2][1][ ][1][2][2]
[1][2][1][2][2][2][1]
[2][1][2][2][1][1][2]

Player 1 Move (Score: -10200):
Current player: 2
[1][1][ ][ ][1][ ][1]
[2][2][ ][ ][2][ ][2]
[1][1][ ][ ][1][1][1]
[2][2][1][ ][1][2][2]
[1][2][1][2][2][2][1]
[2][1][2][2][1][1][2]

Player 2 Move (Score: -10200):
Current player: 1
[1][1][ ][ ][1][ ][1]
[2][2][ ][ ][2][2][2]
[1][1][ ][ ][1][1][1]
[2][2][1][ ][1][2][2]
[1][2][1][2][2][2][1]
[2][1][2][2][1][1][2]

Player 1 Move (Score: -20000):
Current player: 2
[1][1][ ][ ][1][1][1]
[2][2][ ][ ][2][2][2]
[1][1][ ][ ][1][1][1]
[2][2][1][ ][1][2][2]
[1][2][1][2][2][2][1]
[2][1][2][2][1][1][2]

Player 2 Move (Score: -20000):
Current player: 1
[1][1][ ][ ][1][1][1]
[2][2][ ][ ][2][2][2]
[1][1][ ][ ][1][1][1]
[2][2][1][2][1][2][2]
[1][2][1][2][2][2][1]
[2][1][2][2][1][1][2]

Player 1 Move (Score: -2000000):
Current player: 2
[1][1][ ][ ][1][1][1]
[2][2][ ][ ][2][2][2]
[1][1][1][ ][1][1][1]
[2][2][1][2][1][2][2]
[1][2][1][2][2][2][1]
[2][1][2][2][1][1][2]

Player 2 Move (Score: -2000000):
Current player: 1
[1][1][ ][ ][1][1][1]
[2][2][ ][ ][2][2][2]
[1][1][1][2][1][1][1]
[2][2][1][2][1][2][2]
[1][2][1][2][2][2][1]
[2][1][2][2][1][1][2]

Result: Player 2 Wins

Simulating game 9/10 (Player 1 Depth: 3, Player 2 Depth: 2)
Player 1 Move (Score: 0):
Current player: 2
[ ][ ][ ][ ][ ][ ][ ]
[ ][ ][ ][ ][ ][ ][ ]
[ ][ ][ ][ ][ ][ ][ ]
[ ][ ][ ][ ][ ][ ][ ]
[ ][ ][ ][ ][ ][ ][ ]
[ ][ ][1][ ][ ][ ][ ]

Player 2 Move (Score: 0):
Current player: 1
[ ][ ][ ][ ][ ][ ][ ]
[ ][ ][ ][ ][ ][ ][ ]
[ ][ ][ ][ ][ ][ ][ ]
[ ][ ][ ][ ][ ][ ][ ]
[ ][ ][ ][ ][ ][ ][ ]
[ ][2][1][ ][ ][ ][ ]

Player 1 Move (Score: 0):
Current player: 2
[ ][ ][ ][ ][ ][ ][ ]
[ ][ ][ ][ ][ ][ ][ ]
[ ][ ][ ][ ][ ][ ][ ]
[ ][ ][ ][ ][ ][ ][ ]
[ ][ ][ ][ ][ ][ ][ ]
[ ][2][1][ ][1][ ][ ]

Player 2 Move (Score: 0):
Current player: 1
[ ][ ][ ][ ][ ][ ][ ]
[ ][ ][ ][ ][ ][ ][ ]
[ ][ ][ ][ ][ ][ ][ ]
[ ][ ][ ][ ][ ][ ][ ]
[ ][ ][ ][ ][ ][ ][ ]
[ ][2][1][2][1][ ][ ]

Player 1 Move (Score: 0):
Current player: 2
[ ][ ][ ][ ][ ][ ][ ]
[ ][ ][ ][ ][ ][ ][ ]
[ ][ ][ ][ ][ ][ ][ ]
[ ][ ][ ][ ][ ][ ][ ]
[ ][ ][ ][ ][ ][ ][ ]
[1][2][1][2][1][ ][ ]

Player 2 Move (Score: 0):
Current player: 1
[ ][ ][ ][ ][ ][ ][ ]
[ ][ ][ ][ ][ ][ ][ ]
[ ][ ][ ][ ][ ][ ][ ]
[ ][ ][ ][ ][ ][ ][ ]
[ ][ ][ ][ ][2][ ][ ]
[1][2][1][2][1][ ][ ]

Player 1 Move (Score: 100):
Current player: 2
[ ][ ][ ][ ][ ][ ][ ]
[ ][ ][ ][ ][ ][ ][ ]
[ ][ ][ ][ ][ ][ ][ ]
[ ][ ][ ][ ][1][ ][ ]
[ ][ ][ ][ ][2][ ][ ]
[1][2][1][2][1][ ][ ]

Player 2 Move (Score: 100):
Current player: 1
[ ][ ][ ][ ][ ][ ][ ]
[ ][ ][ ][ ][ ][ ][ ]
[ ][ ][ ][ ][2][ ][ ]
[ ][ ][ ][ ][1][ ][ ]
[ ][ ][ ][ ][2][ ][ ]
[1][2][1][2][1][ ][ ]

Player 1 Move (Score: 100):
Current player: 2
[ ][ ][ ][ ][ ][ ][ ]
[ ][ ][ ][ ][1][ ][ ]
[ ][ ][ ][ ][2][ ][ ]
[ ][ ][ ][ ][1][ ][ ]
[ ][ ][ ][ ][2][ ][ ]
[1][2][1][2][1][ ][ ]

Player 2 Move (Score: 100):
Current player: 1
[ ][ ][ ][ ][ ][ ][ ]
[ ][ ][ ][ ][1][ ][ ]
[ ][ ][ ][ ][2][ ][ ]
[ ][ ][ ][ ][1][ ][ ]
[2][ ][ ][ ][2][ ][ ]
[1][2][1][2][1][ ][ ]

Player 1 Move (Score: 100):
Current player: 2
[ ][ ][ ][ ][ ][ ][ ]
[ ][ ][ ][ ][1][ ][ ]
[ ][ ][ ][ ][2][ ][ ]
[ ][ ][ ][ ][1][ ][ ]
[2][ ][ ][ ][2][ ][ ]
[1][2][1][2][1][ ][1]

Player 2 Move (Score: 100):
Current player: 1
[ ][ ][ ][ ][ ][ ][ ]
[ ][ ][ ][ ][1][ ][ ]
[ ][ ][ ][ ][2][ ][ ]
[ ][ ][ ][ ][1][ ][ ]
[2][ ][ ][ ][2][ ][2]
[1][2][1][2][1][ ][1]

Player 1 Move (Score: 200):
Current player: 2
[ ][ ][ ][ ][ ][ ][ ]
[ ][ ][ ][ ][1][ ][ ]
[ ][ ][ ][ ][2][ ][ ]
[ ][ ][ ][ ][1][ ][ ]
[2][ ][ ][ ][2][ ][2]
[1][2][1][2][1][1][1]

Player 2 Move (Score: 100):
Current player: 1
[ ][ ][ ][ ][2][ ][ ]
[ ][ ][ ][ ][1][ ][ ]
[ ][ ][ ][ ][2][ ][ ]
[ ][ ][ ][ ][1][ ][ ]
[2][ ][ ][ ][2][ ][2]
[1][2][1][2][1][1][1]

Player 1 Move (Score: 100):
Current player: 2
[ ][ ][ ][ ][2][ ][ ]
[ ][ ][ ][ ][1][ ][ ]
[ ][ ][ ][ ][2][ ][ ]
[ ][ ][ ][ ][1][ ][ ]
[2][1][ ][ ][2][ ][2]
[1][2][1][2][1][1][1]

Player 2 Move (Score: 100):
Current player: 1
[ ][ ][ ][ ][2][ ][ ]
[ ][ ][ ][ ][1][ ][ ]
[ ][ ][ ][ ][2][ ][ ]
[ ][ ][ ][ ][1][ ][ ]
[2][1][2][ ][2][ ][2]
[1][2][1][2][1][1][1]

Player 1 Move (Score: 0):
Current player: 2
[ ][ ][ ][ ][2][ ][ ]
[ ][ ][ ][ ][1][ ][ ]
[ ][ ][ ][ ][2][ ][ ]
[1][ ][ ][ ][1][ ][ ]
[2][1][2][ ][2][ ][2]
[1][2][1][2][1][1][1]

Player 2 Move (Score: 0):
Current player: 1
[ ][ ][ ][ ][2][ ][ ]
[ ][ ][ ][ ][1][ ][ ]
[ ][ ][ ][ ][2][ ][ ]
[1][ ][ ][ ][1][ ][2]
[2][1][2][ ][2][ ][2]
[1][2][1][2][1][1][1]

Player 1 Move (Score: -100):
Current player: 2
[ ][ ][ ][ ][2][ ][ ]
[ ][ ][ ][ ][1][ ][ ]
[1][ ][ ][ ][2][ ][ ]
[1][ ][ ][ ][1][ ][2]
[2][1][2][ ][2][ ][2]
[1][2][1][2][1][1][1]

Player 2 Move (Score: -100):
Current player: 1
[ ][ ][ ][ ][2][ ][ ]
[ ][ ][ ][ ][1][ ][ ]
[1][ ][ ][ ][2][ ][ ]
[1][2][ ][ ][1][ ][2]
[2][1][2][ ][2][ ][2]
[1][2][1][2][1][1][1]

Player 1 Move (Score: -100):
Current player: 2
[ ][ ][ ][ ][2][ ][ ]
[ ][ ][ ][ ][1][ ][ ]
[1][ ][ ][ ][2][ ][1]
[1][2][ ][ ][1][ ][2]
[2][1][2][ ][2][ ][2]
[1][2][1][2][1][1][1]

Player 2 Move (Score: -100):
Current player: 1
[ ][ ][ ][ ][2][ ][ ]
[ ][ ][ ][ ][1][ ][2]
[1][ ][ ][ ][2][ ][1]
[1][2][ ][ ][1][ ][2]
[2][1][2][ ][2][ ][2]
[1][2][1][2][1][1][1]

Player 1 Move (Score: -100):
Current player: 2
[ ][ ][ ][ ][2][ ][1]
[ ][ ][ ][ ][1][ ][2]
[1][ ][ ][ ][2][ ][1]
[1][2][ ][ ][1][ ][2]
[2][1][2][ ][2][ ][2]
[1][2][1][2][1][1][1]

Player 2 Move (Score: -100):
Current player: 1
[ ][ ][ ][ ][2][ ][1]
[ ][ ][ ][ ][1][ ][2]
[1][ ][ ][ ][2][ ][1]
[1][2][2][ ][1][ ][2]
[2][1][2][ ][2][ ][2]
[1][2][1][2][1][1][1]

Player 1 Move (Score: -100):
Current player: 2
[ ][ ][ ][ ][2][ ][1]
[ ][ ][ ][ ][1][ ][2]
[1][1][ ][ ][2][ ][1]
[1][2][2][ ][1][ ][2]
[2][1][2][ ][2][ ][2]
[1][2][1][2][1][1][1]

Player 2 Move (Score: -100):
Current player: 1
[ ][ ][ ][ ][2][ ][1]
[ ][2][ ][ ][1][ ][2]
[1][1][ ][ ][2][ ][1]
[1][2][2][ ][1][ ][2]
[2][1][2][ ][2][ ][2]
[1][2][1][2][1][1][1]

Player 1 Move (Score: 0):
Current player: 2
[ ][1][ ][ ][2][ ][1]
[ ][2][ ][ ][1][ ][2]
[1][1][ ][ ][2][ ][1]
[1][2][2][ ][1][ ][2]
[2][1][2][ ][2][ ][2]
[1][2][1][2][1][1][1]

Player 2 Move (Score: 0):
Current player: 1
[ ][1][ ][ ][2][ ][1]
[ ][2][ ][ ][1][ ][2]
[1][1][ ][ ][2][ ][1]
[1][2][2][ ][1][ ][2]
[2][1][2][ ][2][2][2]
[1][2][1][2][1][1][1]

Player 1 Move (Score: -2009900):
Current player: 2
[ ][1][ ][ ][2][ ][1]
[ ][2][ ][ ][1][ ][2]
[1][1][ ][ ][2][ ][1]
[1][2][2][ ][1][ ][2]
[2][1][2][1][2][2][2]
[1][2][1][2][1][1][1]

Player 2 Move (Score: -2009900):
Current player: 1
[ ][1][ ][ ][2][ ][1]
[ ][2][ ][ ][1][ ][2]
[1][1][ ][ ][2][ ][1]
[1][2][2][2][1][ ][2]
[2][1][2][1][2][2][2]
[1][2][1][2][1][1][1]

Result: Player 2 Wins

Simulating game 10/10 (Player 1 Depth: 3, Player 2 Depth: 2)
Player 1 Move (Score: 0):
Current player: 2
[ ][ ][ ][ ][ ][ ][ ]
[ ][ ][ ][ ][ ][ ][ ]
[ ][ ][ ][ ][ ][ ][ ]
[ ][ ][ ][ ][ ][ ][ ]
[ ][ ][ ][ ][ ][ ][ ]
[ ][ ][ ][ ][ ][1][ ]

Player 2 Move (Score: 0):
Current player: 1
[ ][ ][ ][ ][ ][ ][ ]
[ ][ ][ ][ ][ ][ ][ ]
[ ][ ][ ][ ][ ][ ][ ]
[ ][ ][ ][ ][ ][ ][ ]
[ ][ ][ ][ ][ ][ ][ ]
[2][ ][ ][ ][ ][1][ ]

Player 1 Move (Score: 0):
Current player: 2
[ ][ ][ ][ ][ ][ ][ ]
[ ][ ][ ][ ][ ][ ][ ]
[ ][ ][ ][ ][ ][ ][ ]
[ ][ ][ ][ ][ ][ ][ ]
[ ][ ][ ][ ][ ][ ][ ]
[2][ ][ ][ ][1][1][ ]

Player 2 Move (Score: -100):
Current player: 1
[ ][ ][ ][ ][ ][ ][ ]
[ ][ ][ ][ ][ ][ ][ ]
[ ][ ][ ][ ][ ][ ][ ]
[ ][ ][ ][ ][ ][ ][ ]
[ ][ ][ ][ ][ ][ ][ ]
[2][ ][ ][ ][1][1][2]

Player 1 Move (Score: 0):
Current player: 2
[ ][ ][ ][ ][ ][ ][ ]
[ ][ ][ ][ ][ ][ ][ ]
[ ][ ][ ][ ][ ][ ][ ]
[ ][ ][ ][ ][ ][ ][ ]
[1][ ][ ][ ][ ][ ][ ]
[2][ ][ ][ ][1][1][2]

Player 2 Move (Score: 0):
Current player: 1
[ ][ ][ ][ ][ ][ ][ ]
[ ][ ][ ][ ][ ][ ][ ]
[ ][ ][ ][ ][ ][ ][ ]
[ ][ ][ ][ ][ ][ ][ ]
[1][ ][ ][ ][2][ ][ ]
[2][ ][ ][ ][1][1][2]

Player 1 Move (Score: 0):
Current player: 2
[ ][ ][ ][ ][ ][ ][ ]
[ ][ ][ ][ ][ ][ ][ ]
[ ][ ][ ][ ][ ][ ][ ]
[ ][ ][ ][ ][ ][ ][ ]
[1][ ][ ][ ][2][ ][1]
[2][ ][ ][ ][1][1][2]

Player 2 Move (Score: 0):
Current player: 1
[ ][ ][ ][ ][ ][ ][ ]
[ ][ ][ ][ ][ ][ ][ ]
[ ][ ][ ][ ][ ][ ][ ]
[ ][ ][ ][ ][ ][ ][ ]
[1][ ][ ][ ][2][ ][1]
[2][ ][2][ ][1][1][2]

Player 1 Move (Score: 0):
Current player: 2
[ ][ ][ ][ ][ ][ ][ ]
[ ][ ][ ][ ][ ][ ][ ]
[ ][ ][ ][ ][ ][ ][ ]
[ ][ ][ ][ ][ ][ ][ ]
[1][ ][ ][ ][2][ ][1]
[2][ ][2][1][1][1][2]

Player 2 Move (Score: 0):
Current player: 1
[ ][ ][ ][ ][ ][ ][ ]
[ ][ ][ ][ ][ ][ ][ ]
[ ][ ][ ][ ][ ][ ][ ]
[2][ ][ ][ ][ ][ ][ ]
[1][ ][ ][ ][2][ ][1]
[2][ ][2][1][1][1][2]

Player 1 Move (Score: 0):
Current player: 2
[ ][ ][ ][ ][ ][ ][ ]
[ ][ ][ ][ ][ ][ ][ ]
[ ][ ][ ][ ][ ][ ][ ]
[2][ ][ ][ ][ ][ ][ ]
[1][ ][ ][ ][2][ ][1]
[2][1][2][1][1][1][2]

Player 2 Move (Score: 0):
Current player: 1
[ ][ ][ ][ ][ ][ ][ ]
[ ][ ][ ][ ][ ][ ][ ]
[ ][ ][ ][ ][ ][ ][ ]
[2][ ][ ][ ][ ][ ][2]
[1][ ][ ][ ][2][ ][1]
[2][1][2][1][1][1][2]

Player 1 Move (Score: 0):
Current player: 2
[ ][ ][ ][ ][ ][ ][ ]
[ ][ ][ ][ ][ ][ ][ ]
[ ][ ][ ][ ][ ][ ][ ]
[2][ ][ ][ ][ ][ ][2]
[1][ ][ ][ ][2][1][1]
[2][1][2][1][1][1][2]

Player 2 Move (Score: 0):
Current player: 1
[ ][ ][ ][ ][ ][ ][ ]
[ ][ ][ ][ ][ ][ ][ ]
[ ][ ][ ][ ][ ][ ][2]
[2][ ][ ][ ][ ][ ][2]
[1][ ][ ][ ][2][1][1]
[2][1][2][1][1][1][2]

Player 1 Move (Score: 0):
Current player: 2
[ ][ ][ ][ ][ ][ ][ ]
[ ][ ][ ][ ][ ][ ][1]
[ ][ ][ ][ ][ ][ ][2]
[2][ ][ ][ ][ ][ ][2]
[1][ ][ ][ ][2][1][1]
[2][1][2][1][1][1][2]

Player 2 Move (Score: -100):
Current player: 1
[ ][ ][ ][ ][ ][ ][2]
[ ][ ][ ][ ][ ][ ][1]
[ ][ ][ ][ ][ ][ ][2]
[2][ ][ ][ ][ ][ ][2]
[1][ ][ ][ ][2][1][1]
[2][1][2][1][1][1][2]

Player 1 Move (Score: -100):
Current player: 2
[ ][ ][ ][ ][ ][ ][2]
[ ][ ][ ][ ][ ][ ][1]
[1][ ][ ][ ][ ][ ][2]
[2][ ][ ][ ][ ][ ][2]
[1][ ][ ][ ][2][1][1]
[2][1][2][1][1][1][2]

Player 2 Move (Score: -100):
Current player: 1
[ ][ ][ ][ ][ ][ ][2]
[2][ ][ ][ ][ ][ ][1]
[1][ ][ ][ ][ ][ ][2]
[2][ ][ ][ ][ ][ ][2]
[1][ ][ ][ ][2][1][1]
[2][1][2][1][1][1][2]

Player 1 Move (Score: -100):
Current player: 2
[1][ ][ ][ ][ ][ ][2]
[2][ ][ ][ ][ ][ ][1]
[1][ ][ ][ ][ ][ ][2]
[2][ ][ ][ ][ ][ ][2]
[1][ ][ ][ ][2][1][1]
[2][1][2][1][1][1][2]

Player 2 Move (Score: -100):
Current player: 1
[1][ ][ ][ ][ ][ ][2]
[2][ ][ ][ ][ ][ ][1]
[1][ ][ ][ ][ ][ ][2]
[2][ ][ ][ ][2][ ][2]
[1][ ][ ][ ][2][1][1]
[2][1][2][1][1][1][2]

Player 1 Move (Score: -100):
Current player: 2
[1][ ][ ][ ][ ][ ][2]
[2][ ][ ][ ][ ][ ][1]
[1][ ][ ][ ][ ][ ][2]
[2][ ][ ][ ][2][ ][2]
[1][1][ ][ ][2][1][1]
[2][1][2][1][1][1][2]

Player 2 Move (Score: -100):
Current player: 1
[1][ ][ ][ ][ ][ ][2]
[2][ ][ ][ ][ ][ ][1]
[1][ ][ ][ ][ ][ ][2]
[2][2][ ][ ][2][ ][2]
[1][1][ ][ ][2][1][1]
[2][1][2][1][1][1][2]

Player 1 Move (Score: 0):
Current player: 2
[1][ ][ ][ ][ ][ ][2]
[2][ ][ ][ ][ ][ ][1]
[1][ ][ ][ ][ ][ ][2]
[2][2][ ][ ][2][ ][2]
[1][1][ ][1][2][1][1]
[2][1][2][1][1][1][2]

Player 2 Move (Score: 0):
Current player: 1
[1][ ][ ][ ][ ][ ][2]
[2][ ][ ][ ][ ][ ][1]
[1][ ][ ][ ][ ][ ][2]
[2][2][ ][ ][2][ ][2]
[1][1][2][1][2][1][1]
[2][1][2][1][1][1][2]

Player 1 Move (Score: 0):
Current player: 2
[1][ ][ ][ ][ ][ ][2]
[2][ ][ ][ ][ ][ ][1]
[1][1][ ][ ][ ][ ][2]
[2][2][ ][ ][2][ ][2]
[1][1][2][1][2][1][1]
[2][1][2][1][1][1][2]

Player 2 Move (Score: 0):
Current player: 1
[1][ ][ ][ ][ ][ ][2]
[2][2][ ][ ][ ][ ][1]
[1][1][ ][ ][ ][ ][2]
[2][2][ ][ ][2][ ][2]
[1][1][2][1][2][1][1]
[2][1][2][1][1][1][2]

Player 1 Move (Score: 0):
Current player: 2
[1][ ][ ][ ][ ][ ][2]
[2][2][ ][ ][ ][ ][1]
[1][1][ ][ ][1][ ][2]
[2][2][ ][ ][2][ ][2]
[1][1][2][1][2][1][1]
[2][1][2][1][1][1][2]

Player 2 Move (Score: 0):
Current player: 1
[1][ ][ ][ ][ ][ ][2]
[2][2][ ][ ][2][ ][1]
[1][1][ ][ ][1][ ][2]
[2][2][ ][ ][2][ ][2]
[1][1][2][1][2][1][1]
[2][1][2][1][1][1][2]

Player 1 Move (Score: -10100):
Current player: 2
[1][ ][ ][ ][1][ ][2]
[2][2][ ][ ][2][ ][1]
[1][1][ ][ ][1][ ][2]
[2][2][ ][ ][2][ ][2]
[1][1][2][1][2][1][1]
[2][1][2][1][1][1][2]

Player 2 Move (Score: -10100):
Current player: 1
[1][2][ ][ ][1][ ][2]
[2][2][ ][ ][2][ ][1]
[1][1][ ][ ][1][ ][2]
[2][2][ ][ ][2][ ][2]
[1][1][2][1][2][1][1]
[2][1][2][1][1][1][2]

Player 1 Move (Score: -20100):
Current player: 2
[1][2][ ][ ][1][ ][2]
[2][2][ ][ ][2][ ][1]
[1][1][ ][ ][1][ ][2]
[2][2][ ][1][2][ ][2]
[1][1][2][1][2][1][1]
[2][1][2][1][1][1][2]

Player 2 Move (Score: -20100):
Current player: 1
[1][2][ ][ ][1][ ][2]
[2][2][ ][ ][2][ ][1]
[1][1][ ][ ][1][ ][2]
[2][2][2][1][2][ ][2]
[1][1][2][1][2][1][1]
[2][1][2][1][1][1][2]

Player 1 Move (Score: -20000):
Current player: 2
[1][2][ ][ ][1][ ][2]
[2][2][ ][ ][2][ ][1]
[1][1][1][ ][1][ ][2]
[2][2][2][1][2][ ][2]
[1][1][2][1][2][1][1]
[2][1][2][1][1][1][2]

Player 2 Move (Score: -20000):
Current player: 1
[1][2][ ][ ][1][ ][2]
[2][2][ ][ ][2][ ][1]
[1][1][1][ ][1][ ][2]
[2][2][2][1][2][2][2]
[1][1][2][1][2][1][1]
[2][1][2][1][1][1][2]

Player 1 Move (Score: -20000):
Current player: 2
[1][2][ ][ ][1][ ][2]
[2][2][ ][ ][2][ ][1]
[1][1][1][ ][1][1][2]
[2][2][2][1][2][2][2]
[1][1][2][1][2][1][1]
[2][1][2][1][1][1][2]

Player 2 Move (Score: -20000):
Current player: 1
[1][2][ ][ ][1][ ][2]
[2][2][ ][ ][2][2][1]
[1][1][1][ ][1][1][2]
[2][2][2][1][2][2][2]
[1][1][2][1][2][1][1]
[2][1][2][1][1][1][2]

Player 1 Move (Score: -10100):
Current player: 2
[1][2][ ][ ][1][1][2]
[2][2][ ][ ][2][2][1]
[1][1][1][ ][1][1][2]
[2][2][2][1][2][2][2]
[1][1][2][1][2][1][1]
[2][1][2][1][1][1][2]

Player 2 Move (Score: -10100):
Current player: 1
[1][2][ ][ ][1][1][2]
[2][2][2][ ][2][2][1]
[1][1][1][ ][1][1][2]
[2][2][2][1][2][2][2]
[1][1][2][1][2][1][1]
[2][1][2][1][1][1][2]

Player 1 Move (Score: -2010000):
Current player: 2
[1][2][1][ ][1][1][2]
[2][2][2][ ][2][2][1]
[1][1][1][ ][1][1][2]
[2][2][2][1][2][2][2]
[1][1][2][1][2][1][1]
[2][1][2][1][1][1][2]

Player 2 Move (Score: -2010000):
Current player: 1
[1][2][1][ ][1][1][2]
[2][2][2][ ][2][2][1]
[1][1][1][2][1][1][2]
[2][2][2][1][2][2][2]
[1][1][2][1][2][1][1]
[2][1][2][1][1][1][2]

Result: Player 2 Wins

