Simulating game 1/10 (Player 1 Depth: 4, Player 2 Depth: 1)
Player 1 Move (Score: 0):
Current player: 2
[ ][ ][ ][ ][ ][ ][ ]
[ ][ ][ ][ ][ ][ ][ ]
[ ][ ][ ][ ][ ][ ][ ]
[ ][ ][ ][ ][ ][ ][ ]
[ ][ ][ ][ ][ ][ ][ ]
[ ][ ][ ][1][ ][ ][ ]

Player 2 Move (Score: 0):
Current player: 1
[ ][ ][ ][ ][ ][ ][ ]
[ ][ ][ ][ ][ ][ ][ ]
[ ][ ][ ][ ][ ][ ][ ]
[ ][ ][ ][ ][ ][ ][ ]
[ ][ ][ ][ ][ ][ ][ ]
[ ][ ][ ][1][ ][ ][2]

Player 1 Move (Score: 200):
Current player: 2
[ ][ ][ ][ ][ ][ ][ ]
[ ][ ][ ][ ][ ][ ][ ]
[ ][ ][ ][ ][ ][ ][ ]
[ ][ ][ ][ ][ ][ ][ ]
[ ][ ][ ][1][ ][ ][ ]
[ ][ ][ ][1][ ][ ][2]

Player 2 Move (Score: 0):
Current player: 1
[ ][ ][ ][ ][ ][ ][ ]
[ ][ ][ ][ ][ ][ ][ ]
[ ][ ][ ][ ][ ][ ][ ]
[ ][ ][ ][ ][ ][ ][ ]
[ ][ ][ ][1][ ][ ][2]
[ ][ ][ ][1][ ][ ][2]

Player 1 Move (Score: 200):
Current player: 2
[ ][ ][ ][ ][ ][ ][ ]
[ ][ ][ ][ ][ ][ ][ ]
[ ][ ][ ][ ][ ][ ][ ]
[ ][ ][ ][ ][ ][ ][1]
[ ][ ][ ][1][ ][ ][2]
[ ][ ][ ][1][ ][ ][2]

Player 2 Move (Score: 0):
Current player: 1
[ ][ ][ ][ ][ ][ ][ ]
[ ][ ][ ][ ][ ][ ][ ]
[ ][ ][ ][ ][ ][ ][ ]
[ ][ ][ ][2][ ][ ][1]
[ ][ ][ ][1][ ][ ][2]
[ ][ ][ ][1][ ][ ][2]

Player 1 Move (Score: 100):
Current player: 2
[ ][ ][ ][ ][ ][ ][ ]
[ ][ ][ ][ ][ ][ ][ ]
[ ][ ][ ][ ][ ][ ][ ]
[ ][ ][ ][2][ ][ ][1]
[ ][ ][ ][1][ ][ ][2]
[ ][1][ ][1][ ][ ][2]

Player 2 Move (Score: -100):
Current player: 1
[ ][ ][ ][ ][ ][ ][ ]
[ ][ ][ ][ ][ ][ ][ ]
[ ][ ][ ][2][ ][ ][ ]
[ ][ ][ ][2][ ][ ][1]
[ ][ ][ ][1][ ][ ][2]
[ ][1][ ][1][ ][ ][2]

Player 1 Move (Score: 350):
Current player: 2
[ ][ ][ ][ ][ ][ ][ ]
[ ][ ][ ][ ][ ][ ][ ]
[ ][ ][ ][2][ ][ ][ ]
[ ][ ][ ][2][ ][ ][1]
[ ][ ][ ][1][ ][ ][2]
[ ][1][1][1][ ][ ][2]

Player 2 Move (Score: 2200):
Current player: 1
[ ][ ][ ][ ][ ][ ][ ]
[ ][ ][ ][2][ ][ ][ ]
[ ][ ][ ][2][ ][ ][ ]
[ ][ ][ ][2][ ][ ][1]
[ ][ ][ ][1][ ][ ][2]
[ ][1][1][1][ ][ ][2]

Player 1 Move (Score: 450):
Current player: 2
[ ][ ][ ][1][ ][ ][ ]
[ ][ ][ ][2][ ][ ][ ]
[ ][ ][ ][2][ ][ ][ ]
[ ][ ][ ][2][ ][ ][1]
[ ][ ][ ][1][ ][ ][2]
[ ][1][1][1][ ][ ][2]

Player 2 Move (Score: 10100):
Current player: 1
[ ][ ][ ][1][ ][ ][ ]
[ ][ ][ ][2][ ][ ][ ]
[ ][ ][ ][2][ ][ ][ ]
[ ][ ][ ][2][ ][ ][1]
[ ][ ][ ][1][ ][ ][2]
[ ][1][1][1][2][ ][2]

Player 1 Move (Score: 100):
Current player: 2
[ ][ ][ ][1][ ][ ][ ]
[ ][ ][ ][2][ ][ ][ ]
[ ][ ][ ][2][ ][ ][1]
[ ][ ][ ][2][ ][ ][1]
[ ][ ][ ][1][ ][ ][2]
[ ][1][1][1][2][ ][2]

Player 2 Move (Score: 200):
Current player: 1
[ ][ ][ ][1][ ][ ][ ]
[ ][ ][ ][2][ ][ ][ ]
[ ][ ][ ][2][ ][ ][1]
[ ][ ][ ][2][ ][ ][1]
[ ][ ][ ][1][ ][ ][2]
[2][1][1][1][2][ ][2]

Player 1 Move (Score: -100):
Current player: 2
[ ][ ][ ][1][ ][ ][ ]
[ ][ ][ ][2][ ][ ][ ]
[ ][ ][ ][2][ ][ ][1]
[ ][ ][ ][2][ ][ ][1]
[ ][ ][ ][1][ ][ ][2]
[2][1][1][1][2][1][2]

Player 2 Move (Score: -100):
Current player: 1
[ ][ ][ ][1][ ][ ][ ]
[ ][ ][ ][2][ ][ ][ ]
[ ][ ][ ][2][ ][ ][1]
[ ][ ][ ][2][ ][ ][1]
[ ][ ][ ][1][2][ ][2]
[2][1][1][1][2][1][2]

Player 1 Move (Score: 9310):
Current player: 2
[ ][ ][ ][1][ ][ ][ ]
[ ][ ][ ][2][ ][ ][ ]
[ ][ ][ ][2][ ][ ][1]
[ ][ ][ ][2][1][ ][1]
[ ][ ][ ][1][2][ ][2]
[2][1][1][1][2][1][2]

Player 2 Move (Score: 9510):
Current player: 1
[ ][ ][ ][1][ ][ ][ ]
[ ][ ][ ][2][ ][ ][ ]
[ ][ ][ ][2][2][ ][1]
[ ][ ][ ][2][1][ ][1]
[ ][ ][ ][1][2][ ][2]
[2][1][1][1][2][1][2]

Player 1 Move (Score: -10330):
Current player: 2
[ ][ ][ ][1][ ][ ][ ]
[ ][ ][ ][2][ ][ ][1]
[ ][ ][ ][2][2][ ][1]
[ ][ ][ ][2][1][ ][1]
[ ][ ][ ][1][2][ ][2]
[2][1][1][1][2][1][2]

Player 2 Move (Score: -730):
Current player: 1
[ ][ ][ ][1][ ][ ][ ]
[ ][ ][ ][2][ ][ ][1]
[ ][ ][ ][2][2][ ][1]
[ ][ ][ ][2][1][ ][1]
[ ][ ][2][1][2][ ][2]
[2][1][1][1][2][1][2]

Player 1 Move (Score: -30530):
Current player: 2
[ ][ ][ ][1][ ][ ][ ]
[ ][ ][ ][2][ ][ ][1]
[ ][ ][ ][2][2][ ][1]
[ ][ ][ ][2][1][ ][1]
[ ][1][2][1][2][ ][2]
[2][1][1][1][2][1][2]

Player 2 Move (Score: -10330):
Current player: 1
[ ][ ][ ][1][ ][ ][2]
[ ][ ][ ][2][ ][ ][1]
[ ][ ][ ][2][2][ ][1]
[ ][ ][ ][2][1][ ][1]
[ ][1][2][1][2][ ][2]
[2][1][1][1][2][1][2]

Player 1 Move (Score: -30200):
Current player: 2
[ ][ ][ ][1][ ][ ][2]
[ ][ ][ ][2][1][ ][1]
[ ][ ][ ][2][2][ ][1]
[ ][ ][ ][2][1][ ][1]
[ ][1][2][1][2][ ][2]
[2][1][1][1][2][1][2]

Player 2 Move (Score: -10530):
Current player: 1
[ ][ ][ ][1][2][ ][2]
[ ][ ][ ][2][1][ ][1]
[ ][ ][ ][2][2][ ][1]
[ ][ ][ ][2][1][ ][1]
[ ][1][2][1][2][ ][2]
[2][1][1][1][2][1][2]

Player 1 Move (Score: -20200):
Current player: 2
[ ][ ][ ][1][2][ ][2]
[ ][ ][ ][2][1][ ][1]
[ ][ ][ ][2][2][ ][1]
[ ][1][ ][2][1][ ][1]
[ ][1][2][1][2][ ][2]
[2][1][1][1][2][1][2]

Player 2 Move (Score: -10400):
Current player: 1
[ ][ ][ ][1][2][ ][2]
[ ][ ][ ][2][1][ ][1]
[ ][2][ ][2][2][ ][1]
[ ][1][ ][2][1][ ][1]
[ ][1][2][1][2][ ][2]
[2][1][1][1][2][1][2]

Player 1 Move (Score: -30000):
Current player: 2
[ ][ ][ ][1][2][ ][2]
[ ][1][ ][2][1][ ][1]
[ ][2][ ][2][2][ ][1]
[ ][1][ ][2][1][ ][1]
[ ][1][2][1][2][ ][2]
[2][1][1][1][2][1][2]

Player 2 Move (Score: -10300):
Current player: 1
[ ][ ][ ][1][2][ ][2]
[ ][1][ ][2][1][ ][1]
[ ][2][ ][2][2][ ][1]
[ ][1][ ][2][1][ ][1]
[2][1][2][1][2][ ][2]
[2][1][1][1][2][1][2]

Player 1 Move (Score: -30000):
Current player: 2
[ ][ ][ ][1][2][ ][2]
[ ][1][ ][2][1][ ][1]
[ ][2][ ][2][2][ ][1]
[1][1][ ][2][1][ ][1]
[2][1][2][1][2][ ][2]
[2][1][1][1][2][1][2]

Player 2 Move (Score: -10300):
Current player: 1
[ ][ ][ ][1][2][ ][2]
[ ][1][ ][2][1][ ][1]
[ ][2][ ][2][2][ ][1]
[1][1][2][2][1][ ][1]
[2][1][2][1][2][ ][2]
[2][1][1][1][2][1][2]

Player 1 Move (Score: -20000):
Current player: 2
[ ][ ][ ][1][2][ ][2]
[ ][1][ ][2][1][ ][1]
[ ][2][1][2][2][ ][1]
[1][1][2][2][1][ ][1]
[2][1][2][1][2][ ][2]
[2][1][1][1][2][1][2]

Player 2 Move (Score: -10100):
Current player: 1
[ ][2][ ][1][2][ ][2]
[ ][1][ ][2][1][ ][1]
[ ][2][1][2][2][ ][1]
[1][1][2][2][1][ ][1]
[2][1][2][1][2][ ][2]
[2][1][1][1][2][1][2]

Player 1 Move (Score: -19900):
Current player: 2
[ ][2][ ][1][2][ ][2]
[ ][1][1][2][1][ ][1]
[ ][2][1][2][2][ ][1]
[1][1][2][2][1][ ][1]
[2][1][2][1][2][ ][2]
[2][1][1][1][2][1][2]

Player 2 Move (Score: -20000):
Current player: 1
[ ][2][2][1][2][ ][2]
[ ][1][1][2][1][ ][1]
[ ][2][1][2][2][ ][1]
[1][1][2][2][1][ ][1]
[2][1][2][1][2][ ][2]
[2][1][1][1][2][1][2]

Player 1 Move (Score: -20000):
Current player: 2
[ ][2][2][1][2][ ][2]
[ ][1][1][2][1][ ][1]
[1][2][1][2][2][ ][1]
[1][1][2][2][1][ ][1]
[2][1][2][1][2][ ][2]
[2][1][1][1][2][1][2]

Player 2 Move (Score: -20000):
Current player: 1
[ ][2][2][1][2][ ][2]
[2][1][1][2][1][ ][1]
[1][2][1][2][2][ ][1]
[1][1][2][2][1][ ][1]
[2][1][2][1][2][ ][2]
[2][1][1][1][2][1][2]

Player 1 Move (Score: -20000):
Current player: 2
[ ][2][2][1][2][ ][2]
[2][1][1][2][1][ ][1]
[1][2][1][2][2][ ][1]
[1][1][2][2][1][ ][1]
[2][1][2][1][2][1][2]
[2][1][1][1][2][1][2]

Player 2 Move (Score: -6010000):
Current player: 1
[ ][2][2][1][2][ ][2]
[2][1][1][2][1][ ][1]
[1][2][1][2][2][ ][1]
[1][1][2][2][1][2][1]
[2][1][2][1][2][1][2]
[2][1][1][1][2][1][2]

Result: Player 2 Wins

Simulating game 2/10 (Player 1 Depth: 4, Player 2 Depth: 1)
Player 1 Move (Score: 0):
Current player: 2
[ ][ ][ ][ ][ ][ ][ ]
[ ][ ][ ][ ][ ][ ][ ]
[ ][ ][ ][ ][ ][ ][ ]
[ ][ ][ ][ ][ ][ ][ ]
[ ][ ][ ][ ][ ][ ][ ]
[ ][ ][ ][ ][ ][1][ ]

Player 2 Move (Score: 0):
Current player: 1
[ ][ ][ ][ ][ ][ ][ ]
[ ][ ][ ][ ][ ][ ][ ]
[ ][ ][ ][ ][ ][ ][ ]
[ ][ ][ ][ ][ ][ ][ ]
[ ][ ][ ][ ][ ][ ][ ]
[ ][ ][2][ ][ ][1][ ]

Player 1 Move (Score: -100):
Current player: 2
[ ][ ][ ][ ][ ][ ][ ]
[ ][ ][ ][ ][ ][ ][ ]
[ ][ ][ ][ ][ ][ ][ ]
[ ][ ][ ][ ][ ][ ][ ]
[ ][ ][ ][ ][ ][ ][ ]
[ ][ ][2][1][ ][1][ ]

Player 2 Move (Score: -100):
Current player: 1
[ ][ ][ ][ ][ ][ ][ ]
[ ][ ][ ][ ][ ][ ][ ]
[ ][ ][ ][ ][ ][ ][ ]
[ ][ ][ ][ ][ ][ ][ ]
[ ][ ][2][ ][ ][ ][ ]
[ ][ ][2][1][ ][1][ ]

Player 1 Move (Score: -100):
Current player: 2
[ ][ ][ ][ ][ ][ ][ ]
[ ][ ][ ][ ][ ][ ][ ]
[ ][ ][ ][ ][ ][ ][ ]
[ ][ ][1][ ][ ][ ][ ]
[ ][ ][2][ ][ ][ ][ ]
[ ][ ][2][1][ ][1][ ]

Player 2 Move (Score: -250):
Current player: 1
[ ][ ][ ][ ][ ][ ][ ]
[ ][ ][ ][ ][ ][ ][ ]
[ ][ ][ ][ ][ ][ ][ ]
[ ][ ][1][ ][ ][ ][ ]
[ ][ ][2][2][ ][ ][ ]
[ ][ ][2][1][ ][1][ ]

Player 1 Move (Score: -100):
Current player: 2
[ ][ ][ ][ ][ ][ ][ ]
[ ][ ][ ][ ][ ][ ][ ]
[ ][ ][ ][ ][ ][ ][ ]
[ ][ ][1][1][ ][ ][ ]
[ ][ ][2][2][ ][ ][ ]
[ ][ ][2][1][ ][1][ ]

Player 2 Move (Score: -100):
Current player: 1
[ ][ ][ ][ ][ ][ ][ ]
[ ][ ][ ][ ][ ][ ][ ]
[ ][ ][ ][ ][ ][ ][ ]
[ ][ ][1][1][ ][ ][ ]
[ ][ ][2][2][ ][ ][ ]
[ ][ ][2][1][ ][1][2]

Player 1 Move (Score: 280):
Current player: 2
[ ][ ][ ][ ][ ][ ][ ]
[ ][ ][ ][ ][ ][ ][ ]
[ ][ ][ ][ ][ ][ ][ ]
[ ][ ][1][1][ ][ ][ ]
[ ][ ][2][2][ ][ ][ ]
[ ][ ][2][1][1][1][2]

Player 2 Move (Score: -12150):
Current player: 1
[ ][ ][ ][ ][ ][ ][ ]
[ ][ ][ ][ ][ ][ ][ ]
[ ][ ][ ][ ][ ][ ][ ]
[ ][ ][1][1][ ][ ][ ]
[ ][ ][2][2][2][ ][ ]
[ ][ ][2][1][1][1][2]

Player 1 Move (Score: -19900):
Current player: 2
[ ][ ][ ][ ][ ][ ][ ]
[ ][ ][ ][ ][ ][ ][ ]
[ ][ ][ ][ ][ ][ ][ ]
[ ][ ][1][1][ ][ ][ ]
[ ][ ][2][2][2][1][ ]
[ ][ ][2][1][1][1][2]

Player 2 Move (Score: -20200):
Current player: 1
[ ][ ][ ][ ][ ][ ][ ]
[ ][ ][ ][ ][ ][ ][ ]
[ ][ ][ ][ ][ ][ ][ ]
[ ][ ][1][1][2][ ][ ]
[ ][ ][2][2][2][1][ ]
[ ][ ][2][1][1][1][2]

Player 1 Move (Score: -19920):
Current player: 2
[ ][ ][ ][ ][ ][ ][ ]
[ ][ ][ ][ ][ ][ ][ ]
[ ][ ][ ][1][ ][ ][ ]
[ ][ ][1][1][2][ ][ ]
[ ][ ][2][2][2][1][ ]
[ ][ ][2][1][1][1][2]

Player 2 Move (Score: -29720):
Current player: 1
[ ][ ][ ][ ][ ][ ][ ]
[ ][ ][ ][ ][ ][ ][ ]
[ ][ ][ ][1][2][ ][ ]
[ ][ ][1][1][2][ ][ ]
[ ][ ][2][2][2][1][ ]
[ ][ ][2][1][1][1][2]

Player 1 Move (Score: -1979950):
Current player: 2
[ ][ ][ ][ ][ ][ ][ ]
[ ][ ][ ][ ][1][ ][ ]
[ ][ ][ ][1][2][ ][ ]
[ ][ ][1][1][2][ ][ ]
[ ][ ][2][2][2][1][ ]
[ ][ ][2][1][1][1][2]

Player 2 Move (Score: 13770):
Current player: 1
[ ][ ][ ][ ][ ][ ][ ]
[ ][ ][ ][2][1][ ][ ]
[ ][ ][ ][1][2][ ][ ]
[ ][ ][1][1][2][ ][ ]
[ ][ ][2][2][2][1][ ]
[ ][ ][2][1][1][1][2]

Player 1 Move (Score: -1989900):
Current player: 2
[ ][ ][ ][ ][ ][ ][ ]
[ ][ ][ ][2][1][ ][ ]
[ ][ ][ ][1][2][ ][ ]
[ ][ ][1][1][2][ ][ ]
[ ][ ][2][2][2][1][1]
[ ][ ][2][1][1][1][2]

Player 2 Move (Score: 3900):
Current player: 1
[ ][ ][ ][ ][ ][ ][ ]
[ ][ ][ ][2][1][ ][ ]
[ ][ ][ ][1][2][ ][ ]
[ ][ ][1][1][2][2][ ]
[ ][ ][2][2][2][1][1]
[ ][ ][2][1][1][1][2]

Player 1 Move (Score: -1979900):
Current player: 2
[ ][ ][ ][ ][ ][ ][ ]
[ ][ ][ ][2][1][ ][ ]
[ ][ ][ ][1][2][ ][ ]
[ ][ ][1][1][2][2][1]
[ ][ ][2][2][2][1][1]
[ ][ ][2][1][1][1][2]

Player 2 Move (Score: -2005900):
Current player: 1
[ ][ ][ ][ ][ ][ ][ ]
[ ][ ][ ][2][1][ ][ ]
[ ][ ][ ][1][2][2][ ]
[ ][ ][1][1][2][2][1]
[ ][ ][2][2][2][1][1]
[ ][ ][2][1][1][1][2]

Result: Player 2 Wins

Simulating game 3/10 (Player 1 Depth: 4, Player 2 Depth: 1)
Player 1 Move (Score: 0):
Current player: 2
[ ][ ][ ][ ][ ][ ][ ]
[ ][ ][ ][ ][ ][ ][ ]
[ ][ ][ ][ ][ ][ ][ ]
[ ][ ][ ][ ][ ][ ][ ]
[ ][ ][ ][ ][ ][ ][ ]
[ ][ ][ ][ ][ ][ ][1]

Player 2 Move (Score: 0):
Current player: 1
[ ][ ][ ][ ][ ][ ][ ]
[ ][ ][ ][ ][ ][ ][ ]
[ ][ ][ ][ ][ ][ ][ ]
[ ][ ][ ][ ][ ][ ][ ]
[ ][ ][ ][ ][ ][ ][ ]
[2][ ][ ][ ][ ][ ][1]

Player 1 Move (Score: 0):
Current player: 2
[ ][ ][ ][ ][ ][ ][ ]
[ ][ ][ ][ ][ ][ ][ ]
[ ][ ][ ][ ][ ][ ][ ]
[ ][ ][ ][ ][ ][ ][ ]
[ ][ ][ ][ ][ ][ ][1]
[2][ ][ ][ ][ ][ ][1]

Player 2 Move (Score: 0):
Current player: 1
[ ][ ][ ][ ][ ][ ][ ]
[ ][ ][ ][ ][ ][ ][ ]
[ ][ ][ ][ ][ ][ ][ ]
[ ][ ][ ][ ][ ][ ][ ]
[ ][ ][ ][ ][ ][ ][1]
[2][2][ ][ ][ ][ ][1]

Player 1 Move (Score: -100):
Current player: 2
[ ][ ][ ][ ][ ][ ][ ]
[ ][ ][ ][ ][ ][ ][ ]
[ ][ ][ ][ ][ ][ ][ ]
[ ][ ][ ][ ][ ][ ][1]
[ ][ ][ ][ ][ ][ ][1]
[2][2][ ][ ][ ][ ][1]

Player 2 Move (Score: -100):
Current player: 1
[ ][ ][ ][ ][ ][ ][ ]
[ ][ ][ ][ ][ ][ ][ ]
[ ][ ][ ][ ][ ][ ][2]
[ ][ ][ ][ ][ ][ ][1]
[ ][ ][ ][ ][ ][ ][1]
[2][2][ ][ ][ ][ ][1]

Player 1 Move (Score: -200):
Current player: 2
[ ][ ][ ][ ][ ][ ][ ]
[ ][ ][ ][ ][ ][ ][ ]
[ ][ ][ ][ ][ ][ ][2]
[ ][ ][ ][ ][ ][ ][1]
[ ][ ][ ][ ][ ][ ][1]
[2][2][ ][ ][ ][1][1]

Player 2 Move (Score: -10000):
Current player: 1
[ ][ ][ ][ ][ ][ ][ ]
[ ][ ][ ][ ][ ][ ][ ]
[ ][ ][ ][ ][ ][ ][2]
[ ][ ][ ][ ][ ][ ][1]
[ ][ ][ ][ ][ ][ ][1]
[2][2][2][ ][ ][1][1]

Player 1 Move (Score: -430):
Current player: 2
[ ][ ][ ][ ][ ][ ][ ]
[ ][ ][ ][ ][ ][ ][ ]
[ ][ ][ ][ ][ ][ ][2]
[ ][ ][ ][ ][ ][ ][1]
[ ][ ][ ][ ][ ][ ][1]
[2][2][2][1][ ][1][1]

Player 2 Move (Score: -200):
Current player: 1
[ ][ ][ ][ ][ ][ ][ ]
[ ][ ][ ][ ][ ][ ][ ]
[ ][ ][ ][ ][ ][ ][2]
[ ][ ][ ][ ][ ][ ][1]
[ ][ ][2][ ][ ][ ][1]
[2][2][2][1][ ][1][1]

Player 1 Move (Score: -10030):
Current player: 2
[ ][ ][ ][ ][ ][ ][ ]
[ ][ ][ ][ ][ ][ ][ ]
[ ][ ][ ][ ][ ][ ][2]
[ ][ ][ ][ ][ ][ ][1]
[ ][ ][2][ ][ ][1][1]
[2][2][2][1][ ][1][1]

Player 2 Move (Score: -9700):
Current player: 1
[ ][ ][ ][ ][ ][ ][ ]
[ ][ ][ ][ ][ ][ ][ ]
[ ][ ][ ][ ][ ][ ][2]
[ ][ ][2][ ][ ][ ][1]
[ ][ ][2][ ][ ][1][1]
[2][2][2][1][ ][1][1]

Player 1 Move (Score: -12030):
Current player: 2
[ ][ ][ ][ ][ ][ ][ ]
[ ][ ][ ][ ][ ][ ][ ]
[ ][ ][1][ ][ ][ ][2]
[ ][ ][2][ ][ ][ ][1]
[ ][ ][2][ ][ ][1][1]
[2][2][2][1][ ][1][1]

Player 2 Move (Score: -10030):
Current player: 1
[ ][ ][ ][ ][ ][ ][ ]
[ ][ ][ ][ ][ ][ ][ ]
[ ][ ][1][ ][ ][ ][2]
[ ][ ][2][ ][ ][ ][1]
[ ][2][2][ ][ ][1][1]
[2][2][2][1][ ][1][1]

Player 1 Move (Score: -29900):
Current player: 2
[ ][ ][ ][ ][ ][ ][ ]
[ ][ ][ ][ ][ ][ ][ ]
[ ][ ][1][ ][ ][ ][2]
[ ][ ][2][ ][ ][1][1]
[ ][2][2][ ][ ][1][1]
[2][2][2][1][ ][1][1]

Player 2 Move (Score: -12030):
Current player: 1
[ ][ ][ ][ ][ ][ ][ ]
[ ][ ][ ][ ][ ][ ][ ]
[ ][ ][1][ ][ ][ ][2]
[ ][ ][2][ ][ ][1][1]
[ ][2][2][2][ ][1][1]
[2][2][2][1][ ][1][1]

Player 1 Move (Score: -32180):
Current player: 2
[ ][ ][ ][ ][ ][ ][ ]
[ ][ ][ ][ ][ ][ ][ ]
[ ][ ][1][ ][ ][ ][2]
[ ][ ][2][ ][ ][1][1]
[1][2][2][2][ ][1][1]
[2][2][2][1][ ][1][1]

Player 2 Move (Score: -29900):
Current player: 1
[ ][ ][ ][ ][ ][ ][ ]
[ ][ ][ ][ ][ ][ ][ ]
[ ][ ][1][ ][ ][ ][2]
[ ][ ][2][ ][ ][1][1]
[1][2][2][2][ ][1][1]
[2][2][2][1][2][1][1]

Player 1 Move (Score: -1970300):
Current player: 2
[ ][ ][ ][ ][ ][ ][ ]
[ ][ ][ ][ ][ ][ ][ ]
[ ][ ][1][ ][ ][1][2]
[ ][ ][2][ ][ ][1][1]
[1][2][2][2][ ][1][1]
[2][2][2][1][2][1][1]

Result: Player 1 Wins

Simulating game 4/10 (Player 1 Depth: 4, Player 2 Depth: 1)
Player 1 Move (Score: 0):
Current player: 2
[ ][ ][ ][ ][ ][ ][ ]
[ ][ ][ ][ ][ ][ ][ ]
[ ][ ][ ][ ][ ][ ][ ]
[ ][ ][ ][ ][ ][ ][ ]
[ ][ ][ ][ ][ ][ ][ ]
[ ][ ][ ][ ][ ][1][ ]

Player 2 Move (Score: 0):
Current player: 1
[ ][ ][ ][ ][ ][ ][ ]
[ ][ ][ ][ ][ ][ ][ ]
[ ][ ][ ][ ][ ][ ][ ]
[ ][ ][ ][ ][ ][ ][ ]
[ ][ ][ ][ ][ ][ ][ ]
[2][ ][ ][ ][ ][1][ ]

Player 1 Move (Score: 0):
Current player: 2
[ ][ ][ ][ ][ ][ ][ ]
[ ][ ][ ][ ][ ][ ][ ]
[ ][ ][ ][ ][ ][ ][ ]
[ ][ ][ ][ ][ ][ ][ ]
[ ][ ][ ][ ][ ][ ][ ]
[2][ ][ ][ ][1][1][ ]

Player 2 Move (Score: 0):
Current player: 1
[ ][ ][ ][ ][ ][ ][ ]
[ ][ ][ ][ ][ ][ ][ ]
[ ][ ][ ][ ][ ][ ][ ]
[ ][ ][ ][ ][ ][ ][ ]
[ ][ ][ ][ ][ ][ ][ ]
[2][ ][ ][2][1][1][ ]

Player 1 Move (Score: 200):
Current player: 2
[ ][ ][ ][ ][ ][ ][ ]
[ ][ ][ ][ ][ ][ ][ ]
[ ][ ][ ][ ][ ][ ][ ]
[ ][ ][ ][ ][ ][ ][ ]
[ ][ ][ ][ ][1][ ][ ]
[2][ ][ ][2][1][1][ ]

Player 2 Move (Score: 300):
Current player: 1
[ ][ ][ ][ ][ ][ ][ ]
[ ][ ][ ][ ][ ][ ][ ]
[ ][ ][ ][ ][ ][ ][ ]
[ ][ ][ ][ ][ ][ ][ ]
[ ][ ][ ][2][1][ ][ ]
[2][ ][ ][2][1][1][ ]

Player 1 Move (Score: 20000):
Current player: 2
[ ][ ][ ][ ][ ][ ][ ]
[ ][ ][ ][ ][ ][ ][ ]
[ ][ ][ ][ ][ ][ ][ ]
[ ][ ][ ][1][ ][ ][ ]
[ ][ ][ ][2][1][ ][ ]
[2][ ][ ][2][1][1][ ]

Player 2 Move (Score: 29970):
Current player: 1
[ ][ ][ ][ ][ ][ ][ ]
[ ][ ][ ][ ][ ][ ][ ]
[ ][ ][ ][ ][ ][ ][ ]
[ ][ ][ ][1][2][ ][ ]
[ ][ ][ ][2][1][ ][ ]
[2][ ][ ][2][1][1][ ]

Player 1 Move (Score: 29470):
Current player: 2
[ ][ ][ ][ ][ ][ ][ ]
[ ][ ][ ][ ][ ][ ][ ]
[ ][ ][ ][ ][ ][ ][ ]
[ ][ ][ ][1][2][ ][ ]
[ ][ ][ ][2][1][ ][ ]
[2][ ][1][2][1][1][ ]

Player 2 Move (Score: 29620):
Current player: 1
[ ][ ][ ][ ][ ][ ][ ]
[ ][ ][ ][ ][ ][ ][ ]
[ ][ ][ ][2][ ][ ][ ]
[ ][ ][ ][1][2][ ][ ]
[ ][ ][ ][2][1][ ][ ]
[2][ ][1][2][1][1][ ]

Player 1 Move (Score: 29520):
Current player: 2
[ ][ ][ ][ ][ ][ ][ ]
[ ][ ][ ][ ][ ][ ][ ]
[ ][ ][ ][2][ ][ ][ ]
[ ][ ][ ][1][2][ ][ ]
[ ][ ][ ][2][1][1][ ]
[2][ ][1][2][1][1][ ]

Player 2 Move (Score: 29750):
Current player: 1
[ ][ ][ ][ ][ ][ ][ ]
[ ][ ][ ][ ][ ][ ][ ]
[ ][ ][ ][2][2][ ][ ]
[ ][ ][ ][1][2][ ][ ]
[ ][ ][ ][2][1][1][ ]
[2][ ][1][2][1][1][ ]

Player 1 Move (Score: 19640):
Current player: 2
[ ][ ][ ][ ][ ][ ][ ]
[ ][ ][ ][1][ ][ ][ ]
[ ][ ][ ][2][2][ ][ ]
[ ][ ][ ][1][2][ ][ ]
[ ][ ][ ][2][1][1][ ]
[2][ ][1][2][1][1][ ]

Player 2 Move (Score: 19490):
Current player: 1
[ ][ ][ ][ ][ ][ ][ ]
[ ][ ][ ][1][2][ ][ ]
[ ][ ][ ][2][2][ ][ ]
[ ][ ][ ][1][2][ ][ ]
[ ][ ][ ][2][1][1][ ]
[2][ ][1][2][1][1][ ]

Player 1 Move (Score: -2460):
Current player: 2
[ ][ ][ ][ ][1][ ][ ]
[ ][ ][ ][1][2][ ][ ]
[ ][ ][ ][2][2][ ][ ]
[ ][ ][ ][1][2][ ][ ]
[ ][ ][ ][2][1][1][ ]
[2][ ][1][2][1][1][ ]

Player 2 Move (Score: 29490):
Current player: 1
[ ][ ][ ][ ][1][ ][ ]
[ ][ ][ ][1][2][ ][ ]
[ ][ ][ ][2][2][ ][ ]
[ ][ ][ ][1][2][ ][ ]
[ ][ ][2][2][1][1][ ]
[2][ ][1][2][1][1][ ]

Player 1 Move (Score: -12400):
Current player: 2
[ ][ ][ ][ ][1][ ][ ]
[ ][ ][ ][1][2][ ][ ]
[ ][ ][ ][2][2][ ][ ]
[ ][ ][1][1][2][ ][ ]
[ ][ ][2][2][1][1][ ]
[2][ ][1][2][1][1][ ]

Player 2 Move (Score: -12500):
Current player: 1
[ ][ ][ ][ ][1][ ][ ]
[ ][ ][ ][1][2][ ][ ]
[ ][ ][2][2][2][ ][ ]
[ ][ ][1][1][2][ ][ ]
[ ][ ][2][2][1][1][ ]
[2][ ][1][2][1][1][ ]

Player 1 Move (Score: -12400):
Current player: 2
[ ][ ][ ][ ][1][ ][ ]
[ ][ ][1][1][2][ ][ ]
[ ][ ][2][2][2][ ][ ]
[ ][ ][1][1][2][ ][ ]
[ ][ ][2][2][1][1][ ]
[2][ ][1][2][1][1][ ]

Player 2 Move (Score: -12400):
Current player: 1
[ ][ ][ ][2][1][ ][ ]
[ ][ ][1][1][2][ ][ ]
[ ][ ][2][2][2][ ][ ]
[ ][ ][1][1][2][ ][ ]
[ ][ ][2][2][1][1][ ]
[2][ ][1][2][1][1][ ]

Player 1 Move (Score: -12500):
Current player: 2
[ ][ ][ ][2][1][ ][ ]
[ ][ ][1][1][2][ ][ ]
[ ][ ][2][2][2][ ][ ]
[ ][ ][1][1][2][ ][ ]
[1][ ][2][2][1][1][ ]
[2][ ][1][2][1][1][ ]

Player 2 Move (Score: -12400):
Current player: 1
[ ][ ][ ][2][1][ ][ ]
[ ][ ][1][1][2][ ][ ]
[ ][ ][2][2][2][ ][ ]
[ ][ ][1][1][2][2][ ]
[1][ ][2][2][1][1][ ]
[2][ ][1][2][1][1][ ]

Player 1 Move (Score: -10100):
Current player: 2
[ ][ ][ ][2][1][ ][ ]
[ ][ ][1][1][2][ ][ ]
[ ][ ][2][2][2][1][ ]
[ ][ ][1][1][2][2][ ]
[1][ ][2][2][1][1][ ]
[2][ ][1][2][1][1][ ]

Player 2 Move (Score: -10100):
Current player: 1
[ ][ ][ ][2][1][ ][ ]
[ ][ ][1][1][2][ ][ ]
[ ][ ][2][2][2][1][ ]
[2][ ][1][1][2][2][ ]
[1][ ][2][2][1][1][ ]
[2][ ][1][2][1][1][ ]

Player 1 Move (Score: -10000):
Current player: 2
[ ][ ][1][2][1][ ][ ]
[ ][ ][1][1][2][ ][ ]
[ ][ ][2][2][2][1][ ]
[2][ ][1][1][2][2][ ]
[1][ ][2][2][1][1][ ]
[2][ ][1][2][1][1][ ]

Player 2 Move (Score: -10100):
Current player: 1
[ ][ ][1][2][1][ ][ ]
[ ][ ][1][1][2][ ][ ]
[ ][ ][2][2][2][1][ ]
[2][ ][1][1][2][2][ ]
[1][ ][2][2][1][1][ ]
[2][ ][1][2][1][1][2]

Player 1 Move (Score: -10000):
Current player: 2
[ ][ ][1][2][1][ ][ ]
[ ][ ][1][1][2][ ][ ]
[ ][ ][2][2][2][1][ ]
[2][ ][1][1][2][2][ ]
[1][ ][2][2][1][1][ ]
[2][1][1][2][1][1][2]

Player 2 Move (Score: -10200):
Current player: 1
[ ][ ][1][2][1][ ][ ]
[ ][ ][1][1][2][ ][ ]
[ ][ ][2][2][2][1][ ]
[2][ ][1][1][2][2][ ]
[1][ ][2][2][1][1][2]
[2][1][1][2][1][1][2]

Player 1 Move (Score: -10000):
Current player: 2
[ ][ ][1][2][1][ ][ ]
[ ][ ][1][1][2][ ][ ]
[ ][ ][2][2][2][1][ ]
[2][ ][1][1][2][2][1]
[1][ ][2][2][1][1][2]
[2][1][1][2][1][1][2]

Player 2 Move (Score: -10100):
Current player: 1
[ ][ ][1][2][1][ ][ ]
[ ][ ][1][1][2][2][ ]
[ ][ ][2][2][2][1][ ]
[2][ ][1][1][2][2][1]
[1][ ][2][2][1][1][2]
[2][1][1][2][1][1][2]

Player 1 Move (Score: -10000):
Current player: 2
[ ][ ][1][2][1][1][ ]
[ ][ ][1][1][2][2][ ]
[ ][ ][2][2][2][1][ ]
[2][ ][1][1][2][2][1]
[1][ ][2][2][1][1][2]
[2][1][1][2][1][1][2]

Player 2 Move (Score: -10100):
Current player: 1
[ ][ ][1][2][1][1][ ]
[ ][ ][1][1][2][2][ ]
[ ][ ][2][2][2][1][2]
[2][ ][1][1][2][2][1]
[1][ ][2][2][1][1][2]
[2][1][1][2][1][1][2]

Player 1 Move (Score: -10000):
Current player: 2
[ ][ ][1][2][1][1][ ]
[ ][ ][1][1][2][2][1]
[ ][ ][2][2][2][1][2]
[2][ ][1][1][2][2][1]
[1][ ][2][2][1][1][2]
[2][1][1][2][1][1][2]

Player 2 Move (Score: -10100):
Current player: 1
[ ][ ][1][2][1][1][2]
[ ][ ][1][1][2][2][1]
[ ][ ][2][2][2][1][2]
[2][ ][1][1][2][2][1]
[1][ ][2][2][1][1][2]
[2][1][1][2][1][1][2]

Player 1 Move (Score: -10100):
Current player: 2
[ ][ ][1][2][1][1][2]
[ ][ ][1][1][2][2][1]
[1][ ][2][2][2][1][2]
[2][ ][1][1][2][2][1]
[1][ ][2][2][1][1][2]
[2][1][1][2][1][1][2]

Player 2 Move (Score: -10000):
Current player: 1
[ ][ ][1][2][1][1][2]
[2][ ][1][1][2][2][1]
[1][ ][2][2][2][1][2]
[2][ ][1][1][2][2][1]
[1][ ][2][2][1][1][2]
[2][1][1][2][1][1][2]

Player 1 Move (Score: -2000000):
Current player: 2
[1][ ][1][2][1][1][2]
[2][ ][1][1][2][2][1]
[1][ ][2][2][2][1][2]
[2][ ][1][1][2][2][1]
[1][ ][2][2][1][1][2]
[2][1][1][2][1][1][2]

Player 2 Move (Score: -10000):
Current player: 1
[1][ ][1][2][1][1][2]
[2][ ][1][1][2][2][1]
[1][ ][2][2][2][1][2]
[2][ ][1][1][2][2][1]
[1][2][2][2][1][1][2]
[2][1][1][2][1][1][2]

Player 1 Move (Score: -2000000):
Current player: 2
[1][ ][1][2][1][1][2]
[2][ ][1][1][2][2][1]
[1][ ][2][2][2][1][2]
[2][1][1][1][2][2][1]
[1][2][2][2][1][1][2]
[2][1][1][2][1][1][2]

Player 2 Move (Score: -2000000):
Current player: 1
[1][ ][1][2][1][1][2]
[2][ ][1][1][2][2][1]
[1][2][2][2][2][1][2]
[2][1][1][1][2][2][1]
[1][2][2][2][1][1][2]
[2][1][1][2][1][1][2]

Result: Player 2 Wins

Simulating game 5/10 (Player 1 Depth: 4, Player 2 Depth: 1)
Player 1 Move (Score: 0):
Current player: 2
[ ][ ][ ][ ][ ][ ][ ]
[ ][ ][ ][ ][ ][ ][ ]
[ ][ ][ ][ ][ ][ ][ ]
[ ][ ][ ][ ][ ][ ][ ]
[ ][ ][ ][ ][ ][ ][ ]
[ ][ ][1][ ][ ][ ][ ]

Player 2 Move (Score: 0):
Current player: 1
[ ][ ][ ][ ][ ][ ][ ]
[ ][ ][ ][ ][ ][ ][ ]
[ ][ ][ ][ ][ ][ ][ ]
[ ][ ][ ][ ][ ][ ][ ]
[ ][ ][ ][ ][ ][ ][ ]
[ ][ ][1][2][ ][ ][ ]

Player 1 Move (Score: -100):
Current player: 2
[ ][ ][ ][ ][ ][ ][ ]
[ ][ ][ ][ ][ ][ ][ ]
[ ][ ][ ][ ][ ][ ][ ]
[ ][ ][ ][ ][ ][ ][ ]
[ ][ ][ ][ ][ ][ ][ ]
[ ][ ][1][2][ ][1][ ]

Player 2 Move (Score: -100):
Current player: 1
[ ][ ][ ][ ][ ][ ][ ]
[ ][ ][ ][ ][ ][ ][ ]
[ ][ ][ ][ ][ ][ ][ ]
[ ][ ][ ][ ][ ][ ][ ]
[ ][ ][ ][2][ ][ ][ ]
[ ][ ][1][2][ ][1][ ]

Player 1 Move (Score: -130):
Current player: 2
[ ][ ][ ][ ][ ][ ][ ]
[ ][ ][ ][ ][ ][ ][ ]
[ ][ ][ ][ ][ ][ ][ ]
[ ][ ][ ][ ][ ][ ][ ]
[ ][ ][ ][2][ ][1][ ]
[ ][ ][1][2][ ][1][ ]

Player 2 Move (Score: -10000):
Current player: 1
[ ][ ][ ][ ][ ][ ][ ]
[ ][ ][ ][ ][ ][ ][ ]
[ ][ ][ ][ ][ ][ ][ ]
[ ][ ][ ][2][ ][ ][ ]
[ ][ ][ ][2][ ][1][ ]
[ ][ ][1][2][ ][1][ ]

Player 1 Move (Score: -460):
Current player: 2
[ ][ ][ ][ ][ ][ ][ ]
[ ][ ][ ][ ][ ][ ][ ]
[ ][ ][ ][1][ ][ ][ ]
[ ][ ][ ][2][ ][ ][ ]
[ ][ ][ ][2][ ][1][ ]
[ ][ ][1][2][ ][1][ ]

Player 2 Move (Score: -360):
Current player: 1
[ ][ ][ ][ ][ ][ ][ ]
[ ][ ][ ][ ][ ][ ][ ]
[ ][ ][ ][1][ ][ ][ ]
[ ][ ][ ][2][ ][ ][ ]
[ ][ ][2][2][ ][1][ ]
[ ][ ][1][2][ ][1][ ]

Player 1 Move (Score: -9800):
Current player: 2
[ ][ ][ ][ ][ ][ ][ ]
[ ][ ][ ][ ][ ][ ][ ]
[ ][ ][ ][1][ ][ ][ ]
[ ][ ][1][2][ ][ ][ ]
[ ][ ][2][2][ ][1][ ]
[ ][ ][1][2][ ][1][ ]

Player 2 Move (Score: -9950):
Current player: 1
[ ][ ][ ][ ][ ][ ][ ]
[ ][ ][ ][ ][ ][ ][ ]
[ ][ ][ ][1][ ][ ][ ]
[ ][ ][1][2][ ][ ][ ]
[ ][ ][2][2][ ][1][ ]
[ ][2][1][2][ ][1][ ]

Player 1 Move (Score: 2100):
Current player: 2
[ ][ ][ ][ ][ ][ ][ ]
[ ][ ][ ][ ][ ][ ][ ]
[ ][ ][ ][1][ ][ ][ ]
[ ][ ][1][2][ ][ ][ ]
[ ][1][2][2][ ][1][ ]
[ ][2][1][2][ ][1][ ]

Player 2 Move (Score: 2200):
Current player: 1
[ ][ ][ ][ ][ ][ ][ ]
[ ][ ][ ][ ][ ][ ][ ]
[ ][ ][ ][1][ ][ ][ ]
[ ][2][1][2][ ][ ][ ]
[ ][1][2][2][ ][1][ ]
[ ][2][1][2][ ][1][ ]

Player 1 Move (Score: 2300):
Current player: 2
[ ][ ][ ][ ][ ][ ][ ]
[ ][ ][ ][ ][ ][ ][ ]
[ ][ ][1][1][ ][ ][ ]
[ ][2][1][2][ ][ ][ ]
[ ][1][2][2][ ][1][ ]
[ ][2][1][2][ ][1][ ]

Player 2 Move (Score: 450):
Current player: 1
[ ][ ][ ][ ][ ][ ][ ]
[ ][ ][ ][ ][ ][ ][ ]
[ ][ ][1][1][ ][ ][ ]
[ ][2][1][2][ ][ ][ ]
[ ][1][2][2][ ][1][ ]
[2][2][1][2][ ][1][ ]

Player 1 Move (Score: 12200):
Current player: 2
[ ][ ][ ][ ][ ][ ][ ]
[ ][ ][ ][ ][ ][ ][ ]
[ ][1][1][1][ ][ ][ ]
[ ][2][1][2][ ][ ][ ]
[ ][1][2][2][ ][1][ ]
[2][2][1][2][ ][1][ ]

Player 2 Move (Score: 12300):
Current player: 1
[ ][ ][ ][ ][ ][ ][ ]
[ ][ ][ ][ ][ ][ ][ ]
[ ][1][1][1][ ][ ][ ]
[ ][2][1][2][ ][2][ ]
[ ][1][2][2][ ][1][ ]
[2][2][1][2][ ][1][ ]

Player 1 Move (Score: 12300):
Current player: 2
[ ][ ][ ][ ][ ][ ][ ]
[ ][ ][1][ ][ ][ ][ ]
[ ][1][1][1][ ][ ][ ]
[ ][2][1][2][ ][2][ ]
[ ][1][2][2][ ][1][ ]
[2][2][1][2][ ][1][ ]

Player 2 Move (Score: 12400):
Current player: 1
[ ][ ][2][ ][ ][ ][ ]
[ ][ ][1][ ][ ][ ][ ]
[ ][1][1][1][ ][ ][ ]
[ ][2][1][2][ ][2][ ]
[ ][1][2][2][ ][1][ ]
[2][2][1][2][ ][1][ ]

Player 1 Move (Score: 12200):
Current player: 2
[ ][ ][2][ ][ ][ ][ ]
[ ][1][1][ ][ ][ ][ ]
[ ][1][1][1][ ][ ][ ]
[ ][2][1][2][ ][2][ ]
[ ][1][2][2][ ][1][ ]
[2][2][1][2][ ][1][ ]

Player 2 Move (Score: 12300):
Current player: 1
[ ][2][2][ ][ ][ ][ ]
[ ][1][1][ ][ ][ ][ ]
[ ][1][1][1][ ][ ][ ]
[ ][2][1][2][ ][2][ ]
[ ][1][2][2][ ][1][ ]
[2][2][1][2][ ][1][ ]

Player 1 Move (Score: 12100):
Current player: 2
[ ][2][2][ ][ ][ ][ ]
[ ][1][1][ ][ ][ ][ ]
[ ][1][1][1][ ][ ][ ]
[ ][2][1][2][ ][2][ ]
[ ][1][2][2][ ][1][ ]
[2][2][1][2][ ][1][1]

Player 2 Move (Score: 12100):
Current player: 1
[ ][2][2][ ][ ][ ][ ]
[ ][1][1][ ][ ][ ][ ]
[ ][1][1][1][ ][2][ ]
[ ][2][1][2][ ][2][ ]
[ ][1][2][2][ ][1][ ]
[2][2][1][2][ ][1][1]

Player 1 Move (Score: 12000):
Current player: 2
[ ][2][2][ ][ ][ ][ ]
[ ][1][1][ ][ ][1][ ]
[ ][1][1][1][ ][2][ ]
[ ][2][1][2][ ][2][ ]
[ ][1][2][2][ ][1][ ]
[2][2][1][2][ ][1][1]

Player 2 Move (Score: 12100):
Current player: 1
[ ][2][2][ ][ ][2][ ]
[ ][1][1][ ][ ][1][ ]
[ ][1][1][1][ ][2][ ]
[ ][2][1][2][ ][2][ ]
[ ][1][2][2][ ][1][ ]
[2][2][1][2][ ][1][1]

Player 1 Move (Score: 12000):
Current player: 2
[ ][2][2][ ][ ][2][ ]
[ ][1][1][1][ ][1][ ]
[ ][1][1][1][ ][2][ ]
[ ][2][1][2][ ][2][ ]
[ ][1][2][2][ ][1][ ]
[2][2][1][2][ ][1][1]

Player 2 Move (Score: 12000):
Current player: 1
[ ][2][2][2][ ][2][ ]
[ ][1][1][1][ ][1][ ]
[ ][1][1][1][ ][2][ ]
[ ][2][1][2][ ][2][ ]
[ ][1][2][2][ ][1][ ]
[2][2][1][2][ ][1][1]

Player 1 Move (Score: 11900):
Current player: 2
[ ][2][2][2][ ][2][ ]
[ ][1][1][1][ ][1][ ]
[ ][1][1][1][ ][2][ ]
[ ][2][1][2][ ][2][ ]
[ ][1][2][2][ ][1][1]
[2][2][1][2][ ][1][1]

Player 2 Move (Score: 12000):
Current player: 1
[ ][2][2][2][ ][2][ ]
[ ][1][1][1][ ][1][ ]
[ ][1][1][1][ ][2][ ]
[ ][2][1][2][ ][2][2]
[ ][1][2][2][ ][1][1]
[2][2][1][2][ ][1][1]

Player 1 Move (Score: 1900):
Current player: 2
[ ][2][2][2][ ][2][ ]
[ ][1][1][1][ ][1][ ]
[ ][1][1][1][ ][2][1]
[ ][2][1][2][ ][2][2]
[ ][1][2][2][ ][1][1]
[2][2][1][2][ ][1][1]

Player 2 Move (Score: 11900):
Current player: 1
[ ][2][2][2][ ][2][ ]
[ ][1][1][1][ ][1][ ]
[ ][1][1][1][ ][2][1]
[ ][2][1][2][ ][2][2]
[2][1][2][2][ ][1][1]
[2][2][1][2][ ][1][1]

Player 1 Move (Score: -1980000):
Current player: 2
[ ][2][2][2][ ][2][ ]
[ ][1][1][1][ ][1][ ]
[ ][1][1][1][ ][2][1]
[1][2][1][2][ ][2][2]
[2][1][2][2][ ][1][1]
[2][2][1][2][ ][1][1]

Player 2 Move (Score: -1980000):
Current player: 1
[ ][2][2][2][ ][2][ ]
[ ][1][1][1][ ][1][ ]
[2][1][1][1][ ][2][1]
[1][2][1][2][ ][2][2]
[2][1][2][2][ ][1][1]
[2][2][1][2][ ][1][1]

Result: Player 2 Wins

Simulating game 6/10 (Player 1 Depth: 4, Player 2 Depth: 1)
Player 1 Move (Score: 0):
Current player: 2
[ ][ ][ ][ ][ ][ ][ ]
[ ][ ][ ][ ][ ][ ][ ]
[ ][ ][ ][ ][ ][ ][ ]
[ ][ ][ ][ ][ ][ ][ ]
[ ][ ][ ][ ][ ][ ][ ]
[ ][ ][ ][ ][ ][1][ ]

Player 2 Move (Score: 0):
Current player: 1
[ ][ ][ ][ ][ ][ ][ ]
[ ][ ][ ][ ][ ][ ][ ]
[ ][ ][ ][ ][ ][ ][ ]
[ ][ ][ ][ ][ ][ ][ ]
[ ][ ][ ][ ][ ][ ][ ]
[ ][ ][ ][ ][ ][1][2]

Player 1 Move (Score: -100):
Current player: 2
[ ][ ][ ][ ][ ][ ][ ]
[ ][ ][ ][ ][ ][ ][ ]
[ ][ ][ ][ ][ ][ ][ ]
[ ][ ][ ][ ][ ][ ][ ]
[ ][ ][ ][ ][ ][ ][1]
[ ][ ][ ][ ][ ][1][2]

Player 2 Move (Score: -300):
Current player: 1
[ ][ ][ ][ ][ ][ ][ ]
[ ][ ][ ][ ][ ][ ][ ]
[ ][ ][ ][ ][ ][ ][ ]
[ ][ ][ ][ ][ ][ ][ ]
[ ][ ][ ][ ][ ][2][1]
[ ][ ][ ][ ][ ][1][2]

Player 1 Move (Score: -100):
Current player: 2
[ ][ ][ ][ ][ ][ ][ ]
[ ][ ][ ][ ][ ][ ][ ]
[ ][ ][ ][ ][ ][ ][ ]
[ ][ ][ ][ ][ ][ ][1]
[ ][ ][ ][ ][ ][2][1]
[ ][ ][ ][ ][ ][1][2]

Player 2 Move (Score: -300):
Current player: 1
[ ][ ][ ][ ][ ][ ][ ]
[ ][ ][ ][ ][ ][ ][ ]
[ ][ ][ ][ ][ ][ ][2]
[ ][ ][ ][ ][ ][ ][1]
[ ][ ][ ][ ][ ][2][1]
[ ][ ][ ][ ][ ][1][2]

Player 1 Move (Score: -100):
Current player: 2
[ ][ ][ ][ ][ ][ ][ ]
[ ][ ][ ][ ][ ][ ][1]
[ ][ ][ ][ ][ ][ ][2]
[ ][ ][ ][ ][ ][ ][1]
[ ][ ][ ][ ][ ][2][1]
[ ][ ][ ][ ][ ][1][2]

Player 2 Move (Score: -500):
Current player: 1
[ ][ ][ ][ ][ ][ ][ ]
[ ][ ][ ][ ][ ][ ][1]
[ ][ ][ ][ ][ ][ ][2]
[ ][ ][ ][ ][ ][2][1]
[ ][ ][ ][ ][ ][2][1]
[ ][ ][ ][ ][ ][1][2]

Player 1 Move (Score: -400):
Current player: 2
[ ][ ][ ][ ][ ][ ][ ]
[ ][ ][ ][ ][ ][ ][1]
[ ][ ][ ][ ][ ][ ][2]
[ ][ ][ ][ ][ ][2][1]
[ ][ ][ ][ ][ ][2][1]
[ ][ ][ ][ ][1][1][2]

Player 2 Move (Score: -10500):
Current player: 1
[ ][ ][ ][ ][ ][ ][ ]
[ ][ ][ ][ ][ ][ ][1]
[ ][ ][ ][ ][ ][2][2]
[ ][ ][ ][ ][ ][2][1]
[ ][ ][ ][ ][ ][2][1]
[ ][ ][ ][ ][1][1][2]

Player 1 Move (Score: -30100):
Current player: 2
[ ][ ][ ][ ][ ][ ][ ]
[ ][ ][ ][ ][ ][1][1]
[ ][ ][ ][ ][ ][2][2]
[ ][ ][ ][ ][ ][2][1]
[ ][ ][ ][ ][ ][2][1]
[ ][ ][ ][ ][1][1][2]

Player 2 Move (Score: -10300):
Current player: 1
[ ][ ][ ][ ][ ][ ][ ]
[ ][ ][ ][ ][ ][1][1]
[ ][ ][ ][ ][ ][2][2]
[ ][ ][ ][ ][ ][2][1]
[ ][ ][ ][ ][2][2][1]
[ ][ ][ ][ ][1][1][2]

Player 1 Move (Score: -39840):
Current player: 2
[ ][ ][ ][ ][ ][ ][ ]
[ ][ ][ ][ ][ ][1][1]
[ ][ ][ ][ ][ ][2][2]
[ ][ ][ ][ ][ ][2][1]
[ ][ ][ ][ ][2][2][1]
[ ][ ][ ][1][1][1][2]

Player 2 Move (Score: -20500):
Current player: 1
[ ][ ][ ][ ][ ][ ][ ]
[ ][ ][ ][ ][ ][1][1]
[ ][ ][ ][ ][ ][2][2]
[ ][ ][ ][ ][2][2][1]
[ ][ ][ ][ ][2][2][1]
[ ][ ][ ][1][1][1][2]

Player 1 Move (Score: -40200):
Current player: 2
[ ][ ][ ][ ][ ][ ][ ]
[ ][ ][ ][ ][ ][1][1]
[ ][ ][ ][ ][1][2][2]
[ ][ ][ ][ ][2][2][1]
[ ][ ][ ][ ][2][2][1]
[ ][ ][ ][1][1][1][2]

Player 2 Move (Score: -39840):
Current player: 1
[ ][ ][ ][ ][ ][ ][ ]
[ ][ ][ ][ ][ ][1][1]
[ ][ ][ ][ ][1][2][2]
[ ][ ][ ][ ][2][2][1]
[ ][ ][ ][2][2][2][1]
[ ][ ][ ][1][1][1][2]

Player 1 Move (Score: -1970160):
Current player: 2
[ ][ ][ ][ ][ ][ ][ ]
[ ][ ][ ][ ][ ][1][1]
[ ][ ][ ][ ][1][2][2]
[ ][ ][ ][ ][2][2][1]
[ ][ ][ ][2][2][2][1]
[ ][ ][1][1][1][1][2]

Result: Player 1 Wins

Simulating game 7/10 (Player 1 Depth: 4, Player 2 Depth: 1)
Player 1 Move (Score: 0):
Current player: 2
[ ][ ][ ][ ][ ][ ][ ]
[ ][ ][ ][ ][ ][ ][ ]
[ ][ ][ ][ ][ ][ ][ ]
[ ][ ][ ][ ][ ][ ][ ]
[ ][ ][ ][ ][ ][ ][ ]
[ ][ ][ ][ ][ ][1][ ]

Player 2 Move (Score: 0):
Current player: 1
[ ][ ][ ][ ][ ][ ][ ]
[ ][ ][ ][ ][ ][ ][ ]
[ ][ ][ ][ ][ ][ ][ ]
[ ][ ][ ][ ][ ][ ][ ]
[ ][ ][ ][ ][ ][ ][ ]
[ ][ ][2][ ][ ][1][ ]

Player 1 Move (Score: -100):
Current player: 2
[ ][ ][ ][ ][ ][ ][ ]
[ ][ ][ ][ ][ ][ ][ ]
[ ][ ][ ][ ][ ][ ][ ]
[ ][ ][ ][ ][ ][ ][ ]
[ ][ ][ ][ ][ ][ ][ ]
[ ][ ][2][ ][ ][1][1]

Player 2 Move (Score: -130):
Current player: 1
[ ][ ][ ][ ][ ][ ][ ]
[ ][ ][ ][ ][ ][ ][ ]
[ ][ ][ ][ ][ ][ ][ ]
[ ][ ][ ][ ][ ][ ][ ]
[ ][ ][ ][ ][ ][ ][ ]
[ ][ ][2][2][ ][1][1]

Player 1 Move (Score: -450):
Current player: 2
[ ][ ][ ][ ][ ][ ][ ]
[ ][ ][ ][ ][ ][ ][ ]
[ ][ ][ ][ ][ ][ ][ ]
[ ][ ][ ][ ][ ][ ][ ]
[ ][ ][ ][ ][ ][ ][ ]
[ ][1][2][2][ ][1][1]

Player 2 Move (Score: -200):
Current player: 1
[ ][ ][ ][ ][ ][ ][ ]
[ ][ ][ ][ ][ ][ ][ ]
[ ][ ][ ][ ][ ][ ][ ]
[ ][ ][ ][ ][ ][ ][ ]
[ ][ ][ ][2][ ][ ][ ]
[ ][1][2][2][ ][1][1]

Player 1 Move (Score: -2000):
Current player: 2
[ ][ ][ ][ ][ ][ ][ ]
[ ][ ][ ][ ][ ][ ][ ]
[ ][ ][ ][ ][ ][ ][ ]
[ ][ ][ ][ ][ ][ ][ ]
[ ][ ][ ][2][ ][1][ ]
[ ][1][2][2][ ][1][1]

Player 2 Move (Score: -9800):
Current player: 1
[ ][ ][ ][ ][ ][ ][ ]
[ ][ ][ ][ ][ ][ ][ ]
[ ][ ][ ][ ][ ][ ][ ]
[ ][ ][ ][2][ ][ ][ ]
[ ][ ][ ][2][ ][1][ ]
[ ][1][2][2][ ][1][1]

Player 1 Move (Score: -2400):
Current player: 2
[ ][ ][ ][ ][ ][ ][ ]
[ ][ ][ ][ ][ ][ ][ ]
[ ][ ][ ][1][ ][ ][ ]
[ ][ ][ ][2][ ][ ][ ]
[ ][ ][ ][2][ ][1][ ]
[ ][1][2][2][ ][1][1]

Player 2 Move (Score: -530):
Current player: 1
[ ][ ][ ][ ][ ][ ][ ]
[ ][ ][ ][ ][ ][ ][ ]
[ ][ ][ ][1][ ][ ][ ]
[ ][ ][ ][2][ ][ ][ ]
[ ][ ][2][2][ ][1][ ]
[ ][1][2][2][ ][1][1]

Player 1 Move (Score: -12000):
Current player: 2
[ ][ ][ ][ ][ ][ ][ ]
[ ][ ][ ][1][ ][ ][ ]
[ ][ ][ ][1][ ][ ][ ]
[ ][ ][ ][2][ ][ ][ ]
[ ][ ][2][2][ ][1][ ]
[ ][1][2][2][ ][1][1]

Player 2 Move (Score: -12400):
Current player: 1
[ ][ ][ ][ ][ ][ ][ ]
[ ][ ][ ][1][ ][ ][ ]
[ ][ ][ ][1][ ][ ][ ]
[ ][ ][ ][2][ ][ ][ ]
[ ][2][2][2][ ][1][ ]
[ ][1][2][2][ ][1][1]

Player 1 Move (Score: -22000):
Current player: 2
[ ][ ][ ][1][ ][ ][ ]
[ ][ ][ ][1][ ][ ][ ]
[ ][ ][ ][1][ ][ ][ ]
[ ][ ][ ][2][ ][ ][ ]
[ ][2][2][2][ ][1][ ]
[ ][1][2][2][ ][1][1]

Player 2 Move (Score: -22780):
Current player: 1
[ ][ ][ ][1][ ][ ][ ]
[ ][ ][ ][1][ ][ ][ ]
[ ][ ][ ][1][ ][ ][ ]
[ ][ ][2][2][ ][ ][ ]
[ ][2][2][2][ ][1][ ]
[ ][1][2][2][ ][1][1]

Player 1 Move (Score: -52350):
Current player: 2
[ ][ ][ ][1][ ][ ][ ]
[ ][ ][ ][1][ ][ ][ ]
[ ][ ][1][1][ ][ ][ ]
[ ][ ][2][2][ ][ ][ ]
[ ][2][2][2][ ][1][ ]
[ ][1][2][2][ ][1][1]

Player 2 Move (Score: -34480):
Current player: 1
[ ][ ][ ][1][ ][ ][ ]
[ ][ ][ ][1][ ][ ][ ]
[ ][ ][1][1][ ][ ][ ]
[ ][2][2][2][ ][ ][ ]
[ ][2][2][2][ ][1][ ]
[ ][1][2][2][ ][1][1]

Player 1 Move (Score: -1975700):
Current player: 2
[ ][ ][ ][1][ ][ ][ ]
[ ][ ][ ][1][ ][ ][ ]
[ ][ ][1][1][ ][ ][ ]
[ ][2][2][2][ ][1][ ]
[ ][2][2][2][ ][1][ ]
[ ][1][2][2][ ][1][1]

Player 2 Move (Score: -56200):
Current player: 1
[ ][ ][ ][1][ ][ ][ ]
[ ][ ][ ][1][ ][ ][ ]
[ ][2][1][1][ ][ ][ ]
[ ][2][2][2][ ][1][ ]
[ ][2][2][2][ ][1][ ]
[ ][1][2][2][ ][1][1]

Player 1 Move (Score: -1943800):
Current player: 2
[ ][ ][ ][1][ ][ ][ ]
[ ][ ][ ][1][ ][ ][ ]
[ ][2][1][1][ ][1][ ]
[ ][2][2][2][ ][1][ ]
[ ][2][2][2][ ][1][ ]
[ ][1][2][2][ ][1][1]

Result: Player 1 Wins

Simulating game 8/10 (Player 1 Depth: 4, Player 2 Depth: 1)
Player 1 Move (Score: 0):
Current player: 2
[ ][ ][ ][ ][ ][ ][ ]
[ ][ ][ ][ ][ ][ ][ ]
[ ][ ][ ][ ][ ][ ][ ]
[ ][ ][ ][ ][ ][ ][ ]
[ ][ ][ ][ ][ ][ ][ ]
[ ][ ][ ][ ][1][ ][ ]

Player 2 Move (Score: 0):
Current player: 1
[ ][ ][ ][ ][ ][ ][ ]
[ ][ ][ ][ ][ ][ ][ ]
[ ][ ][ ][ ][ ][ ][ ]
[ ][ ][ ][ ][ ][ ][ ]
[ ][ ][ ][ ][ ][ ][ ]
[ ][ ][ ][2][1][ ][ ]

Player 1 Move (Score: 0):
Current player: 2
[ ][ ][ ][ ][ ][ ][ ]
[ ][ ][ ][ ][ ][ ][ ]
[ ][ ][ ][ ][ ][ ][ ]
[ ][ ][ ][ ][ ][ ][ ]
[ ][ ][ ][1][ ][ ][ ]
[ ][ ][ ][2][1][ ][ ]

Player 2 Move (Score: 100):
Current player: 1
[ ][ ][ ][ ][ ][ ][ ]
[ ][ ][ ][ ][ ][ ][ ]
[ ][ ][ ][ ][ ][ ][ ]
[ ][ ][ ][ ][ ][ ][ ]
[ ][ ][ ][1][ ][ ][ ]
[ ][ ][2][2][1][ ][ ]

Player 1 Move (Score: 150):
Current player: 2
[ ][ ][ ][ ][ ][ ][ ]
[ ][ ][ ][ ][ ][ ][ ]
[ ][ ][ ][ ][ ][ ][ ]
[ ][ ][ ][ ][ ][ ][ ]
[ ][ ][1][1][ ][ ][ ]
[ ][ ][2][2][1][ ][ ]

Player 2 Move (Score: -9650):
Current player: 1
[ ][ ][ ][ ][ ][ ][ ]
[ ][ ][ ][ ][ ][ ][ ]
[ ][ ][ ][ ][ ][ ][ ]
[ ][ ][ ][ ][ ][ ][ ]
[ ][ ][1][1][ ][ ][ ]
[ ][2][2][2][1][ ][ ]

Player 1 Move (Score: 9900):
Current player: 2
[ ][ ][ ][ ][ ][ ][ ]
[ ][ ][ ][ ][ ][ ][ ]
[ ][ ][ ][ ][ ][ ][ ]
[ ][ ][ ][ ][ ][ ][ ]
[ ][ ][1][1][ ][ ][ ]
[1][2][2][2][1][ ][ ]

Player 2 Move (Score: 150):
Current player: 1
[ ][ ][ ][ ][ ][ ][ ]
[ ][ ][ ][ ][ ][ ][ ]
[ ][ ][ ][ ][ ][ ][ ]
[ ][ ][2][ ][ ][ ][ ]
[ ][ ][1][1][ ][ ][ ]
[1][2][2][2][1][ ][ ]

Player 1 Move (Score: 10000):
Current player: 2
[ ][ ][ ][ ][ ][ ][ ]
[ ][ ][ ][ ][ ][ ][ ]
[ ][ ][ ][ ][ ][ ][ ]
[ ][ ][2][ ][ ][ ][ ]
[ ][ ][1][1][1][ ][ ]
[1][2][2][2][1][ ][ ]

Player 2 Move (Score: 9900):
Current player: 1
[ ][ ][ ][ ][ ][ ][ ]
[ ][ ][ ][ ][ ][ ][ ]
[ ][ ][ ][ ][ ][ ][ ]
[ ][ ][2][ ][ ][ ][ ]
[ ][2][1][1][1][ ][ ]
[1][2][2][2][1][ ][ ]

Player 1 Move (Score: 680):
Current player: 2
[ ][ ][ ][ ][ ][ ][ ]
[ ][ ][ ][ ][ ][ ][ ]
[ ][ ][ ][ ][ ][ ][ ]
[ ][ ][2][ ][1][ ][ ]
[ ][2][1][1][1][ ][ ]
[1][2][2][2][1][ ][ ]

Player 2 Move (Score: 10000):
Current player: 1
[ ][ ][ ][ ][ ][ ][ ]
[ ][ ][ ][ ][ ][ ][ ]
[ ][ ][ ][ ][2][ ][ ]
[ ][ ][2][ ][1][ ][ ]
[ ][2][1][1][1][ ][ ]
[1][2][2][2][1][ ][ ]

Player 1 Move (Score: 130):
Current player: 2
[ ][ ][ ][ ][ ][ ][ ]
[ ][ ][ ][ ][ ][ ][ ]
[ ][ ][ ][ ][2][ ][ ]
[ ][1][2][ ][1][ ][ ]
[ ][2][1][1][1][ ][ ]
[1][2][2][2][1][ ][ ]

Player 2 Move (Score: 9800):
Current player: 1
[ ][ ][ ][ ][ ][ ][ ]
[ ][ ][ ][ ][ ][ ][ ]
[ ][ ][ ][ ][2][ ][ ]
[ ][1][2][2][1][ ][ ]
[ ][2][1][1][1][ ][ ]
[1][2][2][2][1][ ][ ]

Player 1 Move (Score: 230):
Current player: 2
[ ][ ][ ][ ][ ][ ][ ]
[ ][ ][ ][ ][ ][ ][ ]
[ ][ ][ ][1][2][ ][ ]
[ ][1][2][2][1][ ][ ]
[ ][2][1][1][1][ ][ ]
[1][2][2][2][1][ ][ ]

Player 2 Move (Score: 10150):
Current player: 1
[ ][ ][ ][ ][ ][ ][ ]
[ ][ ][ ][2][ ][ ][ ]
[ ][ ][ ][1][2][ ][ ]
[ ][1][2][2][1][ ][ ]
[ ][2][1][1][1][ ][ ]
[1][2][2][2][1][ ][ ]

Player 1 Move (Score: 9770):
Current player: 2
[ ][ ][ ][ ][ ][ ][ ]
[ ][ ][ ][2][ ][ ][ ]
[ ][ ][ ][1][2][ ][ ]
[ ][1][2][2][1][ ][ ]
[1][2][1][1][1][ ][ ]
[1][2][2][2][1][ ][ ]

Player 2 Move (Score: 10050):
Current player: 1
[ ][ ][ ][ ][ ][ ][ ]
[ ][ ][ ][2][ ][ ][ ]
[ ][ ][2][1][2][ ][ ]
[ ][1][2][2][1][ ][ ]
[1][2][1][1][1][ ][ ]
[1][2][2][2][1][ ][ ]

Player 1 Move (Score: 19570):
Current player: 2
[ ][ ][ ][ ][ ][ ][ ]
[ ][ ][1][2][ ][ ][ ]
[ ][ ][2][1][2][ ][ ]
[ ][1][2][2][1][ ][ ]
[1][2][1][1][1][ ][ ]
[1][2][2][2][1][ ][ ]

Player 2 Move (Score: 22100):
Current player: 1
[ ][ ][2][ ][ ][ ][ ]
[ ][ ][1][2][ ][ ][ ]
[ ][ ][2][1][2][ ][ ]
[ ][1][2][2][1][ ][ ]
[1][2][1][1][1][ ][ ]
[1][2][2][2][1][ ][ ]

Player 1 Move (Score: 19700):
Current player: 2
[ ][ ][2][ ][ ][ ][ ]
[ ][ ][1][2][ ][ ][ ]
[ ][ ][2][1][2][ ][ ]
[1][1][2][2][1][ ][ ]
[1][2][1][1][1][ ][ ]
[1][2][2][2][1][ ][ ]

Player 2 Move (Score: 22000):
Current player: 1
[ ][ ][2][ ][ ][ ][ ]
[ ][ ][1][2][ ][ ][ ]
[2][ ][2][1][2][ ][ ]
[1][1][2][2][1][ ][ ]
[1][2][1][1][1][ ][ ]
[1][2][2][2][1][ ][ ]

Player 1 Move (Score: 11950):
Current player: 2
[ ][ ][2][ ][ ][ ][ ]
[ ][ ][1][2][ ][ ][ ]
[2][1][2][1][2][ ][ ]
[1][1][2][2][1][ ][ ]
[1][2][1][1][1][ ][ ]
[1][2][2][2][1][ ][ ]

Player 2 Move (Score: 21950):
Current player: 1
[ ][ ][2][2][ ][ ][ ]
[ ][ ][1][2][ ][ ][ ]
[2][1][2][1][2][ ][ ]
[1][1][2][2][1][ ][ ]
[1][2][1][1][1][ ][ ]
[1][2][2][2][1][ ][ ]

Player 1 Move (Score: 7500):
Current player: 2
[ ][ ][2][2][ ][ ][ ]
[ ][1][1][2][ ][ ][ ]
[2][1][2][1][2][ ][ ]
[1][1][2][2][1][ ][ ]
[1][2][1][1][1][ ][ ]
[1][2][2][2][1][ ][ ]

Player 2 Move (Score: 8000):
Current player: 1
[ ][2][2][2][ ][ ][ ]
[ ][1][1][2][ ][ ][ ]
[2][1][2][1][2][ ][ ]
[1][1][2][2][1][ ][ ]
[1][2][1][1][1][ ][ ]
[1][2][2][2][1][ ][ ]

Player 1 Move (Score: -22200):
Current player: 2
[ ][2][2][2][ ][ ][ ]
[ ][1][1][2][ ][ ][ ]
[2][1][2][1][2][ ][ ]
[1][1][2][2][1][ ][ ]
[1][2][1][1][1][ ][ ]
[1][2][2][2][1][ ][1]

Player 2 Move (Score: 7500):
Current player: 1
[ ][2][2][2][ ][ ][ ]
[ ][1][1][2][2][ ][ ]
[2][1][2][1][2][ ][ ]
[1][1][2][2][1][ ][ ]
[1][2][1][1][1][ ][ ]
[1][2][2][2][1][ ][1]

Player 1 Move (Score: -20300):
Current player: 2
[ ][2][2][2][1][ ][ ]
[ ][1][1][2][2][ ][ ]
[2][1][2][1][2][ ][ ]
[1][1][2][2][1][ ][ ]
[1][2][1][1][1][ ][ ]
[1][2][2][2][1][ ][1]

Player 2 Move (Score: 9600):
Current player: 1
[ ][2][2][2][1][ ][ ]
[2][1][1][2][2][ ][ ]
[2][1][2][1][2][ ][ ]
[1][1][2][2][1][ ][ ]
[1][2][1][1][1][ ][ ]
[1][2][2][2][1][ ][1]

Player 1 Move (Score: -10300):
Current player: 2
[1][2][2][2][1][ ][ ]
[2][1][1][2][2][ ][ ]
[2][1][2][1][2][ ][ ]
[1][1][2][2][1][ ][ ]
[1][2][1][1][1][ ][ ]
[1][2][2][2][1][ ][1]

Player 2 Move (Score: 19600):
Current player: 1
[1][2][2][2][1][ ][ ]
[2][1][1][2][2][ ][ ]
[2][1][2][1][2][ ][ ]
[1][1][2][2][1][ ][ ]
[1][2][1][1][1][ ][ ]
[1][2][2][2][1][2][1]

Player 1 Move (Score: -10300):
Current player: 2
[1][2][2][2][1][ ][ ]
[2][1][1][2][2][ ][ ]
[2][1][2][1][2][ ][ ]
[1][1][2][2][1][ ][ ]
[1][2][1][1][1][ ][1]
[1][2][2][2][1][2][1]

Player 2 Move (Score: -10300):
Current player: 1
[1][2][2][2][1][ ][ ]
[2][1][1][2][2][ ][ ]
[2][1][2][1][2][ ][ ]
[1][1][2][2][1][ ][ ]
[1][2][1][1][1][2][1]
[1][2][2][2][1][2][1]

Player 1 Move (Score: -29900):
Current player: 2
[1][2][2][2][1][ ][ ]
[2][1][1][2][2][ ][ ]
[2][1][2][1][2][ ][ ]
[1][1][2][2][1][1][ ]
[1][2][1][1][1][2][1]
[1][2][2][2][1][2][1]

Player 2 Move (Score: -10300):
Current player: 1
[1][2][2][2][1][ ][ ]
[2][1][1][2][2][ ][ ]
[2][1][2][1][2][2][ ]
[1][1][2][2][1][1][ ]
[1][2][1][1][1][2][1]
[1][2][2][2][1][2][1]

Player 1 Move (Score: -40000):
Current player: 2
[1][2][2][2][1][ ][ ]
[2][1][1][2][2][ ][ ]
[2][1][2][1][2][2][ ]
[1][1][2][2][1][1][1]
[1][2][1][1][1][2][1]
[1][2][2][2][1][2][1]

Player 2 Move (Score: -29900):
Current player: 1
[1][2][2][2][1][ ][ ]
[2][1][1][2][2][2][ ]
[2][1][2][1][2][2][ ]
[1][1][2][2][1][1][1]
[1][2][1][1][1][2][1]
[1][2][2][2][1][2][1]

Player 1 Move (Score: -1970100):
Current player: 2
[1][2][2][2][1][ ][ ]
[2][1][1][2][2][2][ ]
[2][1][2][1][2][2][1]
[1][1][2][2][1][1][1]
[1][2][1][1][1][2][1]
[1][2][2][2][1][2][1]

Result: Player 1 Wins

Simulating game 9/10 (Player 1 Depth: 4, Player 2 Depth: 1)
Player 1 Move (Score: 0):
Current player: 2
[ ][ ][ ][ ][ ][ ][ ]
[ ][ ][ ][ ][ ][ ][ ]
[ ][ ][ ][ ][ ][ ][ ]
[ ][ ][ ][ ][ ][ ][ ]
[ ][ ][ ][ ][ ][ ][ ]
[ ][ ][ ][ ][ ][ ][1]

Player 2 Move (Score: 0):
Current player: 1
[ ][ ][ ][ ][ ][ ][ ]
[ ][ ][ ][ ][ ][ ][ ]
[ ][ ][ ][ ][ ][ ][ ]
[ ][ ][ ][ ][ ][ ][ ]
[ ][ ][ ][ ][ ][ ][ ]
[ ][ ][ ][2][ ][ ][1]

Player 1 Move (Score: -250):
Current player: 2
[ ][ ][ ][ ][ ][ ][ ]
[ ][ ][ ][ ][ ][ ][ ]
[ ][ ][ ][ ][ ][ ][ ]
[ ][ ][ ][ ][ ][ ][ ]
[ ][ ][ ][ ][ ][ ][ ]
[ ][ ][1][2][ ][ ][1]

Player 2 Move (Score: -100):
Current player: 1
[ ][ ][ ][ ][ ][ ][ ]
[ ][ ][ ][ ][ ][ ][ ]
[ ][ ][ ][ ][ ][ ][ ]
[ ][ ][ ][ ][ ][ ][ ]
[ ][ ][ ][2][ ][ ][ ]
[ ][ ][1][2][ ][ ][1]

Player 1 Move (Score: -150):
Current player: 2
[ ][ ][ ][ ][ ][ ][ ]
[ ][ ][ ][ ][ ][ ][ ]
[ ][ ][ ][ ][ ][ ][ ]
[ ][ ][ ][1][ ][ ][ ]
[ ][ ][ ][2][ ][ ][ ]
[ ][ ][1][2][ ][ ][1]

Player 2 Move (Score: -250):
Current player: 1
[ ][ ][ ][ ][ ][ ][ ]
[ ][ ][ ][ ][ ][ ][ ]
[ ][ ][ ][ ][ ][ ][ ]
[ ][ ][ ][1][ ][ ][ ]
[ ][ ][2][2][ ][ ][ ]
[ ][ ][1][2][ ][ ][1]

Player 1 Move (Score: -9770):
Current player: 2
[ ][ ][ ][ ][ ][ ][ ]
[ ][ ][ ][ ][ ][ ][ ]
[ ][ ][ ][ ][ ][ ][ ]
[ ][ ][1][1][ ][ ][ ]
[ ][ ][2][2][ ][ ][ ]
[ ][ ][1][2][ ][ ][1]

Player 2 Move (Score: -100):
Current player: 1
[ ][ ][ ][ ][ ][ ][ ]
[ ][ ][ ][ ][ ][ ][ ]
[ ][ ][2][ ][ ][ ][ ]
[ ][ ][1][1][ ][ ][ ]
[ ][ ][2][2][ ][ ][ ]
[ ][ ][1][2][ ][ ][1]

Player 1 Move (Score: 100):
Current player: 2
[ ][ ][ ][ ][ ][ ][ ]
[ ][ ][ ][ ][ ][ ][ ]
[ ][ ][2][1][ ][ ][ ]
[ ][ ][1][1][ ][ ][ ]
[ ][ ][2][2][ ][ ][ ]
[ ][ ][1][2][ ][ ][1]

Player 2 Move (Score: 50):
Current player: 1
[ ][ ][ ][ ][ ][ ][ ]
[ ][ ][ ][2][ ][ ][ ]
[ ][ ][2][1][ ][ ][ ]
[ ][ ][1][1][ ][ ][ ]
[ ][ ][2][2][ ][ ][ ]
[ ][ ][1][2][ ][ ][1]

Player 1 Move (Score: -1980):
Current player: 2
[ ][ ][ ][ ][ ][ ][ ]
[ ][ ][ ][2][ ][ ][ ]
[ ][ ][2][1][ ][ ][ ]
[ ][ ][1][1][ ][ ][ ]
[ ][ ][2][2][ ][ ][1]
[ ][ ][1][2][ ][ ][1]

Player 2 Move (Score: 0):
Current player: 1
[ ][ ][ ][ ][ ][ ][ ]
[ ][ ][2][2][ ][ ][ ]
[ ][ ][2][1][ ][ ][ ]
[ ][ ][1][1][ ][ ][ ]
[ ][ ][2][2][ ][ ][1]
[ ][ ][1][2][ ][ ][1]

Player 1 Move (Score: -200):
Current player: 2
[ ][ ][ ][ ][ ][ ][ ]
[ ][ ][2][2][ ][ ][ ]
[ ][ ][2][1][ ][ ][ ]
[ ][ ][1][1][ ][ ][1]
[ ][ ][2][2][ ][ ][1]
[ ][ ][1][2][ ][ ][1]

Player 2 Move (Score: -100):
Current player: 1
[ ][ ][ ][ ][ ][ ][ ]
[ ][ ][2][2][ ][ ][ ]
[ ][ ][2][1][ ][ ][2]
[ ][ ][1][1][ ][ ][1]
[ ][ ][2][2][ ][ ][1]
[ ][ ][1][2][ ][ ][1]

Player 1 Move (Score: -9850):
Current player: 2
[ ][ ][1][ ][ ][ ][ ]
[ ][ ][2][2][ ][ ][ ]
[ ][ ][2][1][ ][ ][2]
[ ][ ][1][1][ ][ ][1]
[ ][ ][2][2][ ][ ][1]
[ ][ ][1][2][ ][ ][1]

Player 2 Move (Score: -200):
Current player: 1
[ ][ ][1][2][ ][ ][ ]
[ ][ ][2][2][ ][ ][ ]
[ ][ ][2][1][ ][ ][2]
[ ][ ][1][1][ ][ ][1]
[ ][ ][2][2][ ][ ][1]
[ ][ ][1][2][ ][ ][1]

Player 1 Move (Score: -9950):
Current player: 2
[ ][ ][1][2][ ][ ][ ]
[ ][ ][2][2][ ][ ][ ]
[ ][ ][2][1][ ][ ][2]
[ ][ ][1][1][ ][ ][1]
[ ][ ][2][2][ ][ ][1]
[ ][ ][1][2][1][ ][1]

Player 2 Move (Score: -12150):
Current player: 1
[ ][ ][1][2][ ][ ][ ]
[ ][ ][2][2][ ][ ][ ]
[ ][ ][2][1][ ][ ][2]
[ ][ ][1][1][ ][ ][1]
[ ][ ][2][2][2][ ][1]
[ ][ ][1][2][1][ ][1]

Player 1 Move (Score: -1997900):
Current player: 2
[ ][ ][1][2][ ][ ][ ]
[ ][ ][2][2][ ][ ][ ]
[ ][ ][2][1][ ][ ][2]
[ ][ ][1][1][1][ ][1]
[ ][ ][2][2][2][ ][1]
[ ][ ][1][2][1][ ][1]

Player 2 Move (Score: -220):
Current player: 1
[ ][ ][1][2][ ][ ][ ]
[ ][ ][2][2][ ][ ][ ]
[ ][ ][2][1][ ][ ][2]
[ ][ ][1][1][1][ ][1]
[ ][ ][2][2][2][ ][1]
[2][ ][1][2][1][ ][1]

Player 1 Move (Score: -1954330):
Current player: 2
[ ][ ][1][2][ ][ ][ ]
[ ][ ][2][2][ ][ ][ ]
[ ][ ][2][1][1][ ][2]
[ ][ ][1][1][1][ ][1]
[ ][ ][2][2][2][ ][1]
[2][ ][1][2][1][ ][1]

Player 2 Move (Score: -12330):
Current player: 1
[ ][ ][1][2][ ][ ][ ]
[ ][ ][2][2][2][ ][ ]
[ ][ ][2][1][1][ ][2]
[ ][ ][1][1][1][ ][1]
[ ][ ][2][2][2][ ][1]
[2][ ][1][2][1][ ][1]

Player 1 Move (Score: -2010100):
Current player: 2
[ ][ ][1][2][1][ ][ ]
[ ][ ][2][2][2][ ][ ]
[ ][ ][2][1][1][ ][2]
[ ][ ][1][1][1][ ][1]
[ ][ ][2][2][2][ ][1]
[2][ ][1][2][1][ ][1]

Player 2 Move (Score: -12200):
Current player: 1
[ ][ ][1][2][1][ ][ ]
[ ][ ][2][2][2][ ][ ]
[ ][ ][2][1][1][ ][2]
[ ][ ][1][1][1][ ][1]
[ ][ ][2][2][2][ ][1]
[2][ ][1][2][1][2][1]

Player 1 Move (Score: -2010100):
Current player: 2
[ ][ ][1][2][1][ ][ ]
[ ][ ][2][2][2][ ][ ]
[ ][ ][2][1][1][ ][2]
[ ][ ][1][1][1][ ][1]
[1][ ][2][2][2][ ][1]
[2][ ][1][2][1][2][1]

Player 2 Move (Score: -2010100):
Current player: 1
[ ][ ][1][2][1][ ][ ]
[ ][ ][2][2][2][ ][ ]
[ ][ ][2][1][1][ ][2]
[ ][ ][1][1][1][ ][1]
[1][ ][2][2][2][2][1]
[2][ ][1][2][1][2][1]

Result: Player 2 Wins

Simulating game 10/10 (Player 1 Depth: 4, Player 2 Depth: 1)
Player 1 Move (Score: 0):
Current player: 2
[ ][ ][ ][ ][ ][ ][ ]
[ ][ ][ ][ ][ ][ ][ ]
[ ][ ][ ][ ][ ][ ][ ]
[ ][ ][ ][ ][ ][ ][ ]
[ ][ ][ ][ ][ ][ ][ ]
[ ][ ][ ][ ][ ][ ][1]

Player 2 Move (Score: 0):
Current player: 1
[ ][ ][ ][ ][ ][ ][ ]
[ ][ ][ ][ ][ ][ ][ ]
[ ][ ][ ][ ][ ][ ][ ]
[ ][ ][ ][ ][ ][ ][ ]
[ ][ ][ ][ ][ ][ ][ ]
[ ][2][ ][ ][ ][ ][1]

Player 1 Move (Score: -100):
Current player: 2
[ ][ ][ ][ ][ ][ ][ ]
[ ][ ][ ][ ][ ][ ][ ]
[ ][ ][ ][ ][ ][ ][ ]
[ ][ ][ ][ ][ ][ ][ ]
[ ][ ][ ][ ][ ][ ][ ]
[ ][2][ ][ ][ ][1][1]

Player 2 Move (Score: -30):
Current player: 1
[ ][ ][ ][ ][ ][ ][ ]
[ ][ ][ ][ ][ ][ ][ ]
[ ][ ][ ][ ][ ][ ][ ]
[ ][ ][ ][ ][ ][ ][ ]
[ ][ ][ ][ ][ ][ ][ ]
[ ][2][2][ ][ ][1][1]

Player 1 Move (Score: -300):
Current player: 2
[ ][ ][ ][ ][ ][ ][ ]
[ ][ ][ ][ ][ ][ ][ ]
[ ][ ][ ][ ][ ][ ][ ]
[ ][ ][ ][ ][ ][ ][ ]
[ ][1][ ][ ][ ][ ][ ]
[ ][2][2][ ][ ][1][1]

Player 2 Move (Score: -12000):
Current player: 1
[ ][ ][ ][ ][ ][ ][ ]
[ ][ ][ ][ ][ ][ ][ ]
[ ][ ][ ][ ][ ][ ][ ]
[ ][ ][ ][ ][ ][ ][ ]
[ ][1][ ][ ][ ][ ][ ]
[ ][2][2][2][ ][1][1]

Player 1 Move (Score: -1999900):
Current player: 2
[ ][ ][ ][ ][ ][ ][ ]
[ ][ ][ ][ ][ ][ ][ ]
[ ][ ][ ][ ][ ][ ][ ]
[ ][ ][ ][ ][ ][ ][ ]
[ ][1][ ][ ][ ][ ][ ]
[1][2][2][2][ ][1][1]

Player 2 Move (Score: -1999900):
Current player: 1
[ ][ ][ ][ ][ ][ ][ ]
[ ][ ][ ][ ][ ][ ][ ]
[ ][ ][ ][ ][ ][ ][ ]
[ ][ ][ ][ ][ ][ ][ ]
[ ][1][ ][ ][ ][ ][ ]
[1][2][2][2][2][1][1]

Result: Player 2 Wins

