Simulating game 1/10 (Player 1 Depth: 4, Player 2 Depth: 2)
Player 1 Move (Score: 0):
Current player: 2
[ ][ ][ ][ ][ ][ ][ ]
[ ][ ][ ][ ][ ][ ][ ]
[ ][ ][ ][ ][ ][ ][ ]
[ ][ ][ ][ ][ ][ ][ ]
[ ][ ][ ][ ][ ][ ][ ]
[ ][ ][1][ ][ ][ ][ ]

Player 2 Move (Score: 0):
Current player: 1
[ ][ ][ ][ ][ ][ ][ ]
[ ][ ][ ][ ][ ][ ][ ]
[ ][ ][ ][ ][ ][ ][ ]
[ ][ ][ ][ ][ ][ ][ ]
[ ][ ][ ][ ][ ][ ][ ]
[ ][ ][1][ ][ ][ ][2]

Player 1 Move (Score: 200):
Current player: 2
[ ][ ][ ][ ][ ][ ][ ]
[ ][ ][ ][ ][ ][ ][ ]
[ ][ ][ ][ ][ ][ ][ ]
[ ][ ][ ][ ][ ][ ][ ]
[ ][ ][ ][ ][ ][ ][ ]
[ ][ ][1][1][ ][ ][2]

Player 2 Move (Score: -130):
Current player: 1
[ ][ ][ ][ ][ ][ ][ ]
[ ][ ][ ][ ][ ][ ][ ]
[ ][ ][ ][ ][ ][ ][ ]
[ ][ ][ ][ ][ ][ ][ ]
[ ][ ][ ][2][ ][ ][ ]
[ ][ ][1][1][ ][ ][2]

Player 1 Move (Score: 200):
Current player: 2
[ ][ ][ ][ ][ ][ ][ ]
[ ][ ][ ][ ][ ][ ][ ]
[ ][ ][ ][ ][ ][ ][ ]
[ ][ ][ ][ ][ ][ ][ ]
[ ][ ][ ][2][ ][ ][ ]
[ ][ ][1][1][ ][1][2]

Player 2 Move (Score: -100):
Current player: 1
[ ][ ][ ][ ][ ][ ][ ]
[ ][ ][ ][ ][ ][ ][ ]
[ ][ ][ ][ ][ ][ ][ ]
[ ][ ][ ][ ][ ][ ][ ]
[ ][ ][ ][2][ ][ ][ ]
[2][ ][1][1][ ][1][2]

Player 1 Move (Score: -100):
Current player: 2
[ ][ ][ ][ ][ ][ ][ ]
[ ][ ][ ][ ][ ][ ][ ]
[ ][ ][ ][ ][ ][ ][ ]
[ ][ ][ ][ ][ ][ ][ ]
[ ][ ][ ][2][ ][ ][1]
[2][ ][1][1][ ][1][2]

Player 2 Move (Score: -100):
Current player: 1
[ ][ ][ ][ ][ ][ ][ ]
[ ][ ][ ][ ][ ][ ][ ]
[ ][ ][ ][ ][ ][ ][ ]
[ ][ ][ ][ ][ ][ ][2]
[ ][ ][ ][2][ ][ ][1]
[2][ ][1][1][ ][1][2]

Player 1 Move (Score: -130):
Current player: 2
[ ][ ][ ][ ][ ][ ][ ]
[ ][ ][ ][ ][ ][ ][ ]
[ ][ ][ ][ ][ ][ ][ ]
[ ][ ][ ][ ][ ][ ][2]
[ ][ ][ ][2][ ][1][1]
[2][ ][1][1][ ][1][2]

Player 2 Move (Score: -100):
Current player: 1
[ ][ ][ ][ ][ ][ ][ ]
[ ][ ][ ][ ][ ][ ][ ]
[ ][ ][ ][ ][ ][ ][ ]
[ ][ ][ ][ ][ ][ ][2]
[ ][ ][2][2][ ][1][1]
[2][ ][1][1][ ][1][2]

Player 1 Move (Score: -1900):
Current player: 2
[ ][ ][ ][ ][ ][ ][ ]
[ ][ ][ ][ ][ ][ ][ ]
[ ][ ][ ][ ][ ][ ][ ]
[ ][ ][1][ ][ ][ ][2]
[ ][ ][2][2][ ][1][1]
[2][ ][1][1][ ][1][2]

Player 2 Move (Score: -70):
Current player: 1
[ ][ ][ ][ ][ ][ ][ ]
[ ][ ][ ][ ][ ][ ][ ]
[ ][ ][2][ ][ ][ ][ ]
[ ][ ][1][ ][ ][ ][2]
[ ][ ][2][2][ ][1][1]
[2][ ][1][1][ ][1][2]

Player 1 Move (Score: 70):
Current player: 2
[ ][ ][ ][ ][ ][ ][ ]
[ ][ ][ ][ ][ ][ ][ ]
[ ][ ][2][ ][ ][ ][ ]
[ ][ ][1][1][ ][ ][2]
[ ][ ][2][2][ ][1][1]
[2][ ][1][1][ ][1][2]

Player 2 Move (Score: -220):
Current player: 1
[ ][ ][ ][ ][ ][ ][ ]
[ ][ ][2][ ][ ][ ][ ]
[ ][ ][2][ ][ ][ ][ ]
[ ][ ][1][1][ ][ ][2]
[ ][ ][2][2][ ][1][1]
[2][ ][1][1][ ][1][2]

Player 1 Move (Score: 140):
Current player: 2
[ ][ ][ ][ ][ ][ ][ ]
[ ][ ][2][ ][ ][ ][ ]
[ ][ ][2][1][ ][ ][ ]
[ ][ ][1][1][ ][ ][2]
[ ][ ][2][2][ ][1][1]
[2][ ][1][1][ ][1][2]

Player 2 Move (Score: -680):
Current player: 1
[ ][ ][2][ ][ ][ ][ ]
[ ][ ][2][ ][ ][ ][ ]
[ ][ ][2][1][ ][ ][ ]
[ ][ ][1][1][ ][ ][2]
[ ][ ][2][2][ ][1][1]
[2][ ][1][1][ ][1][2]

Player 1 Move (Score: 240):
Current player: 2
[ ][ ][2][ ][ ][ ][ ]
[ ][ ][2][1][ ][ ][ ]
[ ][ ][2][1][ ][ ][ ]
[ ][ ][1][1][ ][ ][2]
[ ][ ][2][2][ ][1][1]
[2][ ][1][1][ ][1][2]

Player 2 Move (Score: -10510):
Current player: 1
[ ][ ][2][ ][ ][ ][ ]
[ ][ ][2][1][ ][ ][ ]
[ ][ ][2][1][ ][ ][2]
[ ][ ][1][1][ ][ ][2]
[ ][ ][2][2][ ][1][1]
[2][ ][1][1][ ][1][2]

Player 1 Move (Score: 8180):
Current player: 2
[ ][ ][2][ ][ ][ ][ ]
[ ][ ][2][1][ ][ ][ ]
[ ][ ][2][1][ ][ ][2]
[ ][ ][1][1][ ][1][2]
[ ][ ][2][2][ ][1][1]
[2][ ][1][1][ ][1][2]

Player 2 Move (Score: -20460):
Current player: 1
[ ][ ][2][ ][ ][ ][ ]
[ ][ ][2][1][ ][ ][ ]
[ ][ ][2][1][ ][ ][2]
[ ][ ][1][1][ ][1][2]
[2][ ][2][2][ ][1][1]
[2][ ][1][1][ ][1][2]

Player 1 Move (Score: 310):
Current player: 2
[ ][ ][2][ ][ ][ ][ ]
[ ][ ][2][1][ ][ ][ ]
[ ][ ][2][1][ ][ ][2]
[1][ ][1][1][ ][1][2]
[2][ ][2][2][ ][1][1]
[2][ ][1][1][ ][1][2]

Player 2 Move (Score: -20460):
Current player: 1
[ ][ ][2][ ][ ][ ][ ]
[ ][ ][2][1][ ][ ][ ]
[2][ ][2][1][ ][ ][2]
[1][ ][1][1][ ][1][2]
[2][ ][2][2][ ][1][1]
[2][ ][1][1][ ][1][2]

Player 1 Move (Score: 310):
Current player: 2
[ ][ ][2][ ][ ][ ][ ]
[1][ ][2][1][ ][ ][ ]
[2][ ][2][1][ ][ ][2]
[1][ ][1][1][ ][1][2]
[2][ ][2][2][ ][1][1]
[2][ ][1][1][ ][1][2]

Player 2 Move (Score: -20560):
Current player: 1
[2][ ][2][ ][ ][ ][ ]
[1][ ][2][1][ ][ ][ ]
[2][ ][2][1][ ][ ][2]
[1][ ][1][1][ ][1][2]
[2][ ][2][2][ ][1][1]
[2][ ][1][1][ ][1][2]

Player 1 Move (Score: -1979500):
Current player: 2
[2][ ][2][ ][ ][ ][ ]
[1][ ][2][1][ ][ ][1]
[2][ ][2][1][ ][ ][2]
[1][ ][1][1][ ][1][2]
[2][ ][2][2][ ][1][1]
[2][ ][1][1][ ][1][2]

Player 2 Move (Score: -30460):
Current player: 1
[2][ ][2][ ][ ][ ][2]
[1][ ][2][1][ ][ ][1]
[2][ ][2][1][ ][ ][2]
[1][ ][1][1][ ][1][2]
[2][ ][2][2][ ][1][1]
[2][ ][1][1][ ][1][2]

Player 1 Move (Score: -1979500):
Current player: 2
[2][ ][2][ ][ ][ ][2]
[1][ ][2][1][ ][ ][1]
[2][ ][2][1][ ][ ][2]
[1][ ][1][1][ ][1][2]
[2][ ][2][2][ ][1][1]
[2][1][1][1][ ][1][2]

Player 2 Move (Score: -1979500):
Current player: 1
[2][ ][2][ ][ ][ ][2]
[1][ ][2][1][ ][ ][1]
[2][ ][2][1][ ][ ][2]
[1][ ][1][1][ ][1][2]
[2][2][2][2][ ][1][1]
[2][1][1][1][ ][1][2]

Result: Player 2 Wins

Simulating game 2/10 (Player 1 Depth: 4, Player 2 Depth: 2)
Player 1 Move (Score: 0):
Current player: 2
[ ][ ][ ][ ][ ][ ][ ]
[ ][ ][ ][ ][ ][ ][ ]
[ ][ ][ ][ ][ ][ ][ ]
[ ][ ][ ][ ][ ][ ][ ]
[ ][ ][ ][ ][ ][ ][ ]
[ ][ ][1][ ][ ][ ][ ]

Player 2 Move (Score: 0):
Current player: 1
[ ][ ][ ][ ][ ][ ][ ]
[ ][ ][ ][ ][ ][ ][ ]
[ ][ ][ ][ ][ ][ ][ ]
[ ][ ][ ][ ][ ][ ][ ]
[ ][ ][ ][ ][ ][ ][ ]
[ ][ ][1][2][ ][ ][ ]

Player 1 Move (Score: -100):
Current player: 2
[ ][ ][ ][ ][ ][ ][ ]
[ ][ ][ ][ ][ ][ ][ ]
[ ][ ][ ][ ][ ][ ][ ]
[ ][ ][ ][ ][ ][ ][ ]
[ ][ ][ ][1][ ][ ][ ]
[ ][ ][1][2][ ][ ][ ]

Player 2 Move (Score: -100):
Current player: 1
[ ][ ][ ][ ][ ][ ][ ]
[ ][ ][ ][ ][ ][ ][ ]
[ ][ ][ ][ ][ ][ ][ ]
[ ][ ][ ][ ][ ][ ][ ]
[ ][ ][ ][1][ ][ ][ ]
[ ][2][1][2][ ][ ][ ]

Player 1 Move (Score: 330):
Current player: 2
[ ][ ][ ][ ][ ][ ][ ]
[ ][ ][ ][ ][ ][ ][ ]
[ ][ ][ ][ ][ ][ ][ ]
[ ][ ][ ][ ][ ][ ][ ]
[ ][ ][ ][1][ ][ ][ ]
[ ][2][1][2][1][ ][ ]

Player 2 Move (Score: -300):
Current player: 1
[ ][ ][ ][ ][ ][ ][ ]
[ ][ ][ ][ ][ ][ ][ ]
[ ][ ][ ][ ][ ][ ][ ]
[ ][ ][ ][2][ ][ ][ ]
[ ][ ][ ][1][ ][ ][ ]
[ ][2][1][2][1][ ][ ]

Player 1 Move (Score: 0):
Current player: 2
[ ][ ][ ][ ][ ][ ][ ]
[ ][ ][ ][ ][ ][ ][ ]
[ ][ ][ ][ ][ ][ ][ ]
[ ][ ][ ][2][ ][ ][ ]
[ ][ ][ ][1][1][ ][ ]
[ ][2][1][2][1][ ][ ]

Player 2 Move (Score: -530):
Current player: 1
[ ][ ][ ][ ][ ][ ][ ]
[ ][ ][ ][ ][ ][ ][ ]
[ ][ ][ ][ ][ ][ ][ ]
[ ][ ][ ][2][ ][ ][ ]
[ ][ ][ ][1][1][ ][ ]
[ ][2][1][2][1][ ][2]

Player 1 Move (Score: 22000):
Current player: 2
[ ][ ][ ][ ][ ][ ][ ]
[ ][ ][ ][ ][ ][ ][ ]
[ ][ ][ ][ ][ ][ ][ ]
[ ][ ][ ][2][ ][ ][ ]
[ ][ ][1][1][1][ ][ ]
[ ][2][1][2][1][ ][2]

Player 2 Move (Score: -12600):
Current player: 1
[ ][ ][ ][ ][ ][ ][ ]
[ ][ ][ ][ ][ ][ ][ ]
[ ][ ][ ][ ][ ][ ][ ]
[ ][ ][ ][2][ ][ ][ ]
[ ][ ][1][1][1][ ][ ]
[2][2][1][2][1][ ][2]

Player 1 Move (Score: 32460):
Current player: 2
[ ][ ][ ][ ][ ][ ][ ]
[ ][ ][ ][ ][ ][ ][ ]
[ ][ ][ ][ ][ ][ ][ ]
[ ][ ][1][2][ ][ ][ ]
[ ][ ][1][1][1][ ][ ]
[2][2][1][2][1][ ][2]

Player 2 Move (Score: -42500):
Current player: 1
[ ][ ][ ][ ][ ][ ][ ]
[ ][ ][ ][ ][ ][ ][ ]
[ ][ ][ ][ ][ ][ ][ ]
[ ][ ][1][2][ ][ ][ ]
[ ][ ][1][1][1][ ][ ]
[2][2][1][2][1][2][2]

Player 1 Move (Score: 42690):
Current player: 2
[ ][ ][ ][ ][ ][ ][ ]
[ ][ ][ ][ ][ ][ ][ ]
[ ][ ][ ][ ][ ][ ][ ]
[ ][ ][1][2][1][ ][ ]
[ ][ ][1][1][1][ ][ ]
[2][2][1][2][1][2][2]

Player 2 Move (Score: -62500):
Current player: 1
[ ][ ][ ][ ][ ][ ][ ]
[ ][ ][ ][ ][ ][ ][ ]
[ ][ ][ ][2][ ][ ][ ]
[ ][ ][1][2][1][ ][ ]
[ ][ ][1][1][1][ ][ ]
[2][2][1][2][1][2][2]

Player 1 Move (Score: 30050):
Current player: 2
[ ][ ][ ][ ][ ][ ][ ]
[ ][ ][ ][1][ ][ ][ ]
[ ][ ][ ][2][ ][ ][ ]
[ ][ ][1][2][1][ ][ ]
[ ][ ][1][1][1][ ][ ]
[2][2][1][2][1][2][2]

Player 2 Move (Score: -62600):
Current player: 1
[ ][ ][ ][2][ ][ ][ ]
[ ][ ][ ][1][ ][ ][ ]
[ ][ ][ ][2][ ][ ][ ]
[ ][ ][1][2][1][ ][ ]
[ ][ ][1][1][1][ ][ ]
[2][2][1][2][1][2][2]

Player 1 Move (Score: 29950):
Current player: 2
[ ][ ][ ][2][ ][ ][ ]
[ ][ ][ ][1][ ][ ][ ]
[ ][ ][ ][2][ ][ ][ ]
[ ][ ][1][2][1][ ][ ]
[1][ ][1][1][1][ ][ ]
[2][2][1][2][1][2][2]

Player 2 Move (Score: -62500):
Current player: 1
[ ][ ][ ][2][ ][ ][ ]
[ ][ ][ ][1][ ][ ][ ]
[ ][ ][ ][2][ ][ ][ ]
[ ][ ][1][2][1][ ][ ]
[1][ ][1][1][1][ ][2]
[2][2][1][2][1][2][2]

Player 1 Move (Score: 39800):
Current player: 2
[ ][ ][ ][2][ ][ ][ ]
[ ][ ][ ][1][ ][ ][ ]
[ ][ ][ ][2][ ][ ][ ]
[1][ ][1][2][1][ ][ ]
[1][ ][1][1][1][ ][2]
[2][2][1][2][1][2][2]

Player 2 Move (Score: -62500):
Current player: 1
[ ][ ][ ][2][ ][ ][ ]
[ ][ ][ ][1][ ][ ][ ]
[ ][ ][ ][2][ ][ ][ ]
[1][ ][1][2][1][ ][2]
[1][ ][1][1][1][ ][2]
[2][2][1][2][1][2][2]

Player 1 Move (Score: 40000):
Current player: 2
[ ][ ][ ][2][ ][ ][ ]
[ ][ ][ ][1][ ][ ][ ]
[ ][ ][ ][2][ ][ ][1]
[1][ ][1][2][1][ ][2]
[1][ ][1][1][1][ ][2]
[2][2][1][2][1][2][2]

Player 2 Move (Score: -62400):
Current player: 1
[ ][ ][ ][2][ ][ ][ ]
[ ][ ][ ][1][ ][ ][2]
[ ][ ][ ][2][ ][ ][1]
[1][ ][1][2][1][ ][2]
[1][ ][1][1][1][ ][2]
[2][2][1][2][1][2][2]

Player 1 Move (Score: 40100):
Current player: 2
[ ][ ][ ][2][ ][ ][1]
[ ][ ][ ][1][ ][ ][2]
[ ][ ][ ][2][ ][ ][1]
[1][ ][1][2][1][ ][2]
[1][ ][1][1][1][ ][2]
[2][2][1][2][1][2][2]

Player 2 Move (Score: -62200):
Current player: 1
[ ][ ][ ][2][ ][ ][1]
[ ][ ][ ][1][ ][ ][2]
[2][ ][ ][2][ ][ ][1]
[1][ ][1][2][1][ ][2]
[1][ ][1][1][1][ ][2]
[2][2][1][2][1][2][2]

Player 1 Move (Score: -2060200):
Current player: 2
[ ][ ][ ][2][ ][ ][1]
[1][ ][ ][1][ ][ ][2]
[2][ ][ ][2][ ][ ][1]
[1][ ][1][2][1][ ][2]
[1][ ][1][1][1][ ][2]
[2][2][1][2][1][2][2]

Player 2 Move (Score: -2060200):
Current player: 1
[2][ ][ ][2][ ][ ][1]
[1][ ][ ][1][ ][ ][2]
[2][ ][ ][2][ ][ ][1]
[1][ ][1][2][1][ ][2]
[1][ ][1][1][1][ ][2]
[2][2][1][2][1][2][2]

Player 1 Move (Score: -2060200):
Current player: 2
[2][ ][ ][2][ ][ ][1]
[1][ ][ ][1][ ][ ][2]
[2][ ][ ][2][ ][ ][1]
[1][ ][1][2][1][ ][2]
[1][ ][1][1][1][1][2]
[2][2][1][2][1][2][2]

Result: Player 1 Wins

Simulating game 3/10 (Player 1 Depth: 4, Player 2 Depth: 2)
Player 1 Move (Score: 0):
Current player: 2
[ ][ ][ ][ ][ ][ ][ ]
[ ][ ][ ][ ][ ][ ][ ]
[ ][ ][ ][ ][ ][ ][ ]
[ ][ ][ ][ ][ ][ ][ ]
[ ][ ][ ][ ][ ][ ][ ]
[ ][ ][ ][ ][ ][1][ ]

Player 2 Move (Score: 0):
Current player: 1
[ ][ ][ ][ ][ ][ ][ ]
[ ][ ][ ][ ][ ][ ][ ]
[ ][ ][ ][ ][ ][ ][ ]
[ ][ ][ ][ ][ ][ ][ ]
[ ][ ][ ][ ][ ][2][ ]
[ ][ ][ ][ ][ ][1][ ]

Player 1 Move (Score: -100):
Current player: 2
[ ][ ][ ][ ][ ][ ][ ]
[ ][ ][ ][ ][ ][ ][ ]
[ ][ ][ ][ ][ ][ ][ ]
[ ][ ][ ][ ][ ][ ][ ]
[ ][ ][ ][ ][ ][2][ ]
[ ][ ][ ][ ][ ][1][1]

Player 2 Move (Score: 0):
Current player: 1
[ ][ ][ ][ ][ ][ ][ ]
[ ][ ][ ][ ][ ][ ][ ]
[ ][ ][ ][ ][ ][ ][ ]
[ ][ ][ ][ ][ ][ ][ ]
[ ][ ][ ][ ][ ][2][ ]
[ ][ ][ ][2][ ][1][1]

Player 1 Move (Score: -100):
Current player: 2
[ ][ ][ ][ ][ ][ ][ ]
[ ][ ][ ][ ][ ][ ][ ]
[ ][ ][ ][ ][ ][ ][ ]
[ ][ ][ ][ ][ ][ ][ ]
[ ][ ][ ][ ][ ][2][1]
[ ][ ][ ][2][ ][1][1]

Player 2 Move (Score: -100):
Current player: 1
[ ][ ][ ][ ][ ][ ][ ]
[ ][ ][ ][ ][ ][ ][ ]
[ ][ ][ ][ ][ ][ ][ ]
[ ][ ][ ][ ][ ][ ][ ]
[ ][ ][ ][ ][ ][2][1]
[2][ ][ ][2][ ][1][1]

Player 1 Move (Score: 100):
Current player: 2
[ ][ ][ ][ ][ ][ ][ ]
[ ][ ][ ][ ][ ][ ][ ]
[ ][ ][ ][ ][ ][ ][ ]
[ ][ ][ ][ ][ ][1][ ]
[ ][ ][ ][ ][ ][2][1]
[2][ ][ ][2][ ][1][1]

Player 2 Move (Score: -300):
Current player: 1
[ ][ ][ ][ ][ ][ ][ ]
[ ][ ][ ][ ][ ][ ][ ]
[ ][ ][ ][ ][ ][ ][ ]
[ ][ ][ ][ ][ ][1][ ]
[ ][ ][ ][ ][ ][2][1]
[2][2][ ][2][ ][1][1]

Player 1 Move (Score: 100):
Current player: 2
[ ][ ][ ][ ][ ][ ][ ]
[ ][ ][ ][ ][ ][ ][ ]
[ ][ ][ ][ ][ ][ ][ ]
[ ][ ][ ][ ][ ][1][1]
[ ][ ][ ][ ][ ][2][1]
[2][2][ ][2][ ][1][1]

Player 2 Move (Score: -1999600):
Current player: 1
[ ][ ][ ][ ][ ][ ][ ]
[ ][ ][ ][ ][ ][ ][ ]
[ ][ ][ ][ ][ ][ ][ ]
[ ][ ][ ][ ][ ][1][1]
[ ][ ][ ][ ][ ][2][1]
[2][2][2][2][ ][1][1]

Result: Player 2 Wins

Simulating game 4/10 (Player 1 Depth: 4, Player 2 Depth: 2)
Player 1 Move (Score: 0):
Current player: 2
[ ][ ][ ][ ][ ][ ][ ]
[ ][ ][ ][ ][ ][ ][ ]
[ ][ ][ ][ ][ ][ ][ ]
[ ][ ][ ][ ][ ][ ][ ]
[ ][ ][ ][ ][ ][ ][ ]
[ ][ ][ ][ ][ ][1][ ]

Player 2 Move (Score: 0):
Current player: 1
[ ][ ][ ][ ][ ][ ][ ]
[ ][ ][ ][ ][ ][ ][ ]
[ ][ ][ ][ ][ ][ ][ ]
[ ][ ][ ][ ][ ][ ][ ]
[ ][ ][ ][ ][ ][ ][ ]
[ ][ ][ ][2][ ][1][ ]

Player 1 Move (Score: -100):
Current player: 2
[ ][ ][ ][ ][ ][ ][ ]
[ ][ ][ ][ ][ ][ ][ ]
[ ][ ][ ][ ][ ][ ][ ]
[ ][ ][ ][ ][ ][ ][ ]
[ ][ ][ ][ ][ ][ ][ ]
[ ][ ][ ][2][ ][1][1]

Player 2 Move (Score: 0):
Current player: 1
[ ][ ][ ][ ][ ][ ][ ]
[ ][ ][ ][ ][ ][ ][ ]
[ ][ ][ ][ ][ ][ ][ ]
[ ][ ][ ][ ][ ][ ][ ]
[ ][ ][ ][ ][ ][2][ ]
[ ][ ][ ][2][ ][1][1]

Player 1 Move (Score: -100):
Current player: 2
[ ][ ][ ][ ][ ][ ][ ]
[ ][ ][ ][ ][ ][ ][ ]
[ ][ ][ ][ ][ ][ ][ ]
[ ][ ][ ][ ][ ][ ][ ]
[ ][ ][ ][ ][ ][2][1]
[ ][ ][ ][2][ ][1][1]

Player 2 Move (Score: -100):
Current player: 1
[ ][ ][ ][ ][ ][ ][ ]
[ ][ ][ ][ ][ ][ ][ ]
[ ][ ][ ][ ][ ][ ][ ]
[ ][ ][ ][ ][ ][ ][ ]
[ ][ ][ ][ ][ ][2][1]
[2][ ][ ][2][ ][1][1]

Player 1 Move (Score: 100):
Current player: 2
[ ][ ][ ][ ][ ][ ][ ]
[ ][ ][ ][ ][ ][ ][ ]
[ ][ ][ ][ ][ ][ ][ ]
[ ][ ][ ][ ][ ][1][ ]
[ ][ ][ ][ ][ ][2][1]
[2][ ][ ][2][ ][1][1]

Player 2 Move (Score: -300):
Current player: 1
[ ][ ][ ][ ][ ][ ][ ]
[ ][ ][ ][ ][ ][ ][ ]
[ ][ ][ ][ ][ ][2][ ]
[ ][ ][ ][ ][ ][1][ ]
[ ][ ][ ][ ][ ][2][1]
[2][ ][ ][2][ ][1][1]

Player 1 Move (Score: 100):
Current player: 2
[ ][ ][ ][ ][ ][ ][ ]
[ ][ ][ ][ ][ ][ ][ ]
[ ][ ][ ][ ][ ][2][ ]
[ ][ ][ ][ ][ ][1][ ]
[ ][ ][ ][ ][ ][2][1]
[2][ ][ ][2][1][1][1]

Player 2 Move (Score: -300):
Current player: 1
[ ][ ][ ][ ][ ][ ][ ]
[ ][ ][ ][ ][ ][ ][ ]
[ ][ ][ ][ ][ ][2][ ]
[ ][ ][ ][ ][ ][1][ ]
[ ][ ][ ][ ][ ][2][1]
[2][2][ ][2][1][1][1]

Player 1 Move (Score: 0):
Current player: 2
[ ][ ][ ][ ][ ][ ][ ]
[ ][ ][ ][ ][ ][ ][ ]
[ ][ ][ ][ ][ ][2][ ]
[ ][ ][ ][ ][ ][1][1]
[ ][ ][ ][ ][ ][2][1]
[2][2][ ][2][1][1][1]

Player 2 Move (Score: -1989600):
Current player: 1
[ ][ ][ ][ ][ ][ ][ ]
[ ][ ][ ][ ][ ][ ][ ]
[ ][ ][ ][ ][ ][2][ ]
[ ][ ][ ][ ][ ][1][1]
[ ][ ][ ][ ][ ][2][1]
[2][2][2][2][1][1][1]

Result: Player 2 Wins

Simulating game 5/10 (Player 1 Depth: 4, Player 2 Depth: 2)
Player 1 Move (Score: 0):
Current player: 2
[ ][ ][ ][ ][ ][ ][ ]
[ ][ ][ ][ ][ ][ ][ ]
[ ][ ][ ][ ][ ][ ][ ]
[ ][ ][ ][ ][ ][ ][ ]
[ ][ ][ ][ ][ ][ ][ ]
[ ][ ][ ][ ][ ][ ][1]

Player 2 Move (Score: 0):
Current player: 1
[ ][ ][ ][ ][ ][ ][ ]
[ ][ ][ ][ ][ ][ ][ ]
[ ][ ][ ][ ][ ][ ][ ]
[ ][ ][ ][ ][ ][ ][ ]
[ ][ ][ ][ ][ ][ ][2]
[ ][ ][ ][ ][ ][ ][1]

Player 1 Move (Score: 0):
Current player: 2
[ ][ ][ ][ ][ ][ ][ ]
[ ][ ][ ][ ][ ][ ][ ]
[ ][ ][ ][ ][ ][ ][ ]
[ ][ ][ ][ ][ ][ ][ ]
[ ][ ][ ][ ][ ][ ][2]
[ ][ ][1][ ][ ][ ][1]

Player 2 Move (Score: 0):
Current player: 1
[ ][ ][ ][ ][ ][ ][ ]
[ ][ ][ ][ ][ ][ ][ ]
[ ][ ][ ][ ][ ][ ][ ]
[ ][ ][ ][ ][ ][ ][ ]
[ ][ ][2][ ][ ][ ][2]
[ ][ ][1][ ][ ][ ][1]

Player 1 Move (Score: -100):
Current player: 2
[ ][ ][ ][ ][ ][ ][ ]
[ ][ ][ ][ ][ ][ ][ ]
[ ][ ][ ][ ][ ][ ][ ]
[ ][ ][ ][ ][ ][ ][1]
[ ][ ][2][ ][ ][ ][2]
[ ][ ][1][ ][ ][ ][1]

Player 2 Move (Score: 0):
Current player: 1
[ ][ ][ ][ ][ ][ ][ ]
[ ][ ][ ][ ][ ][ ][ ]
[ ][ ][ ][ ][ ][ ][ ]
[ ][ ][ ][ ][ ][ ][1]
[ ][ ][2][ ][ ][ ][2]
[ ][ ][1][ ][2][ ][1]

Player 1 Move (Score: -100):
Current player: 2
[ ][ ][ ][ ][ ][ ][ ]
[ ][ ][ ][ ][ ][ ][ ]
[ ][ ][ ][ ][ ][ ][1]
[ ][ ][ ][ ][ ][ ][1]
[ ][ ][2][ ][ ][ ][2]
[ ][ ][1][ ][2][ ][1]

Player 2 Move (Score: -100):
Current player: 1
[ ][ ][ ][ ][ ][ ][ ]
[ ][ ][ ][ ][ ][ ][ ]
[ ][ ][ ][ ][ ][ ][1]
[ ][ ][ ][ ][ ][ ][1]
[ ][ ][2][ ][ ][ ][2]
[2][ ][1][ ][2][ ][1]

Player 1 Move (Score: -100):
Current player: 2
[ ][ ][ ][ ][ ][ ][ ]
[ ][ ][ ][ ][ ][ ][ ]
[ ][ ][ ][ ][ ][ ][1]
[ ][ ][ ][ ][ ][ ][1]
[1][ ][2][ ][ ][ ][2]
[2][ ][1][ ][2][ ][1]

Player 2 Move (Score: -100):
Current player: 1
[ ][ ][ ][ ][ ][ ][ ]
[ ][ ][ ][ ][ ][ ][ ]
[ ][ ][ ][ ][ ][ ][1]
[ ][ ][ ][ ][ ][ ][1]
[1][ ][2][ ][ ][ ][2]
[2][ ][1][2][2][ ][1]

Player 1 Move (Score: -230):
Current player: 2
[ ][ ][ ][ ][ ][ ][ ]
[ ][ ][ ][ ][ ][ ][ ]
[ ][ ][ ][ ][ ][ ][1]
[ ][ ][ ][ ][ ][ ][1]
[1][ ][2][1][ ][ ][2]
[2][ ][1][2][2][ ][1]

Player 2 Move (Score: -100):
Current player: 1
[ ][ ][ ][ ][ ][ ][ ]
[ ][ ][ ][ ][ ][ ][ ]
[ ][ ][ ][ ][ ][ ][1]
[ ][ ][ ][ ][ ][ ][1]
[1][ ][2][1][ ][ ][2]
[2][2][1][2][2][ ][1]

Player 1 Move (Score: -9800):
Current player: 2
[ ][ ][ ][ ][ ][ ][ ]
[ ][ ][ ][ ][ ][ ][ ]
[ ][ ][ ][ ][ ][ ][1]
[ ][ ][ ][1][ ][ ][1]
[1][ ][2][1][ ][ ][2]
[2][2][1][2][2][ ][1]

Player 2 Move (Score: -200):
Current player: 1
[ ][ ][ ][ ][ ][ ][ ]
[ ][ ][ ][ ][ ][ ][ ]
[ ][ ][ ][ ][ ][ ][1]
[ ][ ][ ][1][ ][ ][1]
[1][ ][2][1][ ][ ][2]
[2][2][1][2][2][2][1]

Player 1 Move (Score: 350):
Current player: 2
[ ][ ][ ][ ][ ][ ][ ]
[ ][ ][ ][ ][ ][ ][ ]
[ ][ ][ ][ ][ ][ ][1]
[ ][ ][1][1][ ][ ][1]
[1][ ][2][1][ ][ ][2]
[2][2][1][2][2][2][1]

Player 2 Move (Score: -530):
Current player: 1
[ ][ ][ ][ ][ ][ ][ ]
[ ][ ][ ][ ][ ][ ][ ]
[ ][ ][ ][ ][ ][ ][1]
[2][ ][1][1][ ][ ][1]
[1][ ][2][1][ ][ ][2]
[2][2][1][2][2][2][1]

Player 1 Move (Score: 10590):
Current player: 2
[ ][ ][ ][ ][ ][ ][ ]
[ ][ ][ ][ ][ ][ ][ ]
[ ][ ][ ][1][ ][ ][1]
[2][ ][1][1][ ][ ][1]
[1][ ][2][1][ ][ ][2]
[2][2][1][2][2][2][1]

Player 2 Move (Score: -10790):
Current player: 1
[ ][ ][ ][ ][ ][ ][ ]
[ ][ ][ ][ ][ ][ ][2]
[ ][ ][ ][1][ ][ ][1]
[2][ ][1][1][ ][ ][1]
[1][ ][2][1][ ][ ][2]
[2][2][1][2][2][2][1]

Player 1 Move (Score: 20600):
Current player: 2
[ ][ ][ ][ ][ ][ ][ ]
[ ][ ][ ][ ][ ][ ][2]
[ ][ ][ ][1][ ][ ][1]
[2][ ][1][1][ ][ ][1]
[1][1][2][1][ ][ ][2]
[2][2][1][2][2][2][1]

Player 2 Move (Score: -30630):
Current player: 1
[ ][ ][ ][ ][ ][ ][ ]
[ ][ ][ ][ ][ ][ ][2]
[ ][ ][2][1][ ][ ][1]
[2][ ][1][1][ ][ ][1]
[1][1][2][1][ ][ ][2]
[2][2][1][2][2][2][1]

Player 1 Move (Score: 30730):
Current player: 2
[ ][ ][ ][ ][ ][ ][ ]
[ ][ ][ ][ ][ ][ ][2]
[ ][ ][2][1][ ][ ][1]
[2][1][1][1][ ][ ][1]
[1][1][2][1][ ][ ][2]
[2][2][1][2][2][2][1]

Player 2 Move (Score: -40800):
Current player: 1
[ ][ ][ ][ ][ ][ ][ ]
[ ][ ][2][ ][ ][ ][2]
[ ][ ][2][1][ ][ ][1]
[2][1][1][1][ ][ ][1]
[1][1][2][1][ ][ ][2]
[2][2][1][2][2][2][1]

Player 1 Move (Score: 28400):
Current player: 2
[ ][ ][ ][ ][ ][ ][ ]
[ ][ ][2][ ][ ][ ][2]
[ ][1][2][1][ ][ ][1]
[2][1][1][1][ ][ ][1]
[1][1][2][1][ ][ ][2]
[2][2][1][2][2][2][1]

Player 2 Move (Score: -60700):
Current player: 1
[ ][ ][2][ ][ ][ ][ ]
[ ][ ][2][ ][ ][ ][2]
[ ][1][2][1][ ][ ][1]
[2][1][1][1][ ][ ][1]
[1][1][2][1][ ][ ][2]
[2][2][1][2][2][2][1]

Player 1 Move (Score: 28400):
Current player: 2
[ ][ ][2][ ][ ][ ][ ]
[ ][ ][2][ ][ ][ ][2]
[ ][1][2][1][ ][ ][1]
[2][1][1][1][ ][ ][1]
[1][1][2][1][ ][1][2]
[2][2][1][2][2][2][1]

Player 2 Move (Score: -60700):
Current player: 1
[ ][ ][2][ ][ ][ ][2]
[ ][ ][2][ ][ ][ ][2]
[ ][1][2][1][ ][ ][1]
[2][1][1][1][ ][ ][1]
[1][1][2][1][ ][1][2]
[2][2][1][2][2][2][1]

Player 1 Move (Score: 38400):
Current player: 2
[ ][ ][2][ ][ ][ ][2]
[ ][ ][2][ ][ ][ ][2]
[ ][1][2][1][ ][ ][1]
[2][1][1][1][ ][1][1]
[1][1][2][1][ ][1][2]
[2][2][1][2][2][2][1]

Player 2 Move (Score: -60600):
Current player: 1
[ ][ ][2][ ][ ][ ][2]
[ ][ ][2][ ][ ][ ][2]
[ ][1][2][1][ ][ ][1]
[2][1][1][1][ ][1][1]
[1][1][2][1][2][1][2]
[2][2][1][2][2][2][1]

Player 1 Move (Score: 30300):
Current player: 2
[ ][ ][2][ ][ ][ ][2]
[ ][ ][2][ ][ ][ ][2]
[1][1][2][1][ ][ ][1]
[2][1][1][1][ ][1][1]
[1][1][2][1][2][1][2]
[2][2][1][2][2][2][1]

Player 2 Move (Score: -60400):
Current player: 1
[ ][ ][2][ ][ ][ ][2]
[ ][ ][2][ ][ ][ ][2]
[1][1][2][1][ ][2][1]
[2][1][1][1][ ][1][1]
[1][1][2][1][2][1][2]
[2][2][1][2][2][2][1]

Player 1 Move (Score: -2050000):
Current player: 2
[ ][ ][2][ ][ ][ ][2]
[ ][ ][2][ ][ ][1][2]
[1][1][2][1][ ][2][1]
[2][1][1][1][ ][1][1]
[1][1][2][1][2][1][2]
[2][2][1][2][2][2][1]

Player 2 Move (Score: -2050000):
Current player: 1
[ ][ ][2][ ][ ][2][2]
[ ][ ][2][ ][ ][1][2]
[1][1][2][1][ ][2][1]
[2][1][1][1][ ][1][1]
[1][1][2][1][2][1][2]
[2][2][1][2][2][2][1]

Player 1 Move (Score: -2050000):
Current player: 2
[ ][ ][2][ ][ ][2][2]
[1][ ][2][ ][ ][1][2]
[1][1][2][1][ ][2][1]
[2][1][1][1][ ][1][1]
[1][1][2][1][2][1][2]
[2][2][1][2][2][2][1]

Result: Player 1 Wins

Simulating game 6/10 (Player 1 Depth: 4, Player 2 Depth: 2)
Player 1 Move (Score: 0):
Current player: 2
[ ][ ][ ][ ][ ][ ][ ]
[ ][ ][ ][ ][ ][ ][ ]
[ ][ ][ ][ ][ ][ ][ ]
[ ][ ][ ][ ][ ][ ][ ]
[ ][ ][ ][ ][ ][ ][ ]
[ ][ ][ ][1][ ][ ][ ]

Player 2 Move (Score: 0):
Current player: 1
[ ][ ][ ][ ][ ][ ][ ]
[ ][ ][ ][ ][ ][ ][ ]
[ ][ ][ ][ ][ ][ ][ ]
[ ][ ][ ][ ][ ][ ][ ]
[ ][ ][ ][ ][ ][ ][ ]
[ ][ ][2][1][ ][ ][ ]

Player 1 Move (Score: 0):
Current player: 2
[ ][ ][ ][ ][ ][ ][ ]
[ ][ ][ ][ ][ ][ ][ ]
[ ][ ][ ][ ][ ][ ][ ]
[ ][ ][ ][ ][ ][ ][ ]
[ ][ ][1][ ][ ][ ][ ]
[ ][ ][2][1][ ][ ][ ]

Player 2 Move (Score: -100):
Current player: 1
[ ][ ][ ][ ][ ][ ][ ]
[ ][ ][ ][ ][ ][ ][ ]
[ ][ ][ ][ ][ ][ ][ ]
[ ][ ][2][ ][ ][ ][ ]
[ ][ ][1][ ][ ][ ][ ]
[ ][ ][2][1][ ][ ][ ]

Player 1 Move (Score: -100):
Current player: 2
[ ][ ][ ][ ][ ][ ][ ]
[ ][ ][ ][ ][ ][ ][ ]
[ ][ ][ ][ ][ ][ ][ ]
[ ][ ][2][ ][ ][ ][ ]
[ ][ ][1][ ][ ][ ][ ]
[ ][ ][2][1][ ][1][ ]

Player 2 Move (Score: -100):
Current player: 1
[ ][ ][ ][ ][ ][ ][ ]
[ ][ ][ ][ ][ ][ ][ ]
[ ][ ][ ][ ][ ][ ][ ]
[ ][ ][2][ ][ ][ ][ ]
[ ][ ][1][ ][ ][ ][ ]
[ ][ ][2][1][2][1][ ]

Player 1 Move (Score: 100):
Current player: 2
[ ][ ][ ][ ][ ][ ][ ]
[ ][ ][ ][ ][ ][ ][ ]
[ ][ ][ ][ ][ ][ ][ ]
[ ][ ][2][ ][ ][ ][ ]
[ ][ ][1][1][ ][ ][ ]
[ ][ ][2][1][2][1][ ]

Player 2 Move (Score: -350):
Current player: 1
[ ][ ][ ][ ][ ][ ][ ]
[ ][ ][ ][ ][ ][ ][ ]
[ ][ ][ ][ ][ ][ ][ ]
[ ][ ][2][ ][ ][ ][ ]
[ ][ ][1][1][ ][ ][ ]
[ ][2][2][1][2][1][ ]

Player 1 Move (Score: 10170):
Current player: 2
[ ][ ][ ][ ][ ][ ][ ]
[ ][ ][ ][ ][ ][ ][ ]
[ ][ ][ ][ ][ ][ ][ ]
[ ][ ][2][ ][ ][ ][ ]
[ ][ ][1][1][1][ ][ ]
[ ][2][2][1][2][1][ ]

Player 2 Move (Score: -12500):
Current player: 1
[ ][ ][ ][ ][ ][ ][ ]
[ ][ ][ ][ ][ ][ ][ ]
[ ][ ][ ][ ][ ][ ][ ]
[ ][ ][2][ ][2][ ][ ]
[ ][ ][1][1][1][ ][ ]
[ ][2][2][1][2][1][ ]

Player 1 Move (Score: 22400):
Current player: 2
[ ][ ][ ][ ][ ][ ][ ]
[ ][ ][ ][ ][ ][ ][ ]
[ ][ ][ ][ ][ ][ ][ ]
[ ][ ][2][1][2][ ][ ]
[ ][ ][1][1][1][ ][ ]
[ ][2][2][1][2][1][ ]

Player 2 Move (Score: -52800):
Current player: 1
[ ][ ][ ][ ][ ][ ][ ]
[ ][ ][ ][ ][ ][ ][ ]
[ ][ ][ ][ ][ ][ ][ ]
[ ][ ][2][1][2][ ][ ]
[ ][ ][1][1][1][ ][ ]
[2][2][2][1][2][1][ ]

Player 1 Move (Score: -1939680):
Current player: 2
[ ][ ][ ][ ][ ][ ][ ]
[ ][ ][ ][ ][ ][ ][ ]
[ ][ ][ ][ ][1][ ][ ]
[ ][ ][2][1][2][ ][ ]
[ ][ ][1][1][1][ ][ ]
[2][2][2][1][2][1][ ]

Player 2 Move (Score: -72900):
Current player: 1
[ ][ ][ ][ ][ ][ ][ ]
[ ][ ][ ][ ][ ][ ][ ]
[ ][ ][ ][ ][1][ ][ ]
[ ][ ][2][1][2][ ][ ]
[ ][ ][1][1][1][ ][ ]
[2][2][2][1][2][1][2]

Player 1 Move (Score: -2070170):
Current player: 2
[ ][ ][ ][ ][ ][ ][ ]
[ ][ ][ ][ ][ ][ ][ ]
[ ][ ][ ][ ][1][ ][ ]
[ ][ ][2][1][2][ ][ ]
[ ][ ][1][1][1][ ][1]
[2][2][2][1][2][1][2]

Player 2 Move (Score: -72800):
Current player: 1
[ ][ ][ ][ ][ ][ ][ ]
[ ][ ][ ][ ][ ][ ][ ]
[ ][ ][ ][ ][1][ ][ ]
[ ][ ][2][1][2][ ][2]
[ ][ ][1][1][1][ ][1]
[2][2][2][1][2][1][2]

Player 1 Move (Score: -2070070):
Current player: 2
[ ][ ][ ][ ][ ][ ][ ]
[ ][ ][ ][ ][ ][ ][ ]
[ ][ ][ ][ ][1][ ][1]
[ ][ ][2][1][2][ ][2]
[ ][ ][1][1][1][ ][1]
[2][2][2][1][2][1][2]

Player 2 Move (Score: -72700):
Current player: 1
[ ][ ][ ][ ][ ][ ][ ]
[ ][ ][ ][ ][2][ ][ ]
[ ][ ][ ][ ][1][ ][1]
[ ][ ][2][1][2][ ][2]
[ ][ ][1][1][1][ ][1]
[2][2][2][1][2][1][2]

Player 1 Move (Score: -2070730):
Current player: 2
[ ][ ][ ][ ][1][ ][ ]
[ ][ ][ ][ ][2][ ][ ]
[ ][ ][ ][ ][1][ ][1]
[ ][ ][2][1][2][ ][2]
[ ][ ][1][1][1][ ][1]
[2][2][2][1][2][1][2]

Player 2 Move (Score: -72600):
Current player: 1
[ ][ ][ ][ ][1][ ][ ]
[ ][ ][ ][ ][2][ ][ ]
[ ][ ][ ][ ][1][ ][1]
[ ][ ][2][1][2][ ][2]
[2][ ][1][1][1][ ][1]
[2][2][2][1][2][1][2]

Player 1 Move (Score: -2070600):
Current player: 2
[ ][ ][ ][ ][1][ ][ ]
[ ][ ][ ][ ][2][ ][ ]
[ ][ ][ ][ ][1][ ][1]
[ ][ ][2][1][2][ ][2]
[2][1][1][1][1][ ][1]
[2][2][2][1][2][1][2]

Result: Player 1 Wins

Simulating game 7/10 (Player 1 Depth: 4, Player 2 Depth: 2)
Player 1 Move (Score: 0):
Current player: 2
[ ][ ][ ][ ][ ][ ][ ]
[ ][ ][ ][ ][ ][ ][ ]
[ ][ ][ ][ ][ ][ ][ ]
[ ][ ][ ][ ][ ][ ][ ]
[ ][ ][ ][ ][ ][ ][ ]
[ ][ ][ ][ ][1][ ][ ]

Player 2 Move (Score: 0):
Current player: 1
[ ][ ][ ][ ][ ][ ][ ]
[ ][ ][ ][ ][ ][ ][ ]
[ ][ ][ ][ ][ ][ ][ ]
[ ][ ][ ][ ][ ][ ][ ]
[ ][ ][ ][ ][2][ ][ ]
[ ][ ][ ][ ][1][ ][ ]

Player 1 Move (Score: -100):
Current player: 2
[ ][ ][ ][ ][ ][ ][ ]
[ ][ ][ ][ ][ ][ ][ ]
[ ][ ][ ][ ][ ][ ][ ]
[ ][ ][ ][ ][ ][ ][ ]
[ ][ ][ ][ ][2][ ][ ]
[ ][ ][ ][ ][1][1][ ]

Player 2 Move (Score: -100):
Current player: 1
[ ][ ][ ][ ][ ][ ][ ]
[ ][ ][ ][ ][ ][ ][ ]
[ ][ ][ ][ ][ ][ ][ ]
[ ][ ][ ][ ][ ][ ][ ]
[ ][ ][ ][ ][2][ ][ ]
[2][ ][ ][ ][1][1][ ]

Player 1 Move (Score: 300):
Current player: 2
[ ][ ][ ][ ][ ][ ][ ]
[ ][ ][ ][ ][ ][ ][ ]
[ ][ ][ ][ ][ ][ ][ ]
[ ][ ][ ][ ][ ][ ][ ]
[ ][ ][ ][ ][2][ ][ ]
[2][ ][ ][1][1][1][ ]

Player 2 Move (Score: -12000):
Current player: 1
[ ][ ][ ][ ][ ][ ][ ]
[ ][ ][ ][ ][ ][ ][ ]
[ ][ ][ ][ ][ ][ ][ ]
[ ][ ][ ][ ][ ][ ][ ]
[ ][ ][ ][ ][2][ ][ ]
[2][2][ ][1][1][1][ ]

Player 1 Move (Score: 10200):
Current player: 2
[ ][ ][ ][ ][ ][ ][ ]
[ ][ ][ ][ ][ ][ ][ ]
[ ][ ][ ][ ][ ][ ][ ]
[ ][ ][ ][ ][ ][ ][ ]
[ ][ ][ ][1][2][ ][ ]
[2][2][ ][1][1][1][ ]

Player 2 Move (Score: -12300):
Current player: 1
[ ][ ][ ][ ][ ][ ][ ]
[ ][ ][ ][ ][ ][ ][ ]
[ ][ ][ ][ ][ ][ ][ ]
[ ][ ][ ][ ][ ][ ][ ]
[ ][ ][ ][1][2][2][ ]
[2][2][ ][1][1][1][ ]

Player 1 Move (Score: 10300):
Current player: 2
[ ][ ][ ][ ][ ][ ][ ]
[ ][ ][ ][ ][ ][ ][ ]
[ ][ ][ ][ ][ ][ ][ ]
[ ][ ][ ][ ][ ][1][ ]
[ ][ ][ ][1][2][2][ ]
[2][2][ ][1][1][1][ ]

Player 2 Move (Score: -12300):
Current player: 1
[ ][ ][ ][ ][ ][ ][ ]
[ ][ ][ ][ ][ ][ ][ ]
[ ][ ][ ][ ][ ][2][ ]
[ ][ ][ ][ ][ ][1][ ]
[ ][ ][ ][1][2][2][ ]
[2][2][ ][1][1][1][ ]

Player 1 Move (Score: 10330):
Current player: 2
[ ][ ][ ][ ][ ][ ][ ]
[ ][ ][ ][ ][ ][ ][ ]
[ ][ ][ ][ ][ ][2][ ]
[ ][ ][ ][ ][1][1][ ]
[ ][ ][ ][1][2][2][ ]
[2][2][ ][1][1][1][ ]

Player 2 Move (Score: -12430):
Current player: 1
[ ][ ][ ][ ][ ][ ][ ]
[ ][ ][ ][ ][ ][2][ ]
[ ][ ][ ][ ][ ][2][ ]
[ ][ ][ ][ ][1][1][ ]
[ ][ ][ ][1][2][2][ ]
[2][2][ ][1][1][1][ ]

Player 1 Move (Score: 12230):
Current player: 2
[ ][ ][ ][ ][ ][1][ ]
[ ][ ][ ][ ][ ][2][ ]
[ ][ ][ ][ ][ ][2][ ]
[ ][ ][ ][ ][1][1][ ]
[ ][ ][ ][1][2][2][ ]
[2][2][ ][1][1][1][ ]

Player 2 Move (Score: -12330):
Current player: 1
[ ][ ][ ][ ][ ][1][ ]
[ ][ ][ ][ ][ ][2][ ]
[ ][ ][ ][ ][ ][2][ ]
[ ][ ][ ][ ][1][1][ ]
[2][ ][ ][1][2][2][ ]
[2][2][ ][1][1][1][ ]

Player 1 Move (Score: 12200):
Current player: 2
[ ][ ][ ][ ][ ][1][ ]
[ ][ ][ ][ ][ ][2][ ]
[ ][ ][ ][ ][ ][2][ ]
[ ][ ][ ][1][1][1][ ]
[2][ ][ ][1][2][2][ ]
[2][2][ ][1][1][1][ ]

Player 2 Move (Score: -34170):
Current player: 1
[ ][ ][ ][ ][ ][1][ ]
[ ][ ][ ][ ][ ][2][ ]
[ ][ ][ ][ ][2][2][ ]
[ ][ ][ ][1][1][1][ ]
[2][ ][ ][1][2][2][ ]
[2][2][ ][1][1][1][ ]

Player 1 Move (Score: 10300):
Current player: 2
[ ][ ][ ][ ][ ][1][ ]
[ ][ ][ ][ ][ ][2][ ]
[ ][ ][ ][ ][2][2][ ]
[1][ ][ ][1][1][1][ ]
[2][ ][ ][1][2][2][ ]
[2][2][ ][1][1][1][ ]

Player 2 Move (Score: -34270):
Current player: 1
[ ][ ][ ][ ][ ][1][ ]
[ ][ ][ ][ ][ ][2][ ]
[2][ ][ ][ ][2][2][ ]
[1][ ][ ][1][1][1][ ]
[2][ ][ ][1][2][2][ ]
[2][2][ ][1][1][1][ ]

Player 1 Move (Score: 10330):
Current player: 2
[ ][ ][ ][ ][ ][1][ ]
[ ][ ][ ][ ][1][2][ ]
[2][ ][ ][ ][2][2][ ]
[1][ ][ ][1][1][1][ ]
[2][ ][ ][1][2][2][ ]
[2][2][ ][1][1][1][ ]

Player 2 Move (Score: -34570):
Current player: 1
[ ][ ][ ][ ][2][1][ ]
[ ][ ][ ][ ][1][2][ ]
[2][ ][ ][ ][2][2][ ]
[1][ ][ ][1][1][1][ ]
[2][ ][ ][1][2][2][ ]
[2][2][ ][1][1][1][ ]

Player 1 Move (Score: 10200):
Current player: 2
[ ][ ][ ][ ][2][1][ ]
[ ][ ][ ][ ][1][2][ ]
[2][ ][ ][ ][2][2][ ]
[1][ ][ ][1][1][1][ ]
[2][1][ ][1][2][2][ ]
[2][2][ ][1][1][1][ ]

Player 2 Move (Score: -34570):
Current player: 1
[ ][ ][ ][ ][2][1][ ]
[2][ ][ ][ ][1][2][ ]
[2][ ][ ][ ][2][2][ ]
[1][ ][ ][1][1][1][ ]
[2][1][ ][1][2][2][ ]
[2][2][ ][1][1][1][ ]

Player 1 Move (Score: 12000):
Current player: 2
[ ][ ][ ][ ][2][1][ ]
[2][ ][ ][ ][1][2][ ]
[2][ ][ ][ ][2][2][ ]
[1][1][ ][1][1][1][ ]
[2][1][ ][1][2][2][ ]
[2][2][ ][1][1][1][ ]

Player 2 Move (Score: -44470):
Current player: 1
[2][ ][ ][ ][2][1][ ]
[2][ ][ ][ ][1][2][ ]
[2][ ][ ][ ][2][2][ ]
[1][1][ ][1][1][1][ ]
[2][1][ ][1][2][2][ ]
[2][2][ ][1][1][1][ ]

Player 1 Move (Score: 12000):
Current player: 2
[2][ ][ ][ ][2][1][ ]
[2][ ][ ][ ][1][2][ ]
[2][1][ ][ ][2][2][ ]
[1][1][ ][1][1][1][ ]
[2][1][ ][1][2][2][ ]
[2][2][ ][1][1][1][ ]

Player 2 Move (Score: -42470):
Current player: 1
[2][ ][ ][ ][2][1][ ]
[2][ ][ ][ ][1][2][ ]
[2][1][ ][ ][2][2][ ]
[1][1][ ][1][1][1][ ]
[2][1][ ][1][2][2][ ]
[2][2][ ][1][1][1][2]

Player 1 Move (Score: 10000):
Current player: 2
[2][ ][ ][ ][2][1][ ]
[2][ ][ ][ ][1][2][ ]
[2][1][ ][ ][2][2][ ]
[1][1][ ][1][1][1][ ]
[2][1][ ][1][2][2][1]
[2][2][ ][1][1][1][2]

Player 2 Move (Score: -40500):
Current player: 1
[2][ ][ ][ ][2][1][ ]
[2][ ][ ][ ][1][2][ ]
[2][1][ ][ ][2][2][ ]
[1][1][ ][1][1][1][2]
[2][1][ ][1][2][2][1]
[2][2][ ][1][1][1][2]

Player 1 Move (Score: 10000):
Current player: 2
[2][ ][ ][ ][2][1][ ]
[2][ ][ ][ ][1][2][ ]
[2][1][ ][ ][2][2][1]
[1][1][ ][1][1][1][2]
[2][1][ ][1][2][2][1]
[2][2][ ][1][1][1][2]

Player 2 Move (Score: -40500):
Current player: 1
[2][ ][ ][ ][2][1][ ]
[2][ ][ ][ ][1][2][2]
[2][1][ ][ ][2][2][1]
[1][1][ ][1][1][1][2]
[2][1][ ][1][2][2][1]
[2][2][ ][1][1][1][2]

Player 1 Move (Score: 10000):
Current player: 2
[2][ ][ ][ ][2][1][1]
[2][ ][ ][ ][1][2][2]
[2][1][ ][ ][2][2][1]
[1][1][ ][1][1][1][2]
[2][1][ ][1][2][2][1]
[2][2][ ][1][1][1][2]

Player 2 Move (Score: -30500):
Current player: 1
[2][ ][ ][ ][2][1][1]
[2][ ][ ][ ][1][2][2]
[2][1][ ][ ][2][2][1]
[1][1][ ][1][1][1][2]
[2][1][ ][1][2][2][1]
[2][2][2][1][1][1][2]

Player 1 Move (Score: 0):
Current player: 2
[2][ ][ ][ ][2][1][1]
[2][ ][ ][ ][1][2][2]
[2][1][ ][ ][2][2][1]
[1][1][ ][1][1][1][2]
[2][1][1][1][2][2][1]
[2][2][2][1][1][1][2]

Player 2 Move (Score: -20300):
Current player: 1
[2][ ][ ][ ][2][1][1]
[2][ ][ ][ ][1][2][2]
[2][1][ ][ ][2][2][1]
[1][1][2][1][1][1][2]
[2][1][1][1][2][2][1]
[2][2][2][1][1][1][2]

Player 1 Move (Score: 100):
Current player: 2
[2][ ][ ][ ][2][1][1]
[2][ ][ ][ ][1][2][2]
[2][1][1][ ][2][2][1]
[1][1][2][1][1][1][2]
[2][1][1][1][2][2][1]
[2][2][2][1][1][1][2]

Player 2 Move (Score: -20200):
Current player: 1
[2][ ][ ][ ][2][1][1]
[2][ ][2][ ][1][2][2]
[2][1][1][ ][2][2][1]
[1][1][2][1][1][1][2]
[2][1][1][1][2][2][1]
[2][2][2][1][1][1][2]

Player 1 Move (Score: -10000):
Current player: 2
[2][ ][1][ ][2][1][1]
[2][ ][2][ ][1][2][2]
[2][1][1][ ][2][2][1]
[1][1][2][1][1][1][2]
[2][1][1][1][2][2][1]
[2][2][2][1][1][1][2]

Player 2 Move (Score: -10100):
Current player: 1
[2][ ][1][ ][2][1][1]
[2][ ][2][ ][1][2][2]
[2][1][1][2][2][2][1]
[1][1][2][1][1][1][2]
[2][1][1][1][2][2][1]
[2][2][2][1][1][1][2]

Player 1 Move (Score: -2010000):
Current player: 2
[2][ ][1][ ][2][1][1]
[2][ ][2][1][1][2][2]
[2][1][1][2][2][2][1]
[1][1][2][1][1][1][2]
[2][1][1][1][2][2][1]
[2][2][2][1][1][1][2]

Player 2 Move (Score: -2010000):
Current player: 1
[2][ ][1][2][2][1][1]
[2][ ][2][1][1][2][2]
[2][1][1][2][2][2][1]
[1][1][2][1][1][1][2]
[2][1][1][1][2][2][1]
[2][2][2][1][1][1][2]

Player 1 Move (Score: -2010000):
Current player: 2
[2][ ][1][2][2][1][1]
[2][1][2][1][1][2][2]
[2][1][1][2][2][2][1]
[1][1][2][1][1][1][2]
[2][1][1][1][2][2][1]
[2][2][2][1][1][1][2]

Result: Player 1 Wins

Simulating game 8/10 (Player 1 Depth: 4, Player 2 Depth: 2)
Player 1 Move (Score: 0):
Current player: 2
[ ][ ][ ][ ][ ][ ][ ]
[ ][ ][ ][ ][ ][ ][ ]
[ ][ ][ ][ ][ ][ ][ ]
[ ][ ][ ][ ][ ][ ][ ]
[ ][ ][ ][ ][ ][ ][ ]
[ ][ ][ ][ ][1][ ][ ]

Player 2 Move (Score: 0):
Current player: 1
[ ][ ][ ][ ][ ][ ][ ]
[ ][ ][ ][ ][ ][ ][ ]
[ ][ ][ ][ ][ ][ ][ ]
[ ][ ][ ][ ][ ][ ][ ]
[ ][ ][ ][ ][ ][ ][ ]
[ ][ ][ ][ ][1][ ][2]

Player 1 Move (Score: 0):
Current player: 2
[ ][ ][ ][ ][ ][ ][ ]
[ ][ ][ ][ ][ ][ ][ ]
[ ][ ][ ][ ][ ][ ][ ]
[ ][ ][ ][ ][ ][ ][ ]
[ ][ ][ ][ ][ ][ ][ ]
[ ][ ][ ][1][1][ ][2]

Player 2 Move (Score: -100):
Current player: 1
[ ][ ][ ][ ][ ][ ][ ]
[ ][ ][ ][ ][ ][ ][ ]
[ ][ ][ ][ ][ ][ ][ ]
[ ][ ][ ][ ][ ][ ][ ]
[ ][ ][ ][ ][ ][ ][ ]
[2][ ][ ][1][1][ ][2]

Player 1 Move (Score: 400):
Current player: 2
[ ][ ][ ][ ][ ][ ][ ]
[ ][ ][ ][ ][ ][ ][ ]
[ ][ ][ ][ ][ ][ ][ ]
[ ][ ][ ][ ][ ][ ][ ]
[ ][ ][ ][ ][ ][ ][ ]
[2][ ][ ][1][1][1][2]

Player 2 Move (Score: -10000):
Current player: 1
[ ][ ][ ][ ][ ][ ][ ]
[ ][ ][ ][ ][ ][ ][ ]
[ ][ ][ ][ ][ ][ ][ ]
[ ][ ][ ][ ][ ][ ][ ]
[ ][ ][ ][ ][ ][ ][2]
[2][ ][ ][1][1][1][2]

Player 1 Move (Score: 300):
Current player: 2
[ ][ ][ ][ ][ ][ ][ ]
[ ][ ][ ][ ][ ][ ][ ]
[ ][ ][ ][ ][ ][ ][ ]
[ ][ ][ ][ ][ ][ ][ ]
[ ][ ][ ][ ][1][ ][2]
[2][ ][ ][1][1][1][2]

Player 2 Move (Score: -10400):
Current player: 1
[ ][ ][ ][ ][ ][ ][ ]
[ ][ ][ ][ ][ ][ ][ ]
[ ][ ][ ][ ][ ][ ][ ]
[ ][ ][ ][ ][ ][ ][ ]
[ ][ ][ ][ ][1][ ][2]
[2][2][ ][1][1][1][2]

Player 1 Move (Score: 930):
Current player: 2
[ ][ ][ ][ ][ ][ ][ ]
[ ][ ][ ][ ][ ][ ][ ]
[ ][ ][ ][ ][ ][ ][ ]
[ ][ ][ ][ ][1][ ][ ]
[ ][ ][ ][ ][1][ ][2]
[2][2][ ][1][1][1][2]

Player 2 Move (Score: -20400):
Current player: 1
[ ][ ][ ][ ][ ][ ][ ]
[ ][ ][ ][ ][ ][ ][ ]
[ ][ ][ ][ ][ ][ ][ ]
[ ][ ][ ][ ][1][ ][ ]
[ ][ ][ ][2][1][ ][2]
[2][2][ ][1][1][1][2]

Player 1 Move (Score: 30660):
Current player: 2
[ ][ ][ ][ ][ ][ ][ ]
[ ][ ][ ][ ][ ][ ][ ]
[ ][ ][ ][ ][ ][ ][ ]
[ ][ ][ ][1][1][ ][ ]
[ ][ ][ ][2][1][ ][2]
[2][2][ ][1][1][1][2]

Player 2 Move (Score: -50450):
Current player: 1
[ ][ ][ ][ ][ ][ ][ ]
[ ][ ][ ][ ][ ][ ][ ]
[ ][ ][ ][ ][ ][ ][ ]
[ ][ ][ ][1][1][ ][ ]
[ ][ ][ ][2][1][2][2]
[2][2][ ][1][1][1][2]

Player 1 Move (Score: 40530):
Current player: 2
[ ][ ][ ][ ][ ][ ][ ]
[ ][ ][ ][ ][ ][ ][ ]
[ ][ ][ ][1][ ][ ][ ]
[ ][ ][ ][1][1][ ][ ]
[ ][ ][ ][2][1][2][2]
[2][2][ ][1][1][1][2]

Player 2 Move (Score: -50550):
Current player: 1
[ ][ ][ ][ ][ ][ ][ ]
[ ][ ][ ][ ][ ][ ][ ]
[ ][ ][ ][1][ ][ ][ ]
[ ][ ][ ][1][1][ ][ ]
[ ][2][ ][2][1][2][2]
[2][2][ ][1][1][1][2]

Player 1 Move (Score: 50200):
Current player: 2
[ ][ ][ ][ ][ ][ ][ ]
[ ][ ][ ][1][ ][ ][ ]
[ ][ ][ ][1][ ][ ][ ]
[ ][ ][ ][1][1][ ][ ]
[ ][2][ ][2][1][2][2]
[2][2][ ][1][1][1][2]

Player 2 Move (Score: -60430):
Current player: 1
[ ][ ][ ][ ][ ][ ][ ]
[ ][ ][ ][1][ ][ ][ ]
[ ][ ][ ][1][ ][ ][ ]
[ ][ ][ ][1][1][ ][ ]
[2][2][ ][2][1][2][2]
[2][2][ ][1][1][1][2]

Player 1 Move (Score: 50100):
Current player: 2
[ ][ ][ ][ ][ ][ ][ ]
[ ][ ][ ][1][ ][ ][ ]
[ ][ ][ ][1][ ][ ][ ]
[ ][1][ ][1][1][ ][ ]
[2][2][ ][2][1][2][2]
[2][2][ ][1][1][1][2]

Player 2 Move (Score: -60230):
Current player: 1
[ ][ ][ ][ ][ ][ ][ ]
[ ][ ][ ][1][ ][ ][ ]
[ ][2][ ][1][ ][ ][ ]
[ ][1][ ][1][1][ ][ ]
[2][2][ ][2][1][2][2]
[2][2][ ][1][1][1][2]

Player 1 Move (Score: 50200):
Current player: 2
[ ][ ][ ][ ][ ][ ][ ]
[ ][ ][ ][1][ ][ ][ ]
[ ][2][ ][1][ ][ ][ ]
[1][1][ ][1][1][ ][ ]
[2][2][ ][2][1][2][2]
[2][2][ ][1][1][1][2]

Player 2 Move (Score: -60330):
Current player: 1
[ ][ ][ ][ ][ ][ ][ ]
[ ][ ][ ][1][ ][ ][ ]
[2][2][ ][1][ ][ ][ ]
[1][1][ ][1][1][ ][ ]
[2][2][ ][2][1][2][2]
[2][2][ ][1][1][1][2]

Player 1 Move (Score: 40500):
Current player: 2
[ ][ ][ ][ ][ ][ ][ ]
[ ][ ][ ][1][ ][ ][ ]
[2][2][ ][1][ ][ ][ ]
[1][1][ ][1][1][ ][1]
[2][2][ ][2][1][2][2]
[2][2][ ][1][1][1][2]

Player 2 Move (Score: -60400):
Current player: 1
[ ][ ][ ][ ][ ][ ][ ]
[ ][2][ ][1][ ][ ][ ]
[2][2][ ][1][ ][ ][ ]
[1][1][ ][1][1][ ][1]
[2][2][ ][2][1][2][2]
[2][2][ ][1][1][1][2]

Player 1 Move (Score: 40300):
Current player: 2
[ ][ ][ ][ ][ ][ ][ ]
[1][2][ ][1][ ][ ][ ]
[2][2][ ][1][ ][ ][ ]
[1][1][ ][1][1][ ][1]
[2][2][ ][2][1][2][2]
[2][2][ ][1][1][1][2]

Player 2 Move (Score: -60300):
Current player: 1
[2][ ][ ][ ][ ][ ][ ]
[1][2][ ][1][ ][ ][ ]
[2][2][ ][1][ ][ ][ ]
[1][1][ ][1][1][ ][1]
[2][2][ ][2][1][2][2]
[2][2][ ][1][1][1][2]

Player 1 Move (Score: 40300):
Current player: 2
[2][ ][ ][ ][ ][ ][ ]
[1][2][ ][1][ ][ ][ ]
[2][2][ ][1][ ][ ][1]
[1][1][ ][1][1][ ][1]
[2][2][ ][2][1][2][2]
[2][2][ ][1][1][1][2]

Player 2 Move (Score: -70100):
Current player: 1
[2][2][ ][ ][ ][ ][ ]
[1][2][ ][1][ ][ ][ ]
[2][2][ ][1][ ][ ][1]
[1][1][ ][1][1][ ][1]
[2][2][ ][2][1][2][2]
[2][2][ ][1][1][1][2]

Player 1 Move (Score: -2050200):
Current player: 2
[2][2][ ][ ][ ][ ][ ]
[1][2][ ][1][ ][ ][1]
[2][2][ ][1][ ][ ][1]
[1][1][ ][1][1][ ][1]
[2][2][ ][2][1][2][2]
[2][2][ ][1][1][1][2]

Player 2 Move (Score: -2050200):
Current player: 1
[2][2][ ][2][ ][ ][ ]
[1][2][ ][1][ ][ ][1]
[2][2][ ][1][ ][ ][1]
[1][1][ ][1][1][ ][1]
[2][2][ ][2][1][2][2]
[2][2][ ][1][1][1][2]

Player 1 Move (Score: -2050200):
Current player: 2
[2][2][ ][2][ ][ ][1]
[1][2][ ][1][ ][ ][1]
[2][2][ ][1][ ][ ][1]
[1][1][ ][1][1][ ][1]
[2][2][ ][2][1][2][2]
[2][2][ ][1][1][1][2]

Result: Player 1 Wins

Simulating game 9/10 (Player 1 Depth: 4, Player 2 Depth: 2)
Player 1 Move (Score: 0):
Current player: 2
[ ][ ][ ][ ][ ][ ][ ]
[ ][ ][ ][ ][ ][ ][ ]
[ ][ ][ ][ ][ ][ ][ ]
[ ][ ][ ][ ][ ][ ][ ]
[ ][ ][ ][ ][ ][ ][ ]
[ ][ ][ ][ ][1][ ][ ]

Player 2 Move (Score: 0):
Current player: 1
[ ][ ][ ][ ][ ][ ][ ]
[ ][ ][ ][ ][ ][ ][ ]
[ ][ ][ ][ ][ ][ ][ ]
[ ][ ][ ][ ][ ][ ][ ]
[ ][ ][ ][ ][2][ ][ ]
[ ][ ][ ][ ][1][ ][ ]

Player 1 Move (Score: -100):
Current player: 2
[ ][ ][ ][ ][ ][ ][ ]
[ ][ ][ ][ ][ ][ ][ ]
[ ][ ][ ][ ][ ][ ][ ]
[ ][ ][ ][ ][ ][ ][ ]
[ ][ ][ ][ ][2][ ][ ]
[ ][ ][ ][ ][1][ ][1]

Player 2 Move (Score: 0):
Current player: 1
[ ][ ][ ][ ][ ][ ][ ]
[ ][ ][ ][ ][ ][ ][ ]
[ ][ ][ ][ ][ ][ ][ ]
[ ][ ][ ][ ][ ][ ][ ]
[ ][ ][ ][ ][2][ ][ ]
[2][ ][ ][ ][1][ ][1]

Player 1 Move (Score: -100):
Current player: 2
[ ][ ][ ][ ][ ][ ][ ]
[ ][ ][ ][ ][ ][ ][ ]
[ ][ ][ ][ ][ ][ ][ ]
[ ][ ][ ][ ][ ][ ][ ]
[ ][ ][ ][ ][2][ ][ ]
[2][ ][ ][ ][1][1][1]

Player 2 Move (Score: -10000):
Current player: 1
[ ][ ][ ][ ][ ][ ][ ]
[ ][ ][ ][ ][ ][ ][ ]
[ ][ ][ ][ ][ ][ ][ ]
[ ][ ][ ][ ][ ][ ][ ]
[ ][ ][ ][ ][2][ ][ ]
[2][2][ ][ ][1][1][1]

Player 1 Move (Score: -100):
Current player: 2
[ ][ ][ ][ ][ ][ ][ ]
[ ][ ][ ][ ][ ][ ][ ]
[ ][ ][ ][ ][ ][ ][ ]
[ ][ ][ ][ ][1][ ][ ]
[ ][ ][ ][ ][2][ ][ ]
[2][2][ ][ ][1][1][1]

Player 2 Move (Score: -10000):
Current player: 1
[ ][ ][ ][ ][ ][ ][ ]
[ ][ ][ ][ ][ ][ ][ ]
[ ][ ][ ][ ][2][ ][ ]
[ ][ ][ ][ ][1][ ][ ]
[ ][ ][ ][ ][2][ ][ ]
[2][2][ ][ ][1][1][1]

Player 1 Move (Score: 0):
Current player: 2
[ ][ ][ ][ ][ ][ ][ ]
[ ][ ][ ][ ][ ][ ][ ]
[ ][ ][ ][ ][2][ ][ ]
[ ][ ][ ][ ][1][ ][ ]
[ ][ ][ ][ ][2][ ][ ]
[2][2][1][ ][1][1][1]

Player 2 Move (Score: -10000):
Current player: 1
[ ][ ][ ][ ][ ][ ][ ]
[ ][ ][ ][ ][2][ ][ ]
[ ][ ][ ][ ][2][ ][ ]
[ ][ ][ ][ ][1][ ][ ]
[ ][ ][ ][ ][2][ ][ ]
[2][2][1][ ][1][1][1]

Player 1 Move (Score: 20200):
Current player: 2
[ ][ ][ ][ ][ ][ ][ ]
[ ][ ][ ][ ][2][ ][ ]
[ ][ ][ ][ ][2][ ][ ]
[ ][ ][ ][ ][1][ ][ ]
[ ][ ][ ][ ][2][1][ ]
[2][2][1][ ][1][1][1]

Player 2 Move (Score: -40300):
Current player: 1
[ ][ ][ ][ ][ ][ ][ ]
[ ][ ][ ][ ][2][ ][ ]
[ ][ ][ ][ ][2][ ][ ]
[ ][ ][ ][ ][1][ ][ ]
[ ][ ][2][ ][2][1][ ]
[2][2][1][ ][1][1][1]

Player 1 Move (Score: 30100):
Current player: 2
[ ][ ][ ][ ][ ][ ][ ]
[ ][ ][ ][ ][2][ ][ ]
[ ][ ][ ][ ][2][ ][ ]
[ ][ ][ ][ ][1][ ][ ]
[ ][ ][2][ ][2][1][1]
[2][2][1][ ][1][1][1]

Player 2 Move (Score: -40400):
Current player: 1
[ ][ ][ ][ ][2][ ][ ]
[ ][ ][ ][ ][2][ ][ ]
[ ][ ][ ][ ][2][ ][ ]
[ ][ ][ ][ ][1][ ][ ]
[ ][ ][2][ ][2][1][1]
[2][2][1][ ][1][1][1]

Player 1 Move (Score: 30300):
Current player: 2
[ ][ ][ ][ ][2][ ][ ]
[ ][ ][ ][ ][2][ ][ ]
[ ][ ][ ][ ][2][ ][ ]
[ ][ ][ ][ ][1][ ][1]
[ ][ ][2][ ][2][1][1]
[2][2][1][ ][1][1][1]

Player 2 Move (Score: -50300):
Current player: 1
[ ][ ][ ][ ][2][ ][ ]
[ ][ ][ ][ ][2][ ][ ]
[ ][ ][ ][ ][2][ ][ ]
[ ][ ][ ][ ][1][ ][1]
[2][ ][2][ ][2][1][1]
[2][2][1][ ][1][1][1]

Player 1 Move (Score: 40200):
Current player: 2
[ ][ ][ ][ ][2][ ][ ]
[ ][ ][ ][ ][2][ ][ ]
[ ][ ][ ][ ][2][ ][ ]
[ ][ ][ ][ ][1][1][1]
[2][ ][2][ ][2][1][1]
[2][2][1][ ][1][1][1]

Player 2 Move (Score: -70200):
Current player: 1
[ ][ ][ ][ ][2][ ][ ]
[ ][ ][ ][ ][2][ ][ ]
[ ][ ][ ][ ][2][ ][ ]
[ ][ ][2][ ][1][1][1]
[2][ ][2][ ][2][1][1]
[2][2][1][ ][1][1][1]

Player 1 Move (Score: 40100):
Current player: 2
[ ][ ][ ][ ][2][ ][ ]
[ ][ ][ ][ ][2][ ][ ]
[ ][ ][ ][ ][2][ ][ ]
[ ][ ][2][ ][1][1][1]
[2][1][2][ ][2][1][1]
[2][2][1][ ][1][1][1]

Player 2 Move (Score: -69900):
Current player: 1
[ ][ ][ ][ ][2][ ][ ]
[ ][ ][ ][ ][2][ ][ ]
[ ][ ][ ][ ][2][ ][ ]
[ ][2][2][ ][1][1][1]
[2][1][2][ ][2][1][1]
[2][2][1][ ][1][1][1]

Player 1 Move (Score: 30400):
Current player: 2
[ ][ ][ ][ ][2][ ][ ]
[ ][ ][ ][ ][2][ ][ ]
[ ][ ][1][ ][2][ ][ ]
[ ][2][2][ ][1][1][1]
[2][1][2][ ][2][1][1]
[2][2][1][ ][1][1][1]

Player 2 Move (Score: -69900):
Current player: 1
[ ][ ][ ][ ][2][ ][ ]
[ ][ ][2][ ][2][ ][ ]
[ ][ ][1][ ][2][ ][ ]
[ ][2][2][ ][1][1][1]
[2][1][2][ ][2][1][1]
[2][2][1][ ][1][1][1]

Player 1 Move (Score: 30300):
Current player: 2
[ ][ ][ ][ ][2][ ][ ]
[ ][ ][2][ ][2][ ][ ]
[ ][1][1][ ][2][ ][ ]
[ ][2][2][ ][1][1][1]
[2][1][2][ ][2][1][1]
[2][2][1][ ][1][1][1]

Player 2 Move (Score: -70100):
Current player: 1
[ ][ ][2][ ][2][ ][ ]
[ ][ ][2][ ][2][ ][ ]
[ ][1][1][ ][2][ ][ ]
[ ][2][2][ ][1][1][1]
[2][1][2][ ][2][1][1]
[2][2][1][ ][1][1][1]

Player 1 Move (Score: 30300):
Current player: 2
[ ][ ][2][ ][2][ ][ ]
[ ][1][2][ ][2][ ][ ]
[ ][1][1][ ][2][ ][ ]
[ ][2][2][ ][1][1][1]
[2][1][2][ ][2][1][1]
[2][2][1][ ][1][1][1]

Player 2 Move (Score: -70200):
Current player: 1
[ ][2][2][ ][2][ ][ ]
[ ][1][2][ ][2][ ][ ]
[ ][1][1][ ][2][ ][ ]
[ ][2][2][ ][1][1][1]
[2][1][2][ ][2][1][1]
[2][2][1][ ][1][1][1]

Player 1 Move (Score: -1939800):
Current player: 2
[ ][2][2][ ][2][ ][ ]
[ ][1][2][ ][2][ ][ ]
[ ][1][1][ ][2][ ][ ]
[1][2][2][ ][1][1][1]
[2][1][2][ ][2][1][1]
[2][2][1][ ][1][1][1]

Player 2 Move (Score: -60500):
Current player: 1
[ ][2][2][ ][2][ ][ ]
[ ][1][2][ ][2][ ][ ]
[ ][1][1][ ][2][ ][ ]
[1][2][2][ ][1][1][1]
[2][1][2][ ][2][1][1]
[2][2][1][2][1][1][1]

Player 1 Move (Score: -1960300):
Current player: 2
[ ][2][2][ ][2][ ][ ]
[ ][1][2][ ][2][ ][ ]
[1][1][1][ ][2][ ][ ]
[1][2][2][ ][1][1][1]
[2][1][2][ ][2][1][1]
[2][2][1][2][1][1][1]

Player 2 Move (Score: -80200):
Current player: 1
[ ][2][2][ ][2][ ][ ]
[2][1][2][ ][2][ ][ ]
[1][1][1][ ][2][ ][ ]
[1][2][2][ ][1][1][1]
[2][1][2][ ][2][1][1]
[2][2][1][2][1][1][1]

Player 1 Move (Score: -2060500):
Current player: 2
[ ][2][2][ ][2][ ][ ]
[2][1][2][ ][2][ ][ ]
[1][1][1][ ][2][ ][ ]
[1][2][2][ ][1][1][1]
[2][1][2][1][2][1][1]
[2][2][1][2][1][1][1]

Player 2 Move (Score: -2060500):
Current player: 1
[2][2][2][ ][2][ ][ ]
[2][1][2][ ][2][ ][ ]
[1][1][1][ ][2][ ][ ]
[1][2][2][ ][1][1][1]
[2][1][2][1][2][1][1]
[2][2][1][2][1][1][1]

Player 1 Move (Score: -2060500):
Current player: 2
[2][2][2][ ][2][ ][ ]
[2][1][2][ ][2][ ][ ]
[1][1][1][ ][2][ ][ ]
[1][2][2][1][1][1][1]
[2][1][2][1][2][1][1]
[2][2][1][2][1][1][1]

Result: Player 1 Wins

Simulating game 10/10 (Player 1 Depth: 4, Player 2 Depth: 2)
Player 1 Move (Score: 0):
Current player: 2
[ ][ ][ ][ ][ ][ ][ ]
[ ][ ][ ][ ][ ][ ][ ]
[ ][ ][ ][ ][ ][ ][ ]
[ ][ ][ ][ ][ ][ ][ ]
[ ][ ][ ][ ][ ][ ][ ]
[ ][ ][ ][1][ ][ ][ ]

Player 2 Move (Score: 0):
Current player: 1
[ ][ ][ ][ ][ ][ ][ ]
[ ][ ][ ][ ][ ][ ][ ]
[ ][ ][ ][ ][ ][ ][ ]
[ ][ ][ ][ ][ ][ ][ ]
[ ][ ][ ][ ][ ][ ][ ]
[ ][2][ ][1][ ][ ][ ]

Player 1 Move (Score: 100):
Current player: 2
[ ][ ][ ][ ][ ][ ][ ]
[ ][ ][ ][ ][ ][ ][ ]
[ ][ ][ ][ ][ ][ ][ ]
[ ][ ][ ][ ][ ][ ][ ]
[ ][ ][ ][ ][ ][ ][ ]
[ ][2][ ][1][1][ ][ ]

Player 2 Move (Score: -100):
Current player: 1
[ ][ ][ ][ ][ ][ ][ ]
[ ][ ][ ][ ][ ][ ][ ]
[ ][ ][ ][ ][ ][ ][ ]
[ ][ ][ ][ ][ ][ ][ ]
[ ][ ][ ][ ][ ][ ][ ]
[2][2][ ][1][1][ ][ ]

Player 1 Move (Score: 500):
Current player: 2
[ ][ ][ ][ ][ ][ ][ ]
[ ][ ][ ][ ][ ][ ][ ]
[ ][ ][ ][ ][ ][ ][ ]
[ ][ ][ ][ ][ ][ ][ ]
[ ][ ][ ][ ][ ][ ][ ]
[2][2][ ][1][1][1][ ]

Player 2 Move (Score: -12000):
Current player: 1
[ ][ ][ ][ ][ ][ ][ ]
[ ][ ][ ][ ][ ][ ][ ]
[ ][ ][ ][ ][ ][ ][ ]
[ ][ ][ ][ ][ ][ ][ ]
[ ][ ][ ][2][ ][ ][ ]
[2][2][ ][1][1][1][ ]

Player 1 Move (Score: 11640):
Current player: 2
[ ][ ][ ][ ][ ][ ][ ]
[ ][ ][ ][ ][ ][ ][ ]
[ ][ ][ ][ ][ ][ ][ ]
[ ][ ][ ][ ][ ][ ][ ]
[ ][ ][ ][2][1][ ][ ]
[2][2][ ][1][1][1][ ]

Player 2 Move (Score: -12500):
Current player: 1
[ ][ ][ ][ ][ ][ ][ ]
[ ][ ][ ][ ][ ][ ][ ]
[ ][ ][ ][ ][ ][ ][ ]
[ ][ ][ ][ ][ ][ ][ ]
[ ][ ][ ][2][1][2][ ]
[2][2][ ][1][1][1][ ]

Player 1 Move (Score: 30200):
Current player: 2
[ ][ ][ ][ ][ ][ ][ ]
[ ][ ][ ][ ][ ][ ][ ]
[ ][ ][ ][ ][ ][ ][ ]
[ ][ ][ ][1][ ][ ][ ]
[ ][ ][ ][2][1][2][ ]
[2][2][ ][1][1][1][ ]

Player 2 Move (Score: -42400):
Current player: 1
[ ][ ][ ][ ][ ][ ][ ]
[ ][ ][ ][ ][ ][ ][ ]
[ ][ ][ ][2][ ][ ][ ]
[ ][ ][ ][1][ ][ ][ ]
[ ][ ][ ][2][1][2][ ]
[2][2][ ][1][1][1][ ]

Player 1 Move (Score: 42050):
Current player: 2
[ ][ ][ ][ ][ ][ ][ ]
[ ][ ][ ][ ][ ][ ][ ]
[ ][ ][ ][2][ ][ ][ ]
[ ][ ][ ][1][1][ ][ ]
[ ][ ][ ][2][1][2][ ]
[2][2][ ][1][1][1][ ]

Player 2 Move (Score: -52550):
Current player: 1
[ ][ ][ ][ ][ ][ ][ ]
[ ][ ][ ][2][ ][ ][ ]
[ ][ ][ ][2][ ][ ][ ]
[ ][ ][ ][1][1][ ][ ]
[ ][ ][ ][2][1][2][ ]
[2][2][ ][1][1][1][ ]

Player 1 Move (Score: 52200):
Current player: 2
[ ][ ][ ][ ][ ][ ][ ]
[ ][ ][ ][2][ ][ ][ ]
[ ][ ][ ][2][ ][ ][ ]
[ ][ ][ ][1][1][1][ ]
[ ][ ][ ][2][1][2][ ]
[2][2][ ][1][1][1][ ]

Player 2 Move (Score: -74400):
Current player: 1
[ ][ ][ ][ ][ ][ ][ ]
[ ][ ][ ][2][ ][ ][ ]
[ ][ ][ ][2][ ][2][ ]
[ ][ ][ ][1][1][1][ ]
[ ][ ][ ][2][1][2][ ]
[2][2][ ][1][1][1][ ]

Player 1 Move (Score: 50300):
Current player: 2
[ ][ ][ ][1][ ][ ][ ]
[ ][ ][ ][2][ ][ ][ ]
[ ][ ][ ][2][ ][2][ ]
[ ][ ][ ][1][1][1][ ]
[ ][ ][ ][2][1][2][ ]
[2][2][ ][1][1][1][ ]

Player 2 Move (Score: -74400):
Current player: 1
[ ][ ][ ][1][ ][ ][ ]
[ ][ ][ ][2][ ][2][ ]
[ ][ ][ ][2][ ][2][ ]
[ ][ ][ ][1][1][1][ ]
[ ][ ][ ][2][1][2][ ]
[2][2][ ][1][1][1][ ]

Player 1 Move (Score: 50200):
Current player: 2
[ ][ ][ ][1][ ][ ][ ]
[ ][ ][ ][2][ ][2][ ]
[ ][ ][ ][2][ ][2][ ]
[ ][ ][ ][1][1][1][ ]
[1][ ][ ][2][1][2][ ]
[2][2][ ][1][1][1][ ]

Player 2 Move (Score: -74400):
Current player: 1
[ ][ ][ ][1][ ][ ][ ]
[ ][ ][ ][2][ ][2][ ]
[ ][ ][ ][2][ ][2][ ]
[2][ ][ ][1][1][1][ ]
[1][ ][ ][2][1][2][ ]
[2][2][ ][1][1][1][ ]

Player 1 Move (Score: 50200):
Current player: 2
[ ][ ][ ][1][ ][1][ ]
[ ][ ][ ][2][ ][2][ ]
[ ][ ][ ][2][ ][2][ ]
[2][ ][ ][1][1][1][ ]
[1][ ][ ][2][1][2][ ]
[2][2][ ][1][1][1][ ]

Player 2 Move (Score: -74300):
Current player: 1
[ ][ ][ ][1][ ][1][ ]
[ ][ ][ ][2][ ][2][ ]
[2][ ][ ][2][ ][2][ ]
[2][ ][ ][1][1][1][ ]
[1][ ][ ][2][1][2][ ]
[2][2][ ][1][1][1][ ]

Player 1 Move (Score: 50200):
Current player: 2
[ ][ ][ ][1][ ][1][ ]
[1][ ][ ][2][ ][2][ ]
[2][ ][ ][2][ ][2][ ]
[2][ ][ ][1][1][1][ ]
[1][ ][ ][2][1][2][ ]
[2][2][ ][1][1][1][ ]

Player 2 Move (Score: -74400):
Current player: 1
[2][ ][ ][1][ ][1][ ]
[1][ ][ ][2][ ][2][ ]
[2][ ][ ][2][ ][2][ ]
[2][ ][ ][1][1][1][ ]
[1][ ][ ][2][1][2][ ]
[2][2][ ][1][1][1][ ]

Player 1 Move (Score: 50200):
Current player: 2
[2][ ][ ][1][ ][1][ ]
[1][ ][ ][2][ ][2][ ]
[2][ ][ ][2][ ][2][ ]
[2][ ][ ][1][1][1][ ]
[1][1][ ][2][1][2][ ]
[2][2][ ][1][1][1][ ]

Player 2 Move (Score: -74300):
Current player: 1
[2][ ][ ][1][ ][1][ ]
[1][ ][ ][2][ ][2][ ]
[2][ ][ ][2][ ][2][ ]
[2][2][ ][1][1][1][ ]
[1][1][ ][2][1][2][ ]
[2][2][ ][1][1][1][ ]

Player 1 Move (Score: 50200):
Current player: 2
[2][ ][ ][1][ ][1][ ]
[1][ ][ ][2][ ][2][ ]
[2][1][ ][2][ ][2][ ]
[2][2][ ][1][1][1][ ]
[1][1][ ][2][1][2][ ]
[2][2][ ][1][1][1][ ]

Player 2 Move (Score: -74100):
Current player: 1
[2][ ][ ][1][ ][1][ ]
[1][2][ ][2][ ][2][ ]
[2][1][ ][2][ ][2][ ]
[2][2][ ][1][1][1][ ]
[1][1][ ][2][1][2][ ]
[2][2][ ][1][1][1][ ]

Player 1 Move (Score: 50000):
Current player: 2
[2][1][ ][1][ ][1][ ]
[1][2][ ][2][ ][2][ ]
[2][1][ ][2][ ][2][ ]
[2][2][ ][1][1][1][ ]
[1][1][ ][2][1][2][ ]
[2][2][ ][1][1][1][ ]

Player 2 Move (Score: -72100):
Current player: 1
[2][1][ ][1][ ][1][ ]
[1][2][ ][2][ ][2][ ]
[2][1][ ][2][ ][2][ ]
[2][2][ ][1][1][1][ ]
[1][1][ ][2][1][2][ ]
[2][2][ ][1][1][1][2]

Player 1 Move (Score: -2060100):
Current player: 2
[2][1][ ][1][ ][1][ ]
[1][2][ ][2][ ][2][ ]
[2][1][ ][2][ ][2][ ]
[2][2][ ][1][1][1][ ]
[1][1][ ][2][1][2][1]
[2][2][ ][1][1][1][2]

Player 2 Move (Score: -2060100):
Current player: 1
[2][1][ ][1][ ][1][ ]
[1][2][ ][2][ ][2][ ]
[2][1][ ][2][ ][2][ ]
[2][2][ ][1][1][1][2]
[1][1][ ][2][1][2][1]
[2][2][ ][1][1][1][2]

Player 1 Move (Score: -2060100):
Current player: 2
[2][1][ ][1][ ][1][ ]
[1][2][ ][2][ ][2][ ]
[2][1][ ][2][ ][2][ ]
[2][2][ ][1][1][1][2]
[1][1][ ][2][1][2][1]
[2][2][1][1][1][1][2]

Result: Player 1 Wins

