Simulating game 1/10 (Player 1 Depth: 4, Player 2 Depth: 3)
Player 1 Move (Score: 0):
Current player: 2
[ ][ ][ ][ ][ ][ ][ ]
[ ][ ][ ][ ][ ][ ][ ]
[ ][ ][ ][ ][ ][ ][ ]
[ ][ ][ ][ ][ ][ ][ ]
[ ][ ][ ][ ][ ][ ][ ]
[ ][ ][ ][ ][ ][1][ ]

Player 2 Move (Score: -30):
Current player: 1
[ ][ ][ ][ ][ ][ ][ ]
[ ][ ][ ][ ][ ][ ][ ]
[ ][ ][ ][ ][ ][ ][ ]
[ ][ ][ ][ ][ ][ ][ ]
[ ][ ][ ][ ][ ][ ][ ]
[ ][ ][ ][2][ ][1][ ]

Player 1 Move (Score: -100):
Current player: 2
[ ][ ][ ][ ][ ][ ][ ]
[ ][ ][ ][ ][ ][ ][ ]
[ ][ ][ ][ ][ ][ ][ ]
[ ][ ][ ][ ][ ][ ][ ]
[ ][ ][ ][ ][ ][ ][ ]
[ ][ ][ ][2][ ][1][1]

Player 2 Move (Score: -300):
Current player: 1
[ ][ ][ ][ ][ ][ ][ ]
[ ][ ][ ][ ][ ][ ][ ]
[ ][ ][ ][ ][ ][ ][ ]
[ ][ ][ ][ ][ ][ ][ ]
[ ][ ][ ][2][ ][ ][ ]
[ ][ ][ ][2][ ][1][1]

Player 1 Move (Score: -450):
Current player: 2
[ ][ ][ ][ ][ ][ ][ ]
[ ][ ][ ][ ][ ][ ][ ]
[ ][ ][ ][ ][ ][ ][ ]
[ ][ ][ ][ ][ ][ ][ ]
[ ][ ][ ][2][ ][ ][ ]
[ ][ ][ ][2][1][1][1]

Player 2 Move (Score: -10100):
Current player: 1
[ ][ ][ ][ ][ ][ ][ ]
[ ][ ][ ][ ][ ][ ][ ]
[ ][ ][ ][ ][ ][ ][ ]
[ ][ ][ ][ ][ ][ ][ ]
[ ][ ][ ][2][2][ ][ ]
[ ][ ][ ][2][1][1][1]

Player 1 Move (Score: -10400):
Current player: 2
[ ][ ][ ][ ][ ][ ][ ]
[ ][ ][ ][ ][ ][ ][ ]
[ ][ ][ ][ ][ ][ ][ ]
[ ][ ][ ][ ][ ][ ][ ]
[ ][ ][ ][2][2][ ][1]
[ ][ ][ ][2][1][1][1]

Player 2 Move (Score: -10400):
Current player: 1
[ ][ ][ ][ ][ ][ ][ ]
[ ][ ][ ][ ][ ][ ][ ]
[ ][ ][ ][ ][ ][ ][ ]
[ ][ ][ ][ ][ ][ ][ ]
[ ][ ][ ][2][2][2][1]
[ ][ ][ ][2][1][1][1]

Player 1 Move (Score: -20100):
Current player: 2
[ ][ ][ ][ ][ ][ ][ ]
[ ][ ][ ][ ][ ][ ][ ]
[ ][ ][ ][ ][ ][ ][ ]
[ ][ ][ ][ ][ ][1][ ]
[ ][ ][ ][2][2][2][1]
[ ][ ][ ][2][1][1][1]

Player 2 Move (Score: -20100):
Current player: 1
[ ][ ][ ][ ][ ][ ][ ]
[ ][ ][ ][ ][ ][ ][ ]
[ ][ ][ ][ ][ ][2][ ]
[ ][ ][ ][ ][ ][1][ ]
[ ][ ][ ][2][2][2][1]
[ ][ ][ ][2][1][1][1]

Player 1 Move (Score: -10480):
Current player: 2
[ ][ ][ ][ ][ ][ ][ ]
[ ][ ][ ][ ][ ][ ][ ]
[ ][ ][ ][ ][ ][2][ ]
[ ][ ][ ][ ][1][1][ ]
[ ][ ][ ][2][2][2][1]
[ ][ ][ ][2][1][1][1]

Player 2 Move (Score: -10480):
Current player: 1
[ ][ ][ ][ ][ ][ ][ ]
[ ][ ][ ][ ][ ][ ][ ]
[ ][ ][ ][ ][ ][2][ ]
[ ][ ][ ][2][1][1][ ]
[ ][ ][ ][2][2][2][1]
[ ][ ][ ][2][1][1][1]

Player 1 Move (Score: -10400):
Current player: 2
[ ][ ][ ][ ][ ][ ][ ]
[ ][ ][ ][ ][ ][ ][ ]
[ ][ ][ ][1][ ][2][ ]
[ ][ ][ ][2][1][1][ ]
[ ][ ][ ][2][2][2][1]
[ ][ ][ ][2][1][1][1]

Player 2 Move (Score: -10400):
Current player: 1
[ ][ ][ ][ ][ ][ ][ ]
[ ][ ][ ][ ][ ][ ][ ]
[ ][ ][ ][1][2][2][ ]
[ ][ ][ ][2][1][1][ ]
[ ][ ][ ][2][2][2][1]
[ ][ ][ ][2][1][1][1]

Player 1 Move (Score: -10300):
Current player: 2
[ ][ ][ ][ ][ ][ ][ ]
[ ][ ][ ][ ][ ][ ][ ]
[ ][ ][ ][1][2][2][ ]
[ ][ ][ ][2][1][1][1]
[ ][ ][ ][2][2][2][1]
[ ][ ][ ][2][1][1][1]

Player 2 Move (Score: -43940):
Current player: 1
[ ][ ][ ][ ][ ][ ][ ]
[ ][ ][ ][ ][ ][ ][ ]
[ ][ ][ ][1][2][2][2]
[ ][ ][ ][2][1][1][1]
[ ][ ][ ][2][2][2][1]
[ ][ ][ ][2][1][1][1]

Player 1 Move (Score: -10300):
Current player: 2
[ ][ ][ ][ ][ ][ ][ ]
[ ][ ][ ][ ][ ][ ][1]
[ ][ ][ ][1][2][2][2]
[ ][ ][ ][2][1][1][1]
[ ][ ][ ][2][2][2][1]
[ ][ ][ ][2][1][1][1]

Player 2 Move (Score: -30400):
Current player: 1
[ ][ ][ ][ ][ ][ ][ ]
[ ][ ][ ][ ][ ][2][1]
[ ][ ][ ][1][2][2][2]
[ ][ ][ ][2][1][1][1]
[ ][ ][ ][2][2][2][1]
[ ][ ][ ][2][1][1][1]

Player 1 Move (Score: -30400):
Current player: 2
[ ][ ][ ][ ][ ][ ][1]
[ ][ ][ ][ ][ ][2][1]
[ ][ ][ ][1][2][2][2]
[ ][ ][ ][2][1][1][1]
[ ][ ][ ][2][2][2][1]
[ ][ ][ ][2][1][1][1]

Player 2 Move (Score: -30400):
Current player: 1
[ ][ ][ ][ ][ ][ ][1]
[ ][ ][ ][ ][2][2][1]
[ ][ ][ ][1][2][2][2]
[ ][ ][ ][2][1][1][1]
[ ][ ][ ][2][2][2][1]
[ ][ ][ ][2][1][1][1]

Player 1 Move (Score: -30330):
Current player: 2
[ ][ ][ ][ ][ ][ ][1]
[ ][ ][ ][1][2][2][1]
[ ][ ][ ][1][2][2][2]
[ ][ ][ ][2][1][1][1]
[ ][ ][ ][2][2][2][1]
[ ][ ][ ][2][1][1][1]

Player 2 Move (Score: -30330):
Current player: 1
[ ][ ][ ][ ][2][ ][1]
[ ][ ][ ][1][2][2][1]
[ ][ ][ ][1][2][2][2]
[ ][ ][ ][2][1][1][1]
[ ][ ][ ][2][2][2][1]
[ ][ ][ ][2][1][1][1]

Player 1 Move (Score: -30300):
Current player: 2
[ ][ ][ ][1][2][ ][1]
[ ][ ][ ][1][2][2][1]
[ ][ ][ ][1][2][2][2]
[ ][ ][ ][2][1][1][1]
[ ][ ][ ][2][2][2][1]
[ ][ ][ ][2][1][1][1]

Player 2 Move (Score: -30300):
Current player: 1
[ ][ ][ ][1][2][ ][1]
[ ][ ][ ][1][2][2][1]
[ ][ ][ ][1][2][2][2]
[ ][ ][ ][2][1][1][1]
[ ][ ][ ][2][2][2][1]
[2][ ][ ][2][1][1][1]

Player 1 Move (Score: -30200):
Current player: 2
[ ][ ][ ][1][2][ ][1]
[ ][ ][ ][1][2][2][1]
[ ][ ][ ][1][2][2][2]
[ ][ ][ ][2][1][1][1]
[ ][ ][ ][2][2][2][1]
[2][1][ ][2][1][1][1]

Player 2 Move (Score: -30200):
Current player: 1
[ ][ ][ ][1][2][ ][1]
[ ][ ][ ][1][2][2][1]
[ ][ ][ ][1][2][2][2]
[ ][ ][ ][2][1][1][1]
[2][ ][ ][2][2][2][1]
[2][1][ ][2][1][1][1]

Player 1 Move (Score: -30100):
Current player: 2
[ ][ ][ ][1][2][ ][1]
[ ][ ][ ][1][2][2][1]
[ ][ ][ ][1][2][2][2]
[1][ ][ ][2][1][1][1]
[2][ ][ ][2][2][2][1]
[2][1][ ][2][1][1][1]

Player 2 Move (Score: -30100):
Current player: 1
[ ][ ][ ][1][2][2][1]
[ ][ ][ ][1][2][2][1]
[ ][ ][ ][1][2][2][2]
[1][ ][ ][2][1][1][1]
[2][ ][ ][2][2][2][1]
[2][1][ ][2][1][1][1]

Player 1 Move (Score: -30100):
Current player: 2
[ ][ ][ ][1][2][2][1]
[ ][ ][ ][1][2][2][1]
[1][ ][ ][1][2][2][2]
[1][ ][ ][2][1][1][1]
[2][ ][ ][2][2][2][1]
[2][1][ ][2][1][1][1]

Player 2 Move (Score: -30100):
Current player: 1
[ ][ ][ ][1][2][2][1]
[ ][ ][ ][1][2][2][1]
[1][ ][ ][1][2][2][2]
[1][ ][ ][2][1][1][1]
[2][2][ ][2][2][2][1]
[2][1][ ][2][1][1][1]

Player 1 Move (Score: -30000):
Current player: 2
[ ][ ][ ][1][2][2][1]
[ ][ ][ ][1][2][2][1]
[1][ ][ ][1][2][2][2]
[1][1][ ][2][1][1][1]
[2][2][ ][2][2][2][1]
[2][1][ ][2][1][1][1]

Player 2 Move (Score: -30000):
Current player: 1
[ ][ ][ ][1][2][2][1]
[2][ ][ ][1][2][2][1]
[1][ ][ ][1][2][2][2]
[1][1][ ][2][1][1][1]
[2][2][ ][2][2][2][1]
[2][1][ ][2][1][1][1]

Player 1 Move (Score: -30000):
Current player: 2
[1][ ][ ][1][2][2][1]
[2][ ][ ][1][2][2][1]
[1][ ][ ][1][2][2][2]
[1][1][ ][2][1][1][1]
[2][2][ ][2][2][2][1]
[2][1][ ][2][1][1][1]

Player 2 Move (Score: -30000):
Current player: 1
[1][ ][ ][1][2][2][1]
[2][ ][ ][1][2][2][1]
[1][2][ ][1][2][2][2]
[1][1][ ][2][1][1][1]
[2][2][ ][2][2][2][1]
[2][1][ ][2][1][1][1]

Player 1 Move (Score: -10000000):
Current player: 2
[1][ ][ ][1][2][2][1]
[2][1][ ][1][2][2][1]
[1][2][ ][1][2][2][2]
[1][1][ ][2][1][1][1]
[2][2][ ][2][2][2][1]
[2][1][ ][2][1][1][1]

Player 2 Move (Score: -10000000):
Current player: 1
[1][2][ ][1][2][2][1]
[2][1][ ][1][2][2][1]
[1][2][ ][1][2][2][2]
[1][1][ ][2][1][1][1]
[2][2][ ][2][2][2][1]
[2][1][ ][2][1][1][1]

Player 1 Move (Score: -10000000):
Current player: 2
[1][2][ ][1][2][2][1]
[2][1][ ][1][2][2][1]
[1][2][ ][1][2][2][2]
[1][1][ ][2][1][1][1]
[2][2][ ][2][2][2][1]
[2][1][1][2][1][1][1]

Player 2 Move (Score: -10000000):
Current player: 1
[1][2][ ][1][2][2][1]
[2][1][ ][1][2][2][1]
[1][2][ ][1][2][2][2]
[1][1][ ][2][1][1][1]
[2][2][2][2][2][2][1]
[2][1][1][2][1][1][1]

Result: Player 2 Wins

Simulating game 2/10 (Player 1 Depth: 4, Player 2 Depth: 3)
Player 1 Move (Score: 0):
Current player: 2
[ ][ ][ ][ ][ ][ ][ ]
[ ][ ][ ][ ][ ][ ][ ]
[ ][ ][ ][ ][ ][ ][ ]
[ ][ ][ ][ ][ ][ ][ ]
[ ][ ][ ][ ][ ][ ][ ]
[ ][ ][ ][ ][ ][1][ ]

Player 2 Move (Score: -30):
Current player: 1
[ ][ ][ ][ ][ ][ ][ ]
[ ][ ][ ][ ][ ][ ][ ]
[ ][ ][ ][ ][ ][ ][ ]
[ ][ ][ ][ ][ ][ ][ ]
[ ][ ][ ][ ][ ][ ][ ]
[ ][ ][ ][2][ ][1][ ]

Player 1 Move (Score: -100):
Current player: 2
[ ][ ][ ][ ][ ][ ][ ]
[ ][ ][ ][ ][ ][ ][ ]
[ ][ ][ ][ ][ ][ ][ ]
[ ][ ][ ][ ][ ][ ][ ]
[ ][ ][ ][ ][ ][1][ ]
[ ][ ][ ][2][ ][1][ ]

Player 2 Move (Score: -100):
Current player: 1
[ ][ ][ ][ ][ ][ ][ ]
[ ][ ][ ][ ][ ][ ][ ]
[ ][ ][ ][ ][ ][ ][ ]
[ ][ ][ ][ ][ ][ ][ ]
[ ][ ][ ][ ][ ][1][ ]
[ ][ ][2][2][ ][1][ ]

Player 1 Move (Score: -200):
Current player: 2
[ ][ ][ ][ ][ ][ ][ ]
[ ][ ][ ][ ][ ][ ][ ]
[ ][ ][ ][ ][ ][ ][ ]
[ ][ ][ ][ ][ ][1][ ]
[ ][ ][ ][ ][ ][1][ ]
[ ][ ][2][2][ ][1][ ]

Player 2 Move (Score: -1989900):
Current player: 1
[ ][ ][ ][ ][ ][ ][ ]
[ ][ ][ ][ ][ ][ ][ ]
[ ][ ][ ][ ][ ][ ][ ]
[ ][ ][ ][ ][ ][1][ ]
[ ][ ][ ][ ][ ][1][ ]
[ ][2][2][2][ ][1][ ]

Player 1 Move (Score: -1989900):
Current player: 2
[ ][ ][ ][ ][ ][ ][ ]
[ ][ ][ ][ ][ ][ ][ ]
[ ][ ][ ][ ][ ][ ][ ]
[ ][ ][ ][ ][ ][1][ ]
[ ][ ][ ][ ][ ][1][ ]
[ ][2][2][2][1][1][ ]

Player 2 Move (Score: -1989900):
Current player: 1
[ ][ ][ ][ ][ ][ ][ ]
[ ][ ][ ][ ][ ][ ][ ]
[ ][ ][ ][ ][ ][ ][ ]
[ ][ ][ ][ ][ ][1][ ]
[ ][ ][ ][ ][ ][1][ ]
[2][2][2][2][1][1][ ]

Result: Player 2 Wins

Simulating game 3/10 (Player 1 Depth: 4, Player 2 Depth: 3)
Player 1 Move (Score: 0):
Current player: 2
[ ][ ][ ][ ][ ][ ][ ]
[ ][ ][ ][ ][ ][ ][ ]
[ ][ ][ ][ ][ ][ ][ ]
[ ][ ][ ][ ][ ][ ][ ]
[ ][ ][ ][ ][ ][ ][ ]
[ ][ ][ ][ ][1][ ][ ]

Player 2 Move (Score: -100):
Current player: 1
[ ][ ][ ][ ][ ][ ][ ]
[ ][ ][ ][ ][ ][ ][ ]
[ ][ ][ ][ ][ ][ ][ ]
[ ][ ][ ][ ][ ][ ][ ]
[ ][ ][ ][ ][2][ ][ ]
[ ][ ][ ][ ][1][ ][ ]

Player 1 Move (Score: -100):
Current player: 2
[ ][ ][ ][ ][ ][ ][ ]
[ ][ ][ ][ ][ ][ ][ ]
[ ][ ][ ][ ][ ][ ][ ]
[ ][ ][ ][ ][ ][ ][ ]
[ ][ ][ ][ ][2][ ][ ]
[ ][ ][ ][ ][1][1][ ]

Player 2 Move (Score: -100):
Current player: 1
[ ][ ][ ][ ][ ][ ][ ]
[ ][ ][ ][ ][ ][ ][ ]
[ ][ ][ ][ ][ ][ ][ ]
[ ][ ][ ][ ][ ][ ][ ]
[ ][ ][ ][ ][2][ ][ ]
[ ][ ][ ][2][1][1][ ]

Player 1 Move (Score: -260):
Current player: 2
[ ][ ][ ][ ][ ][ ][ ]
[ ][ ][ ][ ][ ][ ][ ]
[ ][ ][ ][ ][ ][ ][ ]
[ ][ ][ ][ ][ ][ ][ ]
[ ][ ][ ][1][2][ ][ ]
[ ][ ][ ][2][1][1][ ]

Player 2 Move (Score: -260):
Current player: 1
[ ][ ][ ][ ][ ][ ][ ]
[ ][ ][ ][ ][ ][ ][ ]
[ ][ ][ ][ ][ ][ ][ ]
[ ][ ][ ][ ][2][ ][ ]
[ ][ ][ ][1][2][ ][ ]
[ ][ ][ ][2][1][1][ ]

Player 1 Move (Score: -10100):
Current player: 2
[ ][ ][ ][ ][ ][ ][ ]
[ ][ ][ ][ ][ ][ ][ ]
[ ][ ][ ][ ][ ][ ][ ]
[ ][ ][ ][ ][2][ ][ ]
[ ][ ][ ][1][2][ ][ ]
[ ][ ][ ][2][1][1][1]

Player 2 Move (Score: -10100):
Current player: 1
[ ][ ][ ][ ][ ][ ][ ]
[ ][ ][ ][ ][ ][ ][ ]
[ ][ ][ ][ ][ ][ ][ ]
[ ][ ][ ][ ][2][ ][ ]
[ ][ ][ ][1][2][2][ ]
[ ][ ][ ][2][1][1][1]

Player 1 Move (Score: -10580):
Current player: 2
[ ][ ][ ][ ][ ][ ][ ]
[ ][ ][ ][ ][ ][ ][ ]
[ ][ ][ ][ ][ ][ ][ ]
[ ][ ][ ][ ][2][1][ ]
[ ][ ][ ][1][2][2][ ]
[ ][ ][ ][2][1][1][1]

Player 2 Move (Score: -10580):
Current player: 1
[ ][ ][ ][ ][ ][ ][ ]
[ ][ ][ ][ ][ ][ ][ ]
[ ][ ][ ][ ][ ][ ][ ]
[ ][ ][ ][2][2][1][ ]
[ ][ ][ ][1][2][2][ ]
[ ][ ][ ][2][1][1][1]

Player 1 Move (Score: -9720):
Current player: 2
[ ][ ][ ][ ][ ][ ][ ]
[ ][ ][ ][ ][ ][ ][ ]
[ ][ ][ ][1][ ][ ][ ]
[ ][ ][ ][2][2][1][ ]
[ ][ ][ ][1][2][2][ ]
[ ][ ][ ][2][1][1][1]

Player 2 Move (Score: -9720):
Current player: 1
[ ][ ][ ][ ][ ][ ][ ]
[ ][ ][ ][ ][ ][ ][ ]
[ ][ ][ ][1][ ][ ][ ]
[ ][ ][ ][2][2][1][ ]
[ ][ ][ ][1][2][2][ ]
[ ][ ][2][2][1][1][1]

Player 1 Move (Score: 50):
Current player: 2
[ ][ ][ ][ ][ ][ ][ ]
[ ][ ][ ][ ][ ][ ][ ]
[ ][ ][ ][1][1][ ][ ]
[ ][ ][ ][2][2][1][ ]
[ ][ ][ ][1][2][2][ ]
[ ][ ][2][2][1][1][1]

Player 2 Move (Score: 50):
Current player: 1
[ ][ ][ ][ ][ ][ ][ ]
[ ][ ][ ][ ][ ][ ][ ]
[ ][ ][ ][1][1][ ][ ]
[ ][ ][ ][2][2][1][ ]
[ ][ ][ ][1][2][2][ ]
[ ][2][2][2][1][1][1]

Player 1 Move (Score: 1650):
Current player: 2
[ ][ ][ ][ ][ ][ ][ ]
[ ][ ][ ][ ][ ][ ][ ]
[ ][ ][ ][1][1][ ][ ]
[ ][ ][ ][2][2][1][ ]
[ ][ ][ ][1][2][2][ ]
[1][2][2][2][1][1][1]

Player 2 Move (Score: 1650):
Current player: 1
[ ][ ][ ][ ][ ][ ][ ]
[ ][ ][ ][ ][ ][ ][ ]
[ ][ ][ ][1][1][ ][ ]
[ ][ ][ ][2][2][1][ ]
[ ][ ][2][1][2][2][ ]
[1][2][2][2][1][1][1]

Player 1 Move (Score: 30130):
Current player: 2
[ ][ ][ ][ ][ ][ ][ ]
[ ][ ][ ][ ][1][ ][ ]
[ ][ ][ ][1][1][ ][ ]
[ ][ ][ ][2][2][1][ ]
[ ][ ][2][1][2][2][ ]
[1][2][2][2][1][1][1]

Player 2 Move (Score: 130):
Current player: 1
[ ][ ][ ][ ][ ][ ][ ]
[ ][ ][ ][ ][1][ ][ ]
[ ][ ][ ][1][1][ ][ ]
[ ][ ][2][2][2][1][ ]
[ ][ ][2][1][2][2][ ]
[1][2][2][2][1][1][1]

Player 1 Move (Score: 0):
Current player: 2
[ ][ ][ ][ ][ ][ ][ ]
[ ][ ][ ][ ][1][ ][ ]
[ ][ ][1][1][1][ ][ ]
[ ][ ][2][2][2][1][ ]
[ ][ ][2][1][2][2][ ]
[1][2][2][2][1][1][1]

Player 2 Move (Score: 0):
Current player: 1
[ ][ ][ ][ ][ ][ ][ ]
[ ][ ][ ][2][1][ ][ ]
[ ][ ][1][1][1][ ][ ]
[ ][ ][2][2][2][1][ ]
[ ][ ][2][1][2][2][ ]
[1][2][2][2][1][1][1]

Player 1 Move (Score: 0):
Current player: 2
[ ][ ][ ][ ][ ][ ][ ]
[ ][ ][ ][2][1][ ][ ]
[ ][ ][1][1][1][ ][ ]
[ ][ ][2][2][2][1][ ]
[1][ ][2][1][2][2][ ]
[1][2][2][2][1][1][1]

Player 2 Move (Score: 0):
Current player: 1
[ ][ ][ ][ ][ ][ ][ ]
[ ][ ][ ][2][1][ ][ ]
[ ][ ][1][1][1][2][ ]
[ ][ ][2][2][2][1][ ]
[1][ ][2][1][2][2][ ]
[1][2][2][2][1][1][1]

Player 1 Move (Score: 0):
Current player: 2
[ ][ ][ ][ ][ ][ ][ ]
[ ][ ][ ][2][1][ ][ ]
[ ][ ][1][1][1][2][ ]
[ ][ ][2][2][2][1][ ]
[1][ ][2][1][2][2][1]
[1][2][2][2][1][1][1]

Player 2 Move (Score: 0):
Current player: 1
[ ][ ][ ][ ][ ][ ][ ]
[ ][ ][ ][2][1][ ][ ]
[ ][ ][1][1][1][2][ ]
[2][ ][2][2][2][1][ ]
[1][ ][2][1][2][2][1]
[1][2][2][2][1][1][1]

Player 1 Move (Score: 0):
Current player: 2
[ ][ ][ ][ ][ ][ ][ ]
[ ][ ][ ][2][1][1][ ]
[ ][ ][1][1][1][2][ ]
[2][ ][2][2][2][1][ ]
[1][ ][2][1][2][2][1]
[1][2][2][2][1][1][1]

Player 2 Move (Score: -100):
Current player: 1
[ ][ ][ ][ ][ ][ ][ ]
[ ][ ][2][2][1][1][ ]
[ ][ ][1][1][1][2][ ]
[2][ ][2][2][2][1][ ]
[1][ ][2][1][2][2][1]
[1][2][2][2][1][1][1]

Player 1 Move (Score: -50):
Current player: 2
[ ][ ][ ][ ][1][ ][ ]
[ ][ ][2][2][1][1][ ]
[ ][ ][1][1][1][2][ ]
[2][ ][2][2][2][1][ ]
[1][ ][2][1][2][2][1]
[1][2][2][2][1][1][1]

Player 2 Move (Score: -10000):
Current player: 1
[ ][ ][ ][ ][1][ ][ ]
[ ][ ][2][2][1][1][ ]
[ ][ ][1][1][1][2][ ]
[2][ ][2][2][2][1][ ]
[1][2][2][1][2][2][1]
[1][2][2][2][1][1][1]

Player 1 Move (Score: -1990000):
Current player: 2
[ ][ ][ ][ ][1][ ][ ]
[ ][ ][2][2][1][1][ ]
[ ][ ][1][1][1][2][ ]
[2][1][2][2][2][1][ ]
[1][2][2][1][2][2][1]
[1][2][2][2][1][1][1]

Player 2 Move (Score: -1990000):
Current player: 1
[ ][ ][ ][2][1][ ][ ]
[ ][ ][2][2][1][1][ ]
[ ][ ][1][1][1][2][ ]
[2][1][2][2][2][1][ ]
[1][2][2][1][2][2][1]
[1][2][2][2][1][1][1]

Player 1 Move (Score: -2000000):
Current player: 2
[ ][ ][ ][2][1][ ][ ]
[ ][ ][2][2][1][1][ ]
[1][ ][1][1][1][2][ ]
[2][1][2][2][2][1][ ]
[1][2][2][1][2][2][1]
[1][2][2][2][1][1][1]

Player 2 Move (Score: -2000000):
Current player: 1
[ ][ ][ ][2][1][ ][ ]
[ ][ ][2][2][1][1][ ]
[1][2][1][1][1][2][ ]
[2][1][2][2][2][1][ ]
[1][2][2][1][2][2][1]
[1][2][2][2][1][1][1]

Result: Player 2 Wins

Simulating game 4/10 (Player 1 Depth: 4, Player 2 Depth: 3)
Player 1 Move (Score: 0):
Current player: 2
[ ][ ][ ][ ][ ][ ][ ]
[ ][ ][ ][ ][ ][ ][ ]
[ ][ ][ ][ ][ ][ ][ ]
[ ][ ][ ][ ][ ][ ][ ]
[ ][ ][ ][ ][ ][ ][ ]
[ ][ ][ ][ ][ ][ ][1]

Player 2 Move (Score: -50):
Current player: 1
[ ][ ][ ][ ][ ][ ][ ]
[ ][ ][ ][ ][ ][ ][ ]
[ ][ ][ ][ ][ ][ ][ ]
[ ][ ][ ][ ][ ][ ][ ]
[ ][ ][ ][ ][ ][ ][ ]
[ ][ ][ ][2][ ][ ][1]

Player 1 Move (Score: -250):
Current player: 2
[ ][ ][ ][ ][ ][ ][ ]
[ ][ ][ ][ ][ ][ ][ ]
[ ][ ][ ][ ][ ][ ][ ]
[ ][ ][ ][ ][ ][ ][ ]
[ ][ ][ ][ ][ ][ ][ ]
[ ][ ][1][2][ ][ ][1]

Player 2 Move (Score: -250):
Current player: 1
[ ][ ][ ][ ][ ][ ][ ]
[ ][ ][ ][ ][ ][ ][ ]
[ ][ ][ ][ ][ ][ ][ ]
[ ][ ][ ][ ][ ][ ][ ]
[ ][ ][ ][2][ ][ ][ ]
[ ][ ][1][2][ ][ ][1]

Player 1 Move (Score: -150):
Current player: 2
[ ][ ][ ][ ][ ][ ][ ]
[ ][ ][ ][ ][ ][ ][ ]
[ ][ ][ ][ ][ ][ ][ ]
[ ][ ][ ][ ][ ][ ][ ]
[ ][ ][ ][2][ ][ ][1]
[ ][ ][1][2][ ][ ][1]

Player 2 Move (Score: -480):
Current player: 1
[ ][ ][ ][ ][ ][ ][ ]
[ ][ ][ ][ ][ ][ ][ ]
[ ][ ][ ][ ][ ][ ][ ]
[ ][ ][ ][ ][ ][ ][ ]
[ ][ ][2][2][ ][ ][1]
[ ][ ][1][2][ ][ ][1]

Player 1 Move (Score: -2500):
Current player: 2
[ ][ ][ ][ ][ ][ ][ ]
[ ][ ][ ][ ][ ][ ][ ]
[ ][ ][ ][ ][ ][ ][ ]
[ ][ ][ ][ ][ ][ ][1]
[ ][ ][2][2][ ][ ][1]
[ ][ ][1][2][ ][ ][1]

Player 2 Move (Score: -2500):
Current player: 1
[ ][ ][ ][ ][ ][ ][ ]
[ ][ ][ ][ ][ ][ ][ ]
[ ][ ][ ][ ][ ][ ][ ]
[ ][ ][2][ ][ ][ ][1]
[ ][ ][2][2][ ][ ][1]
[ ][ ][1][2][ ][ ][1]

Player 1 Move (Score: -12400):
Current player: 2
[ ][ ][ ][ ][ ][ ][ ]
[ ][ ][ ][ ][ ][ ][ ]
[ ][ ][ ][ ][ ][ ][ ]
[ ][ ][2][ ][ ][ ][1]
[ ][ ][2][2][ ][ ][1]
[ ][ ][1][2][1][ ][1]

Player 2 Move (Score: -12400):
Current player: 1
[ ][ ][ ][ ][ ][ ][ ]
[ ][ ][ ][ ][ ][ ][ ]
[ ][ ][ ][ ][ ][ ][2]
[ ][ ][2][ ][ ][ ][1]
[ ][ ][2][2][ ][ ][1]
[ ][ ][1][2][1][ ][1]

Player 1 Move (Score: -12580):
Current player: 2
[ ][ ][ ][ ][ ][ ][ ]
[ ][ ][ ][ ][ ][ ][ ]
[ ][ ][ ][ ][ ][ ][2]
[ ][ ][2][1][ ][ ][1]
[ ][ ][2][2][ ][ ][1]
[ ][ ][1][2][1][ ][1]

Player 2 Move (Score: -12580):
Current player: 1
[ ][ ][ ][ ][ ][ ][ ]
[ ][ ][ ][ ][ ][ ][ ]
[ ][ ][ ][ ][ ][ ][2]
[ ][ ][2][1][ ][ ][1]
[ ][ ][2][2][2][ ][1]
[ ][ ][1][2][1][ ][1]

Player 1 Move (Score: -1980200):
Current player: 2
[ ][ ][ ][ ][ ][ ][ ]
[ ][ ][ ][ ][ ][ ][ ]
[ ][ ][ ][ ][ ][ ][2]
[ ][ ][2][1][1][ ][1]
[ ][ ][2][2][2][ ][1]
[ ][ ][1][2][1][ ][1]

Player 2 Move (Score: -1980200):
Current player: 1
[ ][ ][ ][ ][ ][ ][ ]
[ ][ ][ ][ ][ ][ ][ ]
[ ][ ][ ][ ][ ][ ][2]
[ ][ ][2][1][1][ ][1]
[ ][ ][2][2][2][ ][1]
[ ][ ][1][2][1][2][1]

Player 1 Move (Score: -1989520):
Current player: 2
[ ][ ][ ][ ][ ][ ][ ]
[ ][ ][ ][ ][ ][ ][ ]
[ ][ ][ ][ ][ ][ ][2]
[ ][ ][2][1][1][ ][1]
[ ][ ][2][2][2][1][1]
[ ][ ][1][2][1][2][1]

Player 2 Move (Score: -1989520):
Current player: 1
[ ][ ][ ][ ][ ][ ][ ]
[ ][ ][ ][ ][ ][ ][ ]
[ ][ ][ ][2][ ][ ][2]
[ ][ ][2][1][1][ ][1]
[ ][ ][2][2][2][1][1]
[ ][ ][1][2][1][2][1]

Player 1 Move (Score: -1989520):
Current player: 2
[ ][ ][ ][ ][ ][ ][ ]
[ ][ ][ ][ ][ ][ ][ ]
[ ][ ][ ][2][ ][ ][2]
[ ][ ][2][1][1][1][1]
[ ][ ][2][2][2][1][1]
[ ][ ][1][2][1][2][1]

Result: Player 1 Wins

Simulating game 5/10 (Player 1 Depth: 4, Player 2 Depth: 3)
Player 1 Move (Score: 0):
Current player: 2
[ ][ ][ ][ ][ ][ ][ ]
[ ][ ][ ][ ][ ][ ][ ]
[ ][ ][ ][ ][ ][ ][ ]
[ ][ ][ ][ ][ ][ ][ ]
[ ][ ][ ][ ][ ][ ][ ]
[ ][ ][ ][ ][ ][1][ ]

Player 2 Move (Score: -30):
Current player: 1
[ ][ ][ ][ ][ ][ ][ ]
[ ][ ][ ][ ][ ][ ][ ]
[ ][ ][ ][ ][ ][ ][ ]
[ ][ ][ ][ ][ ][ ][ ]
[ ][ ][ ][ ][ ][ ][ ]
[ ][ ][2][ ][ ][1][ ]

Player 1 Move (Score: -100):
Current player: 2
[ ][ ][ ][ ][ ][ ][ ]
[ ][ ][ ][ ][ ][ ][ ]
[ ][ ][ ][ ][ ][ ][ ]
[ ][ ][ ][ ][ ][ ][ ]
[ ][ ][ ][ ][ ][ ][ ]
[ ][ ][2][ ][1][1][ ]

Player 2 Move (Score: -200):
Current player: 1
[ ][ ][ ][ ][ ][ ][ ]
[ ][ ][ ][ ][ ][ ][ ]
[ ][ ][ ][ ][ ][ ][ ]
[ ][ ][ ][ ][ ][ ][ ]
[ ][ ][ ][ ][ ][ ][ ]
[ ][ ][2][2][1][1][ ]

Player 1 Move (Score: -200):
Current player: 2
[ ][ ][ ][ ][ ][ ][ ]
[ ][ ][ ][ ][ ][ ][ ]
[ ][ ][ ][ ][ ][ ][ ]
[ ][ ][ ][ ][ ][ ][ ]
[ ][ ][ ][1][ ][ ][ ]
[ ][ ][2][2][1][1][ ]

Player 2 Move (Score: -200):
Current player: 1
[ ][ ][ ][ ][ ][ ][ ]
[ ][ ][ ][ ][ ][ ][ ]
[ ][ ][ ][ ][ ][ ][ ]
[ ][ ][ ][2][ ][ ][ ]
[ ][ ][ ][1][ ][ ][ ]
[ ][ ][2][2][1][1][ ]

Player 1 Move (Score: -100):
Current player: 2
[ ][ ][ ][ ][ ][ ][ ]
[ ][ ][ ][ ][ ][ ][ ]
[ ][ ][ ][ ][ ][ ][ ]
[ ][ ][ ][2][ ][ ][ ]
[ ][ ][ ][1][ ][1][ ]
[ ][ ][2][2][1][1][ ]

Player 2 Move (Score: -10100):
Current player: 1
[ ][ ][ ][ ][ ][ ][ ]
[ ][ ][ ][ ][ ][ ][ ]
[ ][ ][ ][ ][ ][ ][ ]
[ ][ ][ ][2][ ][ ][ ]
[ ][ ][ ][1][ ][1][ ]
[ ][2][2][2][1][1][ ]

Player 1 Move (Score: -300):
Current player: 2
[ ][ ][ ][ ][ ][ ][ ]
[ ][ ][ ][ ][ ][ ][ ]
[ ][ ][ ][ ][ ][ ][ ]
[ ][ ][ ][2][ ][ ][ ]
[ ][ ][ ][1][ ][1][ ]
[1][2][2][2][1][1][ ]

Player 2 Move (Score: -300):
Current player: 1
[ ][ ][ ][ ][ ][ ][ ]
[ ][ ][ ][ ][ ][ ][ ]
[ ][ ][ ][ ][ ][ ][ ]
[ ][ ][ ][2][ ][ ][ ]
[ ][ ][ ][1][2][1][ ]
[1][2][2][2][1][1][ ]

Player 1 Move (Score: -230):
Current player: 2
[ ][ ][ ][ ][ ][ ][ ]
[ ][ ][ ][ ][ ][ ][ ]
[ ][ ][ ][ ][ ][ ][ ]
[ ][ ][ ][2][ ][1][ ]
[ ][ ][ ][1][2][1][ ]
[1][2][2][2][1][1][ ]

Player 2 Move (Score: -230):
Current player: 1
[ ][ ][ ][ ][ ][ ][ ]
[ ][ ][ ][ ][ ][ ][ ]
[ ][ ][ ][ ][ ][2][ ]
[ ][ ][ ][2][ ][1][ ]
[ ][ ][ ][1][2][1][ ]
[1][2][2][2][1][1][ ]

Player 1 Move (Score: -2200):
Current player: 2
[ ][ ][ ][ ][ ][ ][ ]
[ ][ ][ ][ ][ ][ ][ ]
[ ][ ][ ][ ][ ][2][ ]
[ ][ ][ ][2][ ][1][ ]
[ ][ ][1][1][2][1][ ]
[1][2][2][2][1][1][ ]

Player 2 Move (Score: -10100):
Current player: 1
[ ][ ][ ][ ][ ][ ][ ]
[ ][ ][ ][ ][ ][ ][ ]
[ ][ ][ ][ ][ ][2][ ]
[ ][ ][2][2][ ][1][ ]
[ ][ ][1][1][2][1][ ]
[1][2][2][2][1][1][ ]

Player 1 Move (Score: -10830):
Current player: 2
[ ][ ][ ][ ][ ][ ][ ]
[ ][ ][ ][ ][ ][ ][ ]
[ ][ ][ ][ ][ ][2][ ]
[ ][ ][2][2][1][1][ ]
[ ][ ][1][1][2][1][ ]
[1][2][2][2][1][1][ ]

Player 2 Move (Score: -10830):
Current player: 1
[ ][ ][ ][ ][ ][ ][ ]
[ ][ ][ ][ ][ ][ ][ ]
[ ][ ][ ][2][ ][2][ ]
[ ][ ][2][2][1][1][ ]
[ ][ ][1][1][2][1][ ]
[1][2][2][2][1][1][ ]

Player 1 Move (Score: -30600):
Current player: 2
[ ][ ][ ][ ][ ][ ][ ]
[ ][ ][ ][ ][ ][ ][ ]
[ ][ ][1][2][ ][2][ ]
[ ][ ][2][2][1][1][ ]
[ ][ ][1][1][2][1][ ]
[1][2][2][2][1][1][ ]

Player 2 Move (Score: -30600):
Current player: 1
[ ][ ][ ][ ][ ][ ][ ]
[ ][ ][ ][ ][ ][ ][ ]
[ ][ ][1][2][2][2][ ]
[ ][ ][2][2][1][1][ ]
[ ][ ][1][1][2][1][ ]
[1][2][2][2][1][1][ ]

Player 1 Move (Score: -40000):
Current player: 2
[ ][ ][ ][ ][ ][ ][ ]
[ ][ ][ ][ ][1][ ][ ]
[ ][ ][1][2][2][2][ ]
[ ][ ][2][2][1][1][ ]
[ ][ ][1][1][2][1][ ]
[1][2][2][2][1][1][ ]

Player 2 Move (Score: -40000):
Current player: 1
[ ][ ][ ][ ][ ][ ][ ]
[ ][ ][ ][2][1][ ][ ]
[ ][ ][1][2][2][2][ ]
[ ][ ][2][2][1][1][ ]
[ ][ ][1][1][2][1][ ]
[1][2][2][2][1][1][ ]

Player 1 Move (Score: -40050):
Current player: 2
[ ][ ][ ][ ][1][ ][ ]
[ ][ ][ ][2][1][ ][ ]
[ ][ ][1][2][2][2][ ]
[ ][ ][2][2][1][1][ ]
[ ][ ][1][1][2][1][ ]
[1][2][2][2][1][1][ ]

Player 2 Move (Score: -2010300):
Current player: 1
[ ][ ][ ][2][1][ ][ ]
[ ][ ][ ][2][1][ ][ ]
[ ][ ][1][2][2][2][ ]
[ ][ ][2][2][1][1][ ]
[ ][ ][1][1][2][1][ ]
[1][2][2][2][1][1][ ]

Result: Player 2 Wins

Simulating game 6/10 (Player 1 Depth: 4, Player 2 Depth: 3)
Player 1 Move (Score: 0):
Current player: 2
[ ][ ][ ][ ][ ][ ][ ]
[ ][ ][ ][ ][ ][ ][ ]
[ ][ ][ ][ ][ ][ ][ ]
[ ][ ][ ][ ][ ][ ][ ]
[ ][ ][ ][ ][ ][ ][ ]
[ ][ ][ ][ ][1][ ][ ]

Player 2 Move (Score: -100):
Current player: 1
[ ][ ][ ][ ][ ][ ][ ]
[ ][ ][ ][ ][ ][ ][ ]
[ ][ ][ ][ ][ ][ ][ ]
[ ][ ][ ][ ][ ][ ][ ]
[ ][ ][ ][ ][2][ ][ ]
[ ][ ][ ][ ][1][ ][ ]

Player 1 Move (Score: -100):
Current player: 2
[ ][ ][ ][ ][ ][ ][ ]
[ ][ ][ ][ ][ ][ ][ ]
[ ][ ][ ][ ][ ][ ][ ]
[ ][ ][ ][ ][ ][ ][ ]
[ ][ ][ ][ ][2][ ][ ]
[ ][ ][ ][ ][1][1][ ]

Player 2 Move (Score: -100):
Current player: 1
[ ][ ][ ][ ][ ][ ][ ]
[ ][ ][ ][ ][ ][ ][ ]
[ ][ ][ ][ ][ ][ ][ ]
[ ][ ][ ][ ][ ][ ][ ]
[ ][ ][ ][ ][2][ ][ ]
[ ][ ][ ][2][1][1][ ]

Player 1 Move (Score: -260):
Current player: 2
[ ][ ][ ][ ][ ][ ][ ]
[ ][ ][ ][ ][ ][ ][ ]
[ ][ ][ ][ ][ ][ ][ ]
[ ][ ][ ][ ][ ][ ][ ]
[ ][ ][ ][1][2][ ][ ]
[ ][ ][ ][2][1][1][ ]

Player 2 Move (Score: -260):
Current player: 1
[ ][ ][ ][ ][ ][ ][ ]
[ ][ ][ ][ ][ ][ ][ ]
[ ][ ][ ][ ][ ][ ][ ]
[ ][ ][ ][ ][ ][ ][ ]
[ ][ ][ ][1][2][2][ ]
[ ][ ][ ][2][1][1][ ]

Player 1 Move (Score: -9470):
Current player: 2
[ ][ ][ ][ ][ ][ ][ ]
[ ][ ][ ][ ][ ][ ][ ]
[ ][ ][ ][ ][ ][ ][ ]
[ ][ ][ ][ ][1][ ][ ]
[ ][ ][ ][1][2][2][ ]
[ ][ ][ ][2][1][1][ ]

Player 2 Move (Score: -9470):
Current player: 1
[ ][ ][ ][ ][ ][ ][ ]
[ ][ ][ ][ ][ ][ ][ ]
[ ][ ][ ][ ][ ][ ][ ]
[ ][ ][ ][ ][1][ ][ ]
[ ][ ][ ][1][2][2][ ]
[ ][ ][2][2][1][1][ ]

Player 1 Move (Score: 200):
Current player: 2
[ ][ ][ ][ ][ ][ ][ ]
[ ][ ][ ][ ][ ][ ][ ]
[ ][ ][ ][ ][ ][ ][ ]
[ ][ ][ ][ ][1][1][ ]
[ ][ ][ ][1][2][2][ ]
[ ][ ][2][2][1][1][ ]

Player 2 Move (Score: 200):
Current player: 1
[ ][ ][ ][ ][ ][ ][ ]
[ ][ ][ ][ ][ ][ ][ ]
[ ][ ][ ][ ][ ][ ][ ]
[ ][ ][ ][ ][1][1][ ]
[ ][ ][ ][1][2][2][ ]
[2][ ][2][2][1][1][ ]

Player 1 Move (Score: 10330):
Current player: 2
[ ][ ][ ][ ][ ][ ][ ]
[ ][ ][ ][ ][ ][ ][ ]
[ ][ ][ ][ ][ ][ ][ ]
[ ][ ][ ][ ][1][1][ ]
[ ][ ][1][1][2][2][ ]
[2][ ][2][2][1][1][ ]

Player 2 Move (Score: -1999370):
Current player: 1
[ ][ ][ ][ ][ ][ ][ ]
[ ][ ][ ][ ][ ][ ][ ]
[ ][ ][ ][ ][ ][ ][ ]
[ ][ ][ ][ ][1][1][ ]
[ ][ ][1][1][2][2][ ]
[2][2][2][2][1][1][ ]

Result: Player 2 Wins

Simulating game 7/10 (Player 1 Depth: 4, Player 2 Depth: 3)
Player 1 Move (Score: 0):
Current player: 2
[ ][ ][ ][ ][ ][ ][ ]
[ ][ ][ ][ ][ ][ ][ ]
[ ][ ][ ][ ][ ][ ][ ]
[ ][ ][ ][ ][ ][ ][ ]
[ ][ ][ ][ ][ ][ ][ ]
[ ][ ][ ][ ][ ][1][ ]

Player 2 Move (Score: -30):
Current player: 1
[ ][ ][ ][ ][ ][ ][ ]
[ ][ ][ ][ ][ ][ ][ ]
[ ][ ][ ][ ][ ][ ][ ]
[ ][ ][ ][ ][ ][ ][ ]
[ ][ ][ ][ ][ ][ ][ ]
[ ][ ][2][ ][ ][1][ ]

Player 1 Move (Score: -100):
Current player: 2
[ ][ ][ ][ ][ ][ ][ ]
[ ][ ][ ][ ][ ][ ][ ]
[ ][ ][ ][ ][ ][ ][ ]
[ ][ ][ ][ ][ ][ ][ ]
[ ][ ][ ][ ][ ][1][ ]
[ ][ ][2][ ][ ][1][ ]

Player 2 Move (Score: -100):
Current player: 1
[ ][ ][ ][ ][ ][ ][ ]
[ ][ ][ ][ ][ ][ ][ ]
[ ][ ][ ][ ][ ][ ][ ]
[ ][ ][ ][ ][ ][2][ ]
[ ][ ][ ][ ][ ][1][ ]
[ ][ ][2][ ][ ][1][ ]

Player 1 Move (Score: 0):
Current player: 2
[ ][ ][ ][ ][ ][ ][ ]
[ ][ ][ ][ ][ ][ ][ ]
[ ][ ][ ][ ][ ][ ][ ]
[ ][ ][ ][ ][ ][2][ ]
[ ][ ][ ][ ][ ][1][ ]
[ ][ ][2][ ][ ][1][1]

Player 2 Move (Score: 0):
Current player: 1
[ ][ ][ ][ ][ ][ ][ ]
[ ][ ][ ][ ][ ][ ][ ]
[ ][ ][ ][ ][ ][ ][ ]
[ ][ ][ ][ ][ ][2][ ]
[ ][ ][ ][ ][ ][1][2]
[ ][ ][2][ ][ ][1][1]

Player 1 Move (Score: -100):
Current player: 2
[ ][ ][ ][ ][ ][ ][ ]
[ ][ ][ ][ ][ ][ ][ ]
[ ][ ][ ][ ][ ][ ][ ]
[ ][ ][ ][ ][ ][2][ ]
[ ][ ][ ][ ][ ][1][2]
[ ][ ][2][ ][1][1][1]

Player 2 Move (Score: -9400):
Current player: 1
[ ][ ][ ][ ][ ][ ][ ]
[ ][ ][ ][ ][ ][ ][ ]
[ ][ ][ ][ ][ ][ ][ ]
[ ][ ][ ][ ][ ][2][ ]
[ ][ ][ ][ ][ ][1][2]
[ ][ ][2][2][1][1][1]

Player 1 Move (Score: -9700):
Current player: 2
[ ][ ][ ][ ][ ][ ][ ]
[ ][ ][ ][ ][ ][ ][ ]
[ ][ ][ ][ ][ ][ ][ ]
[ ][ ][ ][ ][ ][2][ ]
[ ][ ][ ][1][ ][1][2]
[ ][ ][2][2][1][1][1]

Player 2 Move (Score: -9700):
Current player: 1
[ ][ ][ ][ ][ ][ ][ ]
[ ][ ][ ][ ][ ][ ][ ]
[ ][ ][ ][ ][ ][ ][ ]
[ ][ ][ ][ ][ ][2][ ]
[ ][ ][ ][1][ ][1][2]
[2][ ][2][2][1][1][1]

Player 1 Move (Score: -2000):
Current player: 2
[ ][ ][ ][ ][ ][ ][ ]
[ ][ ][ ][ ][ ][ ][ ]
[ ][ ][ ][ ][ ][ ][ ]
[ ][ ][ ][ ][ ][2][ ]
[ ][ ][ ][1][ ][1][2]
[2][1][2][2][1][1][1]

Player 2 Move (Score: -2000):
Current player: 1
[ ][ ][ ][ ][ ][ ][ ]
[ ][ ][ ][ ][ ][ ][ ]
[ ][ ][ ][ ][ ][ ][ ]
[ ][ ][ ][2][ ][2][ ]
[ ][ ][ ][1][ ][1][2]
[2][1][2][2][1][1][1]

Player 1 Move (Score: -2200):
Current player: 2
[ ][ ][ ][ ][ ][ ][ ]
[ ][ ][ ][ ][ ][ ][ ]
[ ][ ][ ][ ][ ][1][ ]
[ ][ ][ ][2][ ][2][ ]
[ ][ ][ ][1][ ][1][2]
[2][1][2][2][1][1][1]

Player 2 Move (Score: -2200):
Current player: 1
[ ][ ][ ][ ][ ][ ][ ]
[ ][ ][ ][ ][ ][ ][ ]
[ ][ ][ ][ ][ ][1][ ]
[ ][ ][ ][2][ ][2][ ]
[ ][2][ ][1][ ][1][2]
[2][1][2][2][1][1][1]

Player 1 Move (Score: -2300):
Current player: 2
[ ][ ][ ][ ][ ][ ][ ]
[ ][ ][ ][ ][ ][ ][ ]
[ ][ ][ ][ ][ ][1][ ]
[ ][ ][ ][2][ ][2][ ]
[ ][2][ ][1][1][1][2]
[2][1][2][2][1][1][1]

Player 2 Move (Score: -20460):
Current player: 1
[ ][ ][ ][ ][ ][ ][ ]
[ ][ ][ ][ ][ ][ ][ ]
[ ][ ][ ][ ][ ][1][ ]
[ ][ ][ ][2][2][2][ ]
[ ][2][ ][1][1][1][2]
[2][1][2][2][1][1][1]

Player 1 Move (Score: -30300):
Current player: 2
[ ][ ][ ][ ][ ][ ][ ]
[ ][ ][ ][ ][ ][ ][ ]
[ ][ ][ ][ ][ ][1][ ]
[ ][ ][ ][2][2][2][1]
[ ][2][ ][1][1][1][2]
[2][1][2][2][1][1][1]

Player 2 Move (Score: -30300):
Current player: 1
[ ][ ][ ][ ][ ][ ][ ]
[ ][ ][ ][ ][ ][ ][ ]
[ ][ ][ ][ ][2][1][ ]
[ ][ ][ ][2][2][2][1]
[ ][2][ ][1][1][1][2]
[2][1][2][2][1][1][1]

Player 1 Move (Score: -30300):
Current player: 2
[ ][ ][ ][ ][ ][ ][ ]
[ ][ ][ ][ ][ ][ ][ ]
[ ][ ][ ][ ][2][1][1]
[ ][ ][ ][2][2][2][1]
[ ][2][ ][1][1][1][2]
[2][1][2][2][1][1][1]

Player 2 Move (Score: -2050500):
Current player: 1
[ ][ ][ ][ ][ ][ ][ ]
[ ][ ][ ][ ][ ][ ][ ]
[ ][ ][ ][ ][2][1][1]
[ ][ ][ ][2][2][2][1]
[ ][2][2][1][1][1][2]
[2][1][2][2][1][1][1]

Player 1 Move (Score: -4000100):
Current player: 2
[ ][ ][ ][ ][ ][ ][ ]
[ ][ ][ ][ ][ ][1][ ]
[ ][ ][ ][ ][2][1][1]
[ ][ ][ ][2][2][2][1]
[ ][2][2][1][1][1][2]
[2][1][2][2][1][1][1]

Player 2 Move (Score: -4000100):
Current player: 1
[ ][ ][ ][ ][ ][ ][ ]
[ ][ ][ ][ ][ ][1][ ]
[ ][ ][ ][2][2][1][1]
[ ][ ][ ][2][2][2][1]
[ ][2][2][1][1][1][2]
[2][1][2][2][1][1][1]

Player 1 Move (Score: -4000100):
Current player: 2
[ ][ ][ ][ ][ ][ ][ ]
[ ][ ][ ][ ][1][1][ ]
[ ][ ][ ][2][2][1][1]
[ ][ ][ ][2][2][2][1]
[ ][2][2][1][1][1][2]
[2][1][2][2][1][1][1]

Player 2 Move (Score: -4030470):
Current player: 1
[ ][ ][ ][ ][2][ ][ ]
[ ][ ][ ][ ][1][1][ ]
[ ][ ][ ][2][2][1][1]
[ ][ ][ ][2][2][2][1]
[ ][2][2][1][1][1][2]
[2][1][2][2][1][1][1]

Player 1 Move (Score: -3990300):
Current player: 2
[ ][ ][ ][ ][2][ ][ ]
[ ][ ][ ][ ][1][1][ ]
[ ][ ][ ][2][2][1][1]
[ ][ ][1][2][2][2][1]
[ ][2][2][1][1][1][2]
[2][1][2][2][1][1][1]

Player 2 Move (Score: -3990300):
Current player: 1
[ ][ ][ ][ ][2][ ][ ]
[ ][ ][ ][2][1][1][ ]
[ ][ ][ ][2][2][1][1]
[ ][ ][1][2][2][2][1]
[ ][2][2][1][1][1][2]
[2][1][2][2][1][1][1]

Result: Player 2 Wins

Simulating game 8/10 (Player 1 Depth: 4, Player 2 Depth: 3)
Player 1 Move (Score: 0):
Current player: 2
[ ][ ][ ][ ][ ][ ][ ]
[ ][ ][ ][ ][ ][ ][ ]
[ ][ ][ ][ ][ ][ ][ ]
[ ][ ][ ][ ][ ][ ][ ]
[ ][ ][ ][ ][ ][ ][ ]
[ ][ ][ ][ ][1][ ][ ]

Player 2 Move (Score: -100):
Current player: 1
[ ][ ][ ][ ][ ][ ][ ]
[ ][ ][ ][ ][ ][ ][ ]
[ ][ ][ ][ ][ ][ ][ ]
[ ][ ][ ][ ][ ][ ][ ]
[ ][ ][ ][ ][2][ ][ ]
[ ][ ][ ][ ][1][ ][ ]

Player 1 Move (Score: -100):
Current player: 2
[ ][ ][ ][ ][ ][ ][ ]
[ ][ ][ ][ ][ ][ ][ ]
[ ][ ][ ][ ][ ][ ][ ]
[ ][ ][ ][ ][ ][ ][ ]
[ ][ ][ ][ ][2][ ][ ]
[ ][ ][ ][ ][1][ ][1]

Player 2 Move (Score: -400):
Current player: 1
[ ][ ][ ][ ][ ][ ][ ]
[ ][ ][ ][ ][ ][ ][ ]
[ ][ ][ ][ ][ ][ ][ ]
[ ][ ][ ][ ][ ][ ][ ]
[ ][ ][ ][ ][2][ ][ ]
[ ][ ][ ][ ][1][2][1]

Player 1 Move (Score: -400):
Current player: 2
[ ][ ][ ][ ][ ][ ][ ]
[ ][ ][ ][ ][ ][ ][ ]
[ ][ ][ ][ ][ ][ ][ ]
[ ][ ][ ][ ][ ][ ][ ]
[ ][ ][ ][ ][2][ ][1]
[ ][ ][ ][ ][1][2][1]

Player 2 Move (Score: -400):
Current player: 1
[ ][ ][ ][ ][ ][ ][ ]
[ ][ ][ ][ ][ ][ ][ ]
[ ][ ][ ][ ][ ][ ][ ]
[ ][ ][ ][ ][ ][ ][ ]
[ ][ ][ ][ ][2][2][1]
[ ][ ][ ][ ][1][2][1]

Player 1 Move (Score: -300):
Current player: 2
[ ][ ][ ][ ][ ][ ][ ]
[ ][ ][ ][ ][ ][ ][ ]
[ ][ ][ ][ ][ ][ ][ ]
[ ][ ][ ][ ][ ][1][ ]
[ ][ ][ ][ ][2][2][1]
[ ][ ][ ][ ][1][2][1]

Player 2 Move (Score: -300):
Current player: 1
[ ][ ][ ][ ][ ][ ][ ]
[ ][ ][ ][ ][ ][ ][ ]
[ ][ ][ ][ ][ ][ ][ ]
[ ][ ][ ][ ][ ][1][2]
[ ][ ][ ][ ][2][2][1]
[ ][ ][ ][ ][1][2][1]

Player 1 Move (Score: -300):
Current player: 2
[ ][ ][ ][ ][ ][ ][ ]
[ ][ ][ ][ ][ ][ ][ ]
[ ][ ][ ][ ][ ][ ][ ]
[ ][ ][ ][ ][ ][1][2]
[ ][ ][ ][ ][2][2][1]
[ ][ ][ ][1][1][2][1]

Player 2 Move (Score: -10330):
Current player: 1
[ ][ ][ ][ ][ ][ ][ ]
[ ][ ][ ][ ][ ][ ][ ]
[ ][ ][ ][ ][ ][ ][ ]
[ ][ ][ ][ ][ ][1][2]
[ ][ ][ ][2][2][2][1]
[ ][ ][ ][1][1][2][1]

Player 1 Move (Score: -11820):
Current player: 2
[ ][ ][ ][ ][ ][ ][ ]
[ ][ ][ ][ ][ ][ ][ ]
[ ][ ][ ][ ][ ][ ][ ]
[ ][ ][ ][1][ ][1][2]
[ ][ ][ ][2][2][2][1]
[ ][ ][ ][1][1][2][1]

Player 2 Move (Score: -11820):
Current player: 1
[ ][ ][ ][ ][ ][ ][ ]
[ ][ ][ ][ ][ ][ ][ ]
[ ][ ][ ][ ][ ][ ][ ]
[ ][ ][ ][1][2][1][2]
[ ][ ][ ][2][2][2][1]
[ ][ ][ ][1][1][2][1]

Player 1 Move (Score: -30100):
Current player: 2
[ ][ ][ ][ ][ ][ ][ ]
[ ][ ][ ][ ][ ][ ][ ]
[ ][ ][ ][ ][ ][1][ ]
[ ][ ][ ][1][2][1][2]
[ ][ ][ ][2][2][2][1]
[ ][ ][ ][1][1][2][1]

Player 2 Move (Score: -30100):
Current player: 1
[ ][ ][ ][ ][ ][ ][ ]
[ ][ ][ ][ ][ ][ ][ ]
[ ][ ][ ][ ][2][1][ ]
[ ][ ][ ][1][2][1][2]
[ ][ ][ ][2][2][2][1]
[ ][ ][ ][1][1][2][1]

Player 1 Move (Score: -30070):
Current player: 2
[ ][ ][ ][ ][ ][ ][ ]
[ ][ ][ ][ ][1][ ][ ]
[ ][ ][ ][ ][2][1][ ]
[ ][ ][ ][1][2][1][2]
[ ][ ][ ][2][2][2][1]
[ ][ ][ ][1][1][2][1]

Player 2 Move (Score: -30070):
Current player: 1
[ ][ ][ ][ ][ ][ ][ ]
[ ][ ][ ][ ][1][ ][ ]
[ ][ ][ ][2][2][1][ ]
[ ][ ][ ][1][2][1][2]
[ ][ ][ ][2][2][2][1]
[ ][ ][ ][1][1][2][1]

Player 1 Move (Score: -30000):
Current player: 2
[ ][ ][ ][ ][1][ ][ ]
[ ][ ][ ][ ][1][ ][ ]
[ ][ ][ ][2][2][1][ ]
[ ][ ][ ][1][2][1][2]
[ ][ ][ ][2][2][2][1]
[ ][ ][ ][1][1][2][1]

Player 2 Move (Score: -30170):
Current player: 1
[ ][ ][ ][ ][1][ ][ ]
[ ][ ][ ][ ][1][ ][ ]
[ ][ ][ ][2][2][1][2]
[ ][ ][ ][1][2][1][2]
[ ][ ][ ][2][2][2][1]
[ ][ ][ ][1][1][2][1]

Player 1 Move (Score: -30000):
Current player: 2
[ ][ ][ ][ ][1][ ][ ]
[ ][ ][ ][1][1][ ][ ]
[ ][ ][ ][2][2][1][2]
[ ][ ][ ][1][2][1][2]
[ ][ ][ ][2][2][2][1]
[ ][ ][ ][1][1][2][1]

Player 2 Move (Score: -30000):
Current player: 1
[ ][ ][ ][ ][1][ ][ ]
[ ][ ][ ][1][1][2][ ]
[ ][ ][ ][2][2][1][2]
[ ][ ][ ][1][2][1][2]
[ ][ ][ ][2][2][2][1]
[ ][ ][ ][1][1][2][1]

Player 1 Move (Score: -29900):
Current player: 2
[ ][ ][ ][1][1][ ][ ]
[ ][ ][ ][1][1][2][ ]
[ ][ ][ ][2][2][1][2]
[ ][ ][ ][1][2][1][2]
[ ][ ][ ][2][2][2][1]
[ ][ ][ ][1][1][2][1]

Player 2 Move (Score: -29900):
Current player: 1
[ ][ ][ ][1][1][2][ ]
[ ][ ][ ][1][1][2][ ]
[ ][ ][ ][2][2][1][2]
[ ][ ][ ][1][2][1][2]
[ ][ ][ ][2][2][2][1]
[ ][ ][ ][1][1][2][1]

Player 1 Move (Score: -29900):
Current player: 2
[ ][ ][ ][1][1][2][ ]
[ ][ ][ ][1][1][2][1]
[ ][ ][ ][2][2][1][2]
[ ][ ][ ][1][2][1][2]
[ ][ ][ ][2][2][2][1]
[ ][ ][ ][1][1][2][1]

Player 2 Move (Score: -29900):
Current player: 1
[ ][ ][ ][1][1][2][ ]
[ ][ ][ ][1][1][2][1]
[ ][ ][ ][2][2][1][2]
[ ][ ][ ][1][2][1][2]
[ ][ ][ ][2][2][2][1]
[ ][2][ ][1][1][2][1]

Player 1 Move (Score: -30000):
Current player: 2
[ ][ ][ ][1][1][2][ ]
[ ][ ][ ][1][1][2][1]
[ ][ ][ ][2][2][1][2]
[ ][ ][ ][1][2][1][2]
[ ][1][ ][2][2][2][1]
[ ][2][ ][1][1][2][1]

Player 2 Move (Score: -30000):
Current player: 1
[ ][ ][ ][1][1][2][ ]
[ ][ ][ ][1][1][2][1]
[ ][ ][ ][2][2][1][2]
[ ][ ][ ][1][2][1][2]
[ ][1][ ][2][2][2][1]
[2][2][ ][1][1][2][1]

Player 1 Move (Score: -30000):
Current player: 2
[ ][ ][ ][1][1][2][ ]
[ ][ ][ ][1][1][2][1]
[ ][ ][ ][2][2][1][2]
[ ][1][ ][1][2][1][2]
[ ][1][ ][2][2][2][1]
[2][2][ ][1][1][2][1]

Player 2 Move (Score: -30000):
Current player: 1
[ ][ ][ ][1][1][2][ ]
[ ][ ][ ][1][1][2][1]
[ ][2][ ][2][2][1][2]
[ ][1][ ][1][2][1][2]
[ ][1][ ][2][2][2][1]
[2][2][ ][1][1][2][1]

Player 1 Move (Score: -30000):
Current player: 2
[ ][ ][ ][1][1][2][ ]
[ ][1][ ][1][1][2][1]
[ ][2][ ][2][2][1][2]
[ ][1][ ][1][2][1][2]
[ ][1][ ][2][2][2][1]
[2][2][ ][1][1][2][1]

Player 2 Move (Score: -30000):
Current player: 1
[ ][ ][ ][1][1][2][2]
[ ][1][ ][1][1][2][1]
[ ][2][ ][2][2][1][2]
[ ][1][ ][1][2][1][2]
[ ][1][ ][2][2][2][1]
[2][2][ ][1][1][2][1]

Player 1 Move (Score: -30000):
Current player: 2
[ ][1][ ][1][1][2][2]
[ ][1][ ][1][1][2][1]
[ ][2][ ][2][2][1][2]
[ ][1][ ][1][2][1][2]
[ ][1][ ][2][2][2][1]
[2][2][ ][1][1][2][1]

Player 2 Move (Score: -30000):
Current player: 1
[ ][1][ ][1][1][2][2]
[ ][1][ ][1][1][2][1]
[ ][2][ ][2][2][1][2]
[ ][1][ ][1][2][1][2]
[2][1][ ][2][2][2][1]
[2][2][ ][1][1][2][1]

Player 1 Move (Score: -30000):
Current player: 2
[ ][1][ ][1][1][2][2]
[ ][1][ ][1][1][2][1]
[ ][2][ ][2][2][1][2]
[ ][1][ ][1][2][1][2]
[2][1][ ][2][2][2][1]
[2][2][1][1][1][2][1]

Player 2 Move (Score: -2020100):
Current player: 1
[ ][1][ ][1][1][2][2]
[ ][1][ ][1][1][2][1]
[ ][2][ ][2][2][1][2]
[ ][1][ ][1][2][1][2]
[2][1][2][2][2][2][1]
[2][2][1][1][1][2][1]

Result: Player 2 Wins

Simulating game 9/10 (Player 1 Depth: 4, Player 2 Depth: 3)
Player 1 Move (Score: 0):
Current player: 2
[ ][ ][ ][ ][ ][ ][ ]
[ ][ ][ ][ ][ ][ ][ ]
[ ][ ][ ][ ][ ][ ][ ]
[ ][ ][ ][ ][ ][ ][ ]
[ ][ ][ ][ ][ ][ ][ ]
[ ][ ][1][ ][ ][ ][ ]

Player 2 Move (Score: 0):
Current player: 1
[ ][ ][ ][ ][ ][ ][ ]
[ ][ ][ ][ ][ ][ ][ ]
[ ][ ][ ][ ][ ][ ][ ]
[ ][ ][ ][ ][ ][ ][ ]
[ ][ ][ ][ ][ ][ ][ ]
[ ][ ][1][ ][2][ ][ ]

Player 1 Move (Score: 0):
Current player: 2
[ ][ ][ ][ ][ ][ ][ ]
[ ][ ][ ][ ][ ][ ][ ]
[ ][ ][ ][ ][ ][ ][ ]
[ ][ ][ ][ ][ ][ ][ ]
[ ][ ][ ][ ][ ][ ][ ]
[ ][ ][1][ ][2][1][ ]

Player 2 Move (Score: -130):
Current player: 1
[ ][ ][ ][ ][ ][ ][ ]
[ ][ ][ ][ ][ ][ ][ ]
[ ][ ][ ][ ][ ][ ][ ]
[ ][ ][ ][ ][ ][ ][ ]
[ ][ ][ ][ ][2][ ][ ]
[ ][ ][1][ ][2][1][ ]

Player 1 Move (Score: 0):
Current player: 2
[ ][ ][ ][ ][ ][ ][ ]
[ ][ ][ ][ ][ ][ ][ ]
[ ][ ][ ][ ][ ][ ][ ]
[ ][ ][ ][ ][1][ ][ ]
[ ][ ][ ][ ][2][ ][ ]
[ ][ ][1][ ][2][1][ ]

Player 2 Move (Score: 0):
Current player: 1
[ ][ ][ ][ ][ ][ ][ ]
[ ][ ][ ][ ][ ][ ][ ]
[ ][ ][ ][ ][ ][ ][ ]
[ ][ ][ ][ ][1][ ][ ]
[ ][ ][ ][ ][2][ ][ ]
[ ][ ][1][ ][2][1][2]

Player 1 Move (Score: 0):
Current player: 2
[ ][ ][ ][ ][ ][ ][ ]
[ ][ ][ ][ ][ ][ ][ ]
[ ][ ][ ][ ][ ][ ][ ]
[ ][ ][ ][ ][1][ ][ ]
[ ][ ][ ][ ][2][1][ ]
[ ][ ][1][ ][2][1][2]

Player 2 Move (Score: 0):
Current player: 1
[ ][ ][ ][ ][ ][ ][ ]
[ ][ ][ ][ ][ ][ ][ ]
[ ][ ][ ][ ][ ][ ][ ]
[ ][ ][ ][ ][1][2][ ]
[ ][ ][ ][ ][2][1][ ]
[ ][ ][1][ ][2][1][2]

Player 1 Move (Score: -9600):
Current player: 2
[ ][ ][ ][ ][ ][ ][ ]
[ ][ ][ ][ ][ ][ ][ ]
[ ][ ][ ][ ][ ][ ][ ]
[ ][ ][ ][ ][1][2][ ]
[ ][ ][ ][ ][2][1][ ]
[ ][ ][1][1][2][1][2]

Player 2 Move (Score: -9600):
Current player: 1
[ ][ ][ ][ ][ ][ ][ ]
[ ][ ][ ][ ][ ][ ][ ]
[ ][ ][ ][ ][ ][ ][ ]
[ ][ ][ ][ ][1][2][ ]
[ ][ ][ ][ ][2][1][2]
[ ][ ][1][1][2][1][2]

Player 1 Move (Score: -100):
Current player: 2
[ ][ ][ ][ ][ ][ ][ ]
[ ][ ][ ][ ][ ][ ][ ]
[ ][ ][ ][ ][ ][1][ ]
[ ][ ][ ][ ][1][2][ ]
[ ][ ][ ][ ][2][1][2]
[ ][ ][1][1][2][1][2]

Player 2 Move (Score: -19800):
Current player: 1
[ ][ ][ ][ ][ ][ ][ ]
[ ][ ][ ][ ][ ][ ][ ]
[ ][ ][ ][ ][2][1][ ]
[ ][ ][ ][ ][1][2][ ]
[ ][ ][ ][ ][2][1][2]
[ ][ ][1][1][2][1][2]

Player 1 Move (Score: -20100):
Current player: 2
[ ][ ][ ][ ][ ][ ][ ]
[ ][ ][ ][ ][ ][ ][ ]
[ ][ ][ ][ ][2][1][ ]
[ ][ ][ ][ ][1][2][1]
[ ][ ][ ][ ][2][1][2]
[ ][ ][1][1][2][1][2]

Player 2 Move (Score: -20100):
Current player: 1
[ ][ ][ ][ ][ ][ ][ ]
[ ][ ][ ][ ][ ][ ][ ]
[ ][ ][ ][ ][2][1][ ]
[ ][ ][ ][ ][1][2][1]
[ ][ ][2][ ][2][1][2]
[ ][ ][1][1][2][1][2]

Player 1 Move (Score: -20200):
Current player: 2
[ ][ ][ ][ ][ ][ ][ ]
[ ][ ][ ][ ][ ][ ][ ]
[ ][ ][ ][ ][2][1][ ]
[ ][ ][1][ ][1][2][1]
[ ][ ][2][ ][2][1][2]
[ ][ ][1][1][2][1][2]

Player 2 Move (Score: -20200):
Current player: 1
[ ][ ][ ][ ][ ][ ][ ]
[ ][ ][ ][ ][ ][2][ ]
[ ][ ][ ][ ][2][1][ ]
[ ][ ][1][ ][1][2][1]
[ ][ ][2][ ][2][1][2]
[ ][ ][1][1][2][1][2]

Player 1 Move (Score: -20200):
Current player: 2
[ ][ ][ ][ ][ ][ ][ ]
[ ][ ][ ][ ][ ][2][ ]
[ ][ ][ ][ ][2][1][1]
[ ][ ][1][ ][1][2][1]
[ ][ ][2][ ][2][1][2]
[ ][ ][1][1][2][1][2]

Player 2 Move (Score: -29900):
Current player: 1
[ ][ ][ ][ ][ ][ ][ ]
[ ][ ][ ][ ][ ][2][2]
[ ][ ][ ][ ][2][1][1]
[ ][ ][1][ ][1][2][1]
[ ][ ][2][ ][2][1][2]
[ ][ ][1][1][2][1][2]

Player 1 Move (Score: -30100):
Current player: 2
[ ][ ][ ][ ][ ][ ][1]
[ ][ ][ ][ ][ ][2][2]
[ ][ ][ ][ ][2][1][1]
[ ][ ][1][ ][1][2][1]
[ ][ ][2][ ][2][1][2]
[ ][ ][1][1][2][1][2]

Player 2 Move (Score: -30100):
Current player: 1
[ ][ ][ ][ ][ ][ ][1]
[ ][ ][ ][ ][2][2][2]
[ ][ ][ ][ ][2][1][1]
[ ][ ][1][ ][1][2][1]
[ ][ ][2][ ][2][1][2]
[ ][ ][1][1][2][1][2]

Player 1 Move (Score: -30100):
Current player: 2
[ ][ ][ ][ ][ ][1][1]
[ ][ ][ ][ ][2][2][2]
[ ][ ][ ][ ][2][1][1]
[ ][ ][1][ ][1][2][1]
[ ][ ][2][ ][2][1][2]
[ ][ ][1][1][2][1][2]

Player 2 Move (Score: -30100):
Current player: 1
[ ][ ][ ][ ][ ][1][1]
[ ][ ][ ][ ][2][2][2]
[ ][ ][ ][ ][2][1][1]
[ ][ ][1][ ][1][2][1]
[ ][ ][2][2][2][1][2]
[ ][ ][1][1][2][1][2]

Player 1 Move (Score: -30100):
Current player: 2
[ ][ ][ ][ ][ ][1][1]
[ ][ ][ ][ ][2][2][2]
[ ][ ][ ][ ][2][1][1]
[ ][ ][1][1][1][2][1]
[ ][ ][2][2][2][1][2]
[ ][ ][1][1][2][1][2]

Player 2 Move (Score: -30100):
Current player: 1
[ ][ ][ ][ ][ ][1][1]
[ ][ ][ ][ ][2][2][2]
[ ][ ][2][ ][2][1][1]
[ ][ ][1][1][1][2][1]
[ ][ ][2][2][2][1][2]
[ ][ ][1][1][2][1][2]

Player 1 Move (Score: -30100):
Current player: 2
[ ][ ][ ][ ][1][1][1]
[ ][ ][ ][ ][2][2][2]
[ ][ ][2][ ][2][1][1]
[ ][ ][1][1][1][2][1]
[ ][ ][2][2][2][1][2]
[ ][ ][1][1][2][1][2]

Player 2 Move (Score: -30100):
Current player: 1
[ ][ ][ ][ ][1][1][1]
[ ][ ][2][ ][2][2][2]
[ ][ ][2][ ][2][1][1]
[ ][ ][1][1][1][2][1]
[ ][ ][2][2][2][1][2]
[ ][ ][1][1][2][1][2]

Player 1 Move (Score: -30000):
Current player: 2
[ ][ ][1][ ][1][1][1]
[ ][ ][2][ ][2][2][2]
[ ][ ][2][ ][2][1][1]
[ ][ ][1][1][1][2][1]
[ ][ ][2][2][2][1][2]
[ ][ ][1][1][2][1][2]

Player 2 Move (Score: -30000):
Current player: 1
[ ][ ][1][ ][1][1][1]
[ ][ ][2][ ][2][2][2]
[ ][ ][2][ ][2][1][1]
[ ][ ][1][1][1][2][1]
[ ][ ][2][2][2][1][2]
[2][ ][1][1][2][1][2]

Player 1 Move (Score: -30000):
Current player: 2
[ ][ ][1][ ][1][1][1]
[ ][ ][2][ ][2][2][2]
[ ][ ][2][ ][2][1][1]
[ ][ ][1][1][1][2][1]
[1][ ][2][2][2][1][2]
[2][ ][1][1][2][1][2]

Player 2 Move (Score: -30000):
Current player: 1
[ ][ ][1][ ][1][1][1]
[ ][ ][2][ ][2][2][2]
[ ][ ][2][ ][2][1][1]
[2][ ][1][1][1][2][1]
[1][ ][2][2][2][1][2]
[2][ ][1][1][2][1][2]

Player 1 Move (Score: -30000):
Current player: 2
[ ][ ][1][ ][1][1][1]
[ ][ ][2][ ][2][2][2]
[1][ ][2][ ][2][1][1]
[2][ ][1][1][1][2][1]
[1][ ][2][2][2][1][2]
[2][ ][1][1][2][1][2]

Player 2 Move (Score: -30000):
Current player: 1
[ ][ ][1][ ][1][1][1]
[2][ ][2][ ][2][2][2]
[1][ ][2][ ][2][1][1]
[2][ ][1][1][1][2][1]
[1][ ][2][2][2][1][2]
[2][ ][1][1][2][1][2]

Player 1 Move (Score: -20000):
Current player: 2
[1][ ][1][ ][1][1][1]
[2][ ][2][ ][2][2][2]
[1][ ][2][ ][2][1][1]
[2][ ][1][1][1][2][1]
[1][ ][2][2][2][1][2]
[2][ ][1][1][2][1][2]

Player 2 Move (Score: -20000):
Current player: 1
[1][ ][1][ ][1][1][1]
[2][ ][2][ ][2][2][2]
[1][ ][2][ ][2][1][1]
[2][ ][1][1][1][2][1]
[1][ ][2][2][2][1][2]
[2][2][1][1][2][1][2]

Player 1 Move (Score: -30000):
Current player: 2
[1][ ][1][ ][1][1][1]
[2][ ][2][ ][2][2][2]
[1][ ][2][ ][2][1][1]
[2][ ][1][1][1][2][1]
[1][1][2][2][2][1][2]
[2][2][1][1][2][1][2]

Player 2 Move (Score: -30000):
Current player: 1
[1][ ][1][ ][1][1][1]
[2][ ][2][ ][2][2][2]
[1][ ][2][ ][2][1][1]
[2][2][1][1][1][2][1]
[1][1][2][2][2][1][2]
[2][2][1][1][2][1][2]

Player 1 Move (Score: -20000):
Current player: 2
[1][ ][1][ ][1][1][1]
[2][ ][2][ ][2][2][2]
[1][1][2][ ][2][1][1]
[2][2][1][1][1][2][1]
[1][1][2][2][2][1][2]
[2][2][1][1][2][1][2]

Player 2 Move (Score: -20000):
Current player: 1
[1][ ][1][ ][1][1][1]
[2][2][2][ ][2][2][2]
[1][1][2][ ][2][1][1]
[2][2][1][1][1][2][1]
[1][1][2][2][2][1][2]
[2][2][1][1][2][1][2]

Player 1 Move (Score: 0):
Current player: 2
[1][ ][1][ ][1][1][1]
[2][2][2][ ][2][2][2]
[1][1][2][1][2][1][1]
[2][2][1][1][1][2][1]
[1][1][2][2][2][1][2]
[2][2][1][1][2][1][2]

Player 2 Move (Score: -11990000):
Current player: 1
[1][ ][1][ ][1][1][1]
[2][2][2][2][2][2][2]
[1][1][2][1][2][1][1]
[2][2][1][1][1][2][1]
[1][1][2][2][2][1][2]
[2][2][1][1][2][1][2]

Result: Player 2 Wins

Simulating game 10/10 (Player 1 Depth: 4, Player 2 Depth: 3)
Player 1 Move (Score: 0):
Current player: 2
[ ][ ][ ][ ][ ][ ][ ]
[ ][ ][ ][ ][ ][ ][ ]
[ ][ ][ ][ ][ ][ ][ ]
[ ][ ][ ][ ][ ][ ][ ]
[ ][ ][ ][ ][ ][ ][ ]
[ ][ ][ ][1][ ][ ][ ]

Player 2 Move (Score: 0):
Current player: 1
[ ][ ][ ][ ][ ][ ][ ]
[ ][ ][ ][ ][ ][ ][ ]
[ ][ ][ ][ ][ ][ ][ ]
[ ][ ][ ][ ][ ][ ][ ]
[ ][ ][ ][ ][ ][ ][ ]
[ ][ ][ ][1][ ][2][ ]

Player 1 Move (Score: 0):
Current player: 2
[ ][ ][ ][ ][ ][ ][ ]
[ ][ ][ ][ ][ ][ ][ ]
[ ][ ][ ][ ][ ][ ][ ]
[ ][ ][ ][ ][ ][ ][ ]
[ ][ ][ ][ ][ ][ ][ ]
[ ][ ][1][1][ ][2][ ]

Player 2 Move (Score: 0):
Current player: 1
[ ][ ][ ][ ][ ][ ][ ]
[ ][ ][ ][ ][ ][ ][ ]
[ ][ ][ ][ ][ ][ ][ ]
[ ][ ][ ][ ][ ][ ][ ]
[ ][ ][ ][ ][ ][ ][ ]
[ ][ ][1][1][2][2][ ]

Player 1 Move (Score: 100):
Current player: 2
[ ][ ][ ][ ][ ][ ][ ]
[ ][ ][ ][ ][ ][ ][ ]
[ ][ ][ ][ ][ ][ ][ ]
[ ][ ][ ][ ][ ][ ][ ]
[ ][ ][ ][ ][ ][1][ ]
[ ][ ][1][1][2][2][ ]

Player 2 Move (Score: -200):
Current player: 1
[ ][ ][ ][ ][ ][ ][ ]
[ ][ ][ ][ ][ ][ ][ ]
[ ][ ][ ][ ][ ][ ][ ]
[ ][ ][ ][ ][ ][ ][ ]
[ ][ ][ ][2][ ][1][ ]
[ ][ ][1][1][2][2][ ]

Player 1 Move (Score: -230):
Current player: 2
[ ][ ][ ][ ][ ][ ][ ]
[ ][ ][ ][ ][ ][ ][ ]
[ ][ ][ ][ ][ ][ ][ ]
[ ][ ][ ][ ][ ][ ][ ]
[ ][ ][ ][2][1][1][ ]
[ ][ ][1][1][2][2][ ]

Player 2 Move (Score: -230):
Current player: 1
[ ][ ][ ][ ][ ][ ][ ]
[ ][ ][ ][ ][ ][ ][ ]
[ ][ ][ ][ ][ ][ ][ ]
[ ][ ][ ][ ][ ][ ][ ]
[ ][ ][2][2][1][1][ ]
[ ][ ][1][1][2][2][ ]

Player 1 Move (Score: 70):
Current player: 2
[ ][ ][ ][ ][ ][ ][ ]
[ ][ ][ ][ ][ ][ ][ ]
[ ][ ][ ][ ][ ][ ][ ]
[ ][ ][ ][ ][1][ ][ ]
[ ][ ][2][2][1][1][ ]
[ ][ ][1][1][2][2][ ]

Player 2 Move (Score: 70):
Current player: 1
[ ][ ][ ][ ][ ][ ][ ]
[ ][ ][ ][ ][ ][ ][ ]
[ ][ ][ ][ ][ ][ ][ ]
[ ][ ][ ][ ][1][ ][ ]
[ ][ ][2][2][1][1][ ]
[ ][ ][1][1][2][2][2]

Player 1 Move (Score: 100):
Current player: 2
[ ][ ][ ][ ][ ][ ][ ]
[ ][ ][ ][ ][ ][ ][ ]
[ ][ ][ ][ ][ ][ ][ ]
[ ][ ][1][ ][1][ ][ ]
[ ][ ][2][2][1][1][ ]
[ ][ ][1][1][2][2][2]

Player 2 Move (Score: 100):
Current player: 1
[ ][ ][ ][ ][ ][ ][ ]
[ ][ ][ ][ ][ ][ ][ ]
[ ][ ][ ][ ][ ][ ][ ]
[ ][ ][1][2][1][ ][ ]
[ ][ ][2][2][1][1][ ]
[ ][ ][1][1][2][2][2]

Player 1 Move (Score: 330):
Current player: 2
[ ][ ][ ][ ][ ][ ][ ]
[ ][ ][ ][ ][ ][ ][ ]
[ ][ ][ ][ ][1][ ][ ]
[ ][ ][1][2][1][ ][ ]
[ ][ ][2][2][1][1][ ]
[ ][ ][1][1][2][2][2]

Player 2 Move (Score: 330):
Current player: 1
[ ][ ][ ][ ][ ][ ][ ]
[ ][ ][ ][ ][ ][ ][ ]
[ ][ ][ ][2][1][ ][ ]
[ ][ ][1][2][1][ ][ ]
[ ][ ][2][2][1][1][ ]
[ ][ ][1][1][2][2][2]

Player 1 Move (Score: 9900):
Current player: 2
[ ][ ][ ][ ][ ][ ][ ]
[ ][ ][ ][1][ ][ ][ ]
[ ][ ][ ][2][1][ ][ ]
[ ][ ][1][2][1][ ][ ]
[ ][ ][2][2][1][1][ ]
[ ][ ][1][1][2][2][2]

Player 2 Move (Score: 9900):
Current player: 1
[ ][ ][ ][ ][ ][ ][ ]
[ ][ ][ ][1][ ][ ][ ]
[ ][ ][ ][2][1][ ][ ]
[ ][ ][1][2][1][2][ ]
[ ][ ][2][2][1][1][ ]
[ ][ ][1][1][2][2][2]

Player 1 Move (Score: 10130):
Current player: 2
[ ][ ][ ][ ][ ][ ][ ]
[ ][ ][ ][1][ ][ ][ ]
[ ][ ][1][2][1][ ][ ]
[ ][ ][1][2][1][2][ ]
[ ][ ][2][2][1][1][ ]
[ ][ ][1][1][2][2][2]

Player 2 Move (Score: 10130):
Current player: 1
[ ][ ][ ][ ][ ][ ][ ]
[ ][ ][ ][1][ ][ ][ ]
[ ][ ][1][2][1][2][ ]
[ ][ ][1][2][1][2][ ]
[ ][ ][2][2][1][1][ ]
[ ][ ][1][1][2][2][2]

Player 1 Move (Score: 10030):
Current player: 2
[ ][ ][ ][ ][ ][ ][ ]
[ ][ ][1][1][ ][ ][ ]
[ ][ ][1][2][1][2][ ]
[ ][ ][1][2][1][2][ ]
[ ][ ][2][2][1][1][ ]
[ ][ ][1][1][2][2][2]

Player 2 Move (Score: 10030):
Current player: 1
[ ][ ][2][ ][ ][ ][ ]
[ ][ ][1][1][ ][ ][ ]
[ ][ ][1][2][1][2][ ]
[ ][ ][1][2][1][2][ ]
[ ][ ][2][2][1][1][ ]
[ ][ ][1][1][2][2][2]

Player 1 Move (Score: 330):
Current player: 2
[ ][ ][2][ ][ ][ ][ ]
[ ][ ][1][1][ ][1][ ]
[ ][ ][1][2][1][2][ ]
[ ][ ][1][2][1][2][ ]
[ ][ ][2][2][1][1][ ]
[ ][ ][1][1][2][2][2]

Player 2 Move (Score: 80):
Current player: 1
[ ][ ][2][2][ ][ ][ ]
[ ][ ][1][1][ ][1][ ]
[ ][ ][1][2][1][2][ ]
[ ][ ][1][2][1][2][ ]
[ ][ ][2][2][1][1][ ]
[ ][ ][1][1][2][2][2]

Player 1 Move (Score: -9720):
Current player: 2
[ ][ ][2][2][ ][ ][ ]
[ ][ ][1][1][ ][1][ ]
[ ][ ][1][2][1][2][ ]
[ ][ ][1][2][1][2][ ]
[ ][ ][2][2][1][1][ ]
[ ][1][1][1][2][2][2]

Player 2 Move (Score: -9720):
Current player: 1
[ ][ ][2][2][ ][ ][ ]
[ ][ ][1][1][ ][1][ ]
[ ][ ][1][2][1][2][ ]
[ ][ ][1][2][1][2][ ]
[ ][ ][2][2][1][1][ ]
[2][1][1][1][2][2][2]

Player 1 Move (Score: -9750):
Current player: 2
[ ][ ][2][2][ ][ ][ ]
[ ][ ][1][1][ ][1][ ]
[ ][ ][1][2][1][2][ ]
[ ][ ][1][2][1][2][ ]
[1][ ][2][2][1][1][ ]
[2][1][1][1][2][2][2]

Player 2 Move (Score: -9750):
Current player: 1
[ ][ ][2][2][ ][ ][ ]
[ ][ ][1][1][ ][1][ ]
[ ][ ][1][2][1][2][ ]
[ ][ ][1][2][1][2][ ]
[1][2][2][2][1][1][ ]
[2][1][1][1][2][2][2]

Player 1 Move (Score: -10000):
Current player: 2
[ ][ ][2][2][ ][ ][ ]
[ ][ ][1][1][ ][1][ ]
[ ][ ][1][2][1][2][ ]
[1][ ][1][2][1][2][ ]
[1][2][2][2][1][1][ ]
[2][1][1][1][2][2][2]

Player 2 Move (Score: -10000):
Current player: 1
[ ][ ][2][2][ ][ ][ ]
[ ][ ][1][1][2][1][ ]
[ ][ ][1][2][1][2][ ]
[1][ ][1][2][1][2][ ]
[1][2][2][2][1][1][ ]
[2][1][1][1][2][2][2]

Player 1 Move (Score: -10100):
Current player: 2
[ ][ ][2][2][1][ ][ ]
[ ][ ][1][1][2][1][ ]
[ ][ ][1][2][1][2][ ]
[1][ ][1][2][1][2][ ]
[1][2][2][2][1][1][ ]
[2][1][1][1][2][2][2]

Player 2 Move (Score: -10100):
Current player: 1
[ ][ ][2][2][1][ ][ ]
[ ][ ][1][1][2][1][ ]
[2][ ][1][2][1][2][ ]
[1][ ][1][2][1][2][ ]
[1][2][2][2][1][1][ ]
[2][1][1][1][2][2][2]

Player 1 Move (Score: -10100):
Current player: 2
[ ][ ][2][2][1][1][ ]
[ ][ ][1][1][2][1][ ]
[2][ ][1][2][1][2][ ]
[1][ ][1][2][1][2][ ]
[1][2][2][2][1][1][ ]
[2][1][1][1][2][2][2]

Player 2 Move (Score: -10100):
Current player: 1
[ ][ ][2][2][1][1][ ]
[ ][ ][1][1][2][1][ ]
[2][ ][1][2][1][2][ ]
[1][2][1][2][1][2][ ]
[1][2][2][2][1][1][ ]
[2][1][1][1][2][2][2]

Player 1 Move (Score: -10100):
Current player: 2
[ ][ ][2][2][1][1][ ]
[ ][ ][1][1][2][1][ ]
[2][ ][1][2][1][2][ ]
[1][2][1][2][1][2][ ]
[1][2][2][2][1][1][1]
[2][1][1][1][2][2][2]

Player 2 Move (Score: -2000100):
Current player: 1
[ ][ ][2][2][1][1][ ]
[ ][ ][1][1][2][1][ ]
[2][ ][1][2][1][2][ ]
[1][2][1][2][1][2][2]
[1][2][2][2][1][1][1]
[2][1][1][1][2][2][2]

Result: Player 2 Wins

