Simulating game 1/10 (Player 1 Depth: 5, Player 2 Depth: 2)
Player 1 Move (Score: 0):
Current player: 2
[ ][ ][ ][ ][ ][ ][ ]
[ ][ ][ ][ ][ ][ ][ ]
[ ][ ][ ][ ][ ][ ][ ]
[ ][ ][ ][ ][ ][ ][ ]
[ ][ ][ ][ ][ ][ ][ ]
[ ][ ][ ][ ][ ][1][ ]

Player 2 Move (Score: 0):
Current player: 1
[ ][ ][ ][ ][ ][ ][ ]
[ ][ ][ ][ ][ ][ ][ ]
[ ][ ][ ][ ][ ][ ][ ]
[ ][ ][ ][ ][ ][ ][ ]
[ ][ ][ ][ ][ ][ ][ ]
[ ][ ][2][ ][ ][1][ ]

Player 1 Move (Score: 0):
Current player: 2
[ ][ ][ ][ ][ ][ ][ ]
[ ][ ][ ][ ][ ][ ][ ]
[ ][ ][ ][ ][ ][ ][ ]
[ ][ ][ ][ ][ ][ ][ ]
[ ][ ][ ][ ][ ][ ][ ]
[ ][ ][2][ ][ ][1][1]

Player 2 Move (Score: 0):
Current player: 1
[ ][ ][ ][ ][ ][ ][ ]
[ ][ ][ ][ ][ ][ ][ ]
[ ][ ][ ][ ][ ][ ][ ]
[ ][ ][ ][ ][ ][ ][ ]
[ ][ ][2][ ][ ][ ][ ]
[ ][ ][2][ ][ ][1][1]

Player 1 Move (Score: 0):
Current player: 2
[ ][ ][ ][ ][ ][ ][ ]
[ ][ ][ ][ ][ ][ ][ ]
[ ][ ][ ][ ][ ][ ][ ]
[ ][ ][ ][ ][ ][ ][ ]
[ ][ ][2][ ][ ][ ][ ]
[ ][ ][2][1][ ][1][1]

Player 2 Move (Score: 100):
Current player: 1
[ ][ ][ ][ ][ ][ ][ ]
[ ][ ][ ][ ][ ][ ][ ]
[ ][ ][ ][ ][ ][ ][ ]
[ ][ ][ ][ ][ ][ ][ ]
[ ][ ][2][ ][ ][ ][ ]
[ ][ ][2][1][2][1][1]

Player 1 Move (Score: 0):
Current player: 2
[ ][ ][ ][ ][ ][ ][ ]
[ ][ ][ ][ ][ ][ ][ ]
[ ][ ][ ][ ][ ][ ][ ]
[ ][ ][1][ ][ ][ ][ ]
[ ][ ][2][ ][ ][ ][ ]
[ ][ ][2][1][2][1][1]

Player 2 Move (Score: 0):
Current player: 1
[ ][ ][ ][ ][ ][ ][ ]
[ ][ ][ ][ ][ ][ ][ ]
[ ][ ][2][ ][ ][ ][ ]
[ ][ ][1][ ][ ][ ][ ]
[ ][ ][2][ ][ ][ ][ ]
[ ][ ][2][1][2][1][1]

Player 1 Move (Score: 0):
Current player: 2
[ ][ ][ ][ ][ ][ ][ ]
[ ][ ][ ][ ][ ][ ][ ]
[ ][ ][2][ ][ ][ ][ ]
[ ][ ][1][ ][ ][ ][ ]
[ ][ ][2][ ][ ][ ][1]
[ ][ ][2][1][2][1][1]

Player 2 Move (Score: -100):
Current player: 1
[ ][ ][ ][ ][ ][ ][ ]
[ ][ ][ ][ ][ ][ ][ ]
[ ][ ][2][ ][ ][ ][ ]
[ ][ ][1][ ][ ][ ][ ]
[ ][ ][2][ ][ ][ ][1]
[2][ ][2][1][2][1][1]

Player 1 Move (Score: -100):
Current player: 2
[ ][ ][ ][ ][ ][ ][ ]
[ ][ ][1][ ][ ][ ][ ]
[ ][ ][2][ ][ ][ ][ ]
[ ][ ][1][ ][ ][ ][ ]
[ ][ ][2][ ][ ][ ][1]
[2][ ][2][1][2][1][1]

Player 2 Move (Score: -100):
Current player: 1
[ ][ ][ ][ ][ ][ ][ ]
[ ][ ][1][ ][ ][ ][ ]
[ ][ ][2][ ][ ][ ][ ]
[ ][ ][1][ ][ ][ ][ ]
[ ][ ][2][ ][ ][2][1]
[2][ ][2][1][2][1][1]

Player 1 Move (Score: -100):
Current player: 2
[ ][ ][ ][ ][ ][ ][ ]
[ ][ ][1][ ][ ][ ][ ]
[ ][ ][2][ ][ ][ ][ ]
[ ][ ][1][ ][ ][ ][1]
[ ][ ][2][ ][ ][2][1]
[2][ ][2][1][2][1][1]

Player 2 Move (Score: -10100):
Current player: 1
[ ][ ][2][ ][ ][ ][ ]
[ ][ ][1][ ][ ][ ][ ]
[ ][ ][2][ ][ ][ ][ ]
[ ][ ][1][ ][ ][ ][1]
[ ][ ][2][ ][ ][2][1]
[2][ ][2][1][2][1][1]

Player 1 Move (Score: -10200):
Current player: 2
[ ][ ][2][ ][ ][ ][ ]
[ ][ ][1][ ][ ][ ][ ]
[ ][ ][2][ ][ ][ ][ ]
[ ][ ][1][ ][ ][ ][1]
[ ][ ][2][ ][ ][2][1]
[2][1][2][1][2][1][1]

Player 2 Move (Score: -10100):
Current player: 1
[ ][ ][2][ ][ ][ ][ ]
[ ][ ][1][ ][ ][ ][ ]
[ ][ ][2][ ][ ][ ][ ]
[ ][ ][1][ ][ ][ ][1]
[2][ ][2][ ][ ][2][1]
[2][1][2][1][2][1][1]

Player 1 Move (Score: -10300):
Current player: 2
[ ][ ][2][ ][ ][ ][ ]
[ ][ ][1][ ][ ][ ][ ]
[ ][ ][2][ ][ ][ ][ ]
[ ][ ][1][ ][ ][ ][1]
[2][ ][2][1][ ][2][1]
[2][1][2][1][2][1][1]

Player 2 Move (Score: -10300):
Current player: 1
[ ][ ][2][ ][ ][ ][ ]
[ ][ ][1][ ][ ][ ][ ]
[ ][ ][2][ ][ ][ ][ ]
[ ][ ][1][ ][ ][ ][1]
[2][2][2][1][ ][2][1]
[2][1][2][1][2][1][1]

Player 1 Move (Score: -10300):
Current player: 2
[ ][ ][2][ ][ ][ ][ ]
[ ][ ][1][ ][ ][ ][ ]
[ ][ ][2][ ][ ][ ][ ]
[ ][ ][1][ ][ ][ ][1]
[2][2][2][1][1][2][1]
[2][1][2][1][2][1][1]

Player 2 Move (Score: -10300):
Current player: 1
[ ][ ][2][ ][ ][ ][ ]
[ ][ ][1][ ][ ][ ][ ]
[ ][ ][2][ ][ ][ ][ ]
[ ][ ][1][ ][2][ ][1]
[2][2][2][1][1][2][1]
[2][1][2][1][2][1][1]

Player 1 Move (Score: -10300):
Current player: 2
[ ][ ][2][ ][ ][ ][ ]
[ ][ ][1][ ][ ][ ][ ]
[ ][ ][2][ ][ ][ ][ ]
[1][ ][1][ ][2][ ][1]
[2][2][2][1][1][2][1]
[2][1][2][1][2][1][1]

Player 2 Move (Score: -10400):
Current player: 1
[ ][ ][2][ ][ ][ ][ ]
[ ][ ][1][ ][ ][ ][ ]
[ ][ ][2][ ][2][ ][ ]
[1][ ][1][ ][2][ ][1]
[2][2][2][1][1][2][1]
[2][1][2][1][2][1][1]

Player 1 Move (Score: -10400):
Current player: 2
[ ][ ][2][ ][ ][ ][ ]
[ ][ ][1][ ][ ][ ][ ]
[1][ ][2][ ][2][ ][ ]
[1][ ][1][ ][2][ ][1]
[2][2][2][1][1][2][1]
[2][1][2][1][2][1][1]

Player 2 Move (Score: -10300):
Current player: 1
[ ][ ][2][ ][ ][ ][ ]
[ ][ ][1][ ][ ][ ][ ]
[1][ ][2][ ][2][ ][ ]
[1][ ][1][ ][2][2][1]
[2][2][2][1][1][2][1]
[2][1][2][1][2][1][1]

Player 1 Move (Score: -20100):
Current player: 2
[ ][ ][2][ ][ ][ ][ ]
[ ][ ][1][ ][1][ ][ ]
[1][ ][2][ ][2][ ][ ]
[1][ ][1][ ][2][2][1]
[2][2][2][1][1][2][1]
[2][1][2][1][2][1][1]

Player 2 Move (Score: -20100):
Current player: 1
[ ][ ][2][ ][2][ ][ ]
[ ][ ][1][ ][1][ ][ ]
[1][ ][2][ ][2][ ][ ]
[1][ ][1][ ][2][2][1]
[2][2][2][1][1][2][1]
[2][1][2][1][2][1][1]

Player 1 Move (Score: -30100):
Current player: 2
[ ][ ][2][ ][2][ ][ ]
[ ][ ][1][ ][1][ ][ ]
[1][ ][2][ ][2][ ][ ]
[1][1][1][ ][2][2][1]
[2][2][2][1][1][2][1]
[2][1][2][1][2][1][1]

Player 2 Move (Score: -20300):
Current player: 1
[ ][ ][2][ ][2][ ][ ]
[ ][ ][1][ ][1][ ][ ]
[1][2][2][ ][2][ ][ ]
[1][1][1][ ][2][2][1]
[2][2][2][1][1][2][1]
[2][1][2][1][2][1][1]

Player 1 Move (Score: -1970400):
Current player: 2
[ ][ ][2][ ][2][ ][ ]
[1][ ][1][ ][1][ ][ ]
[1][2][2][ ][2][ ][ ]
[1][1][1][ ][2][2][1]
[2][2][2][1][1][2][1]
[2][1][2][1][2][1][1]

Player 2 Move (Score: -30100):
Current player: 1
[2][ ][2][ ][2][ ][ ]
[1][ ][1][ ][1][ ][ ]
[1][2][2][ ][2][ ][ ]
[1][1][1][ ][2][2][1]
[2][2][2][1][1][2][1]
[2][1][2][1][2][1][1]

Player 1 Move (Score: -1980300):
Current player: 2
[2][ ][2][ ][2][ ][ ]
[1][1][1][ ][1][ ][ ]
[1][2][2][ ][2][ ][ ]
[1][1][1][ ][2][2][1]
[2][2][2][1][1][2][1]
[2][1][2][1][2][1][1]

Player 2 Move (Score: -30200):
Current player: 1
[2][2][2][ ][2][ ][ ]
[1][1][1][ ][1][ ][ ]
[1][2][2][ ][2][ ][ ]
[1][1][1][ ][2][2][1]
[2][2][2][1][1][2][1]
[2][1][2][1][2][1][1]

Player 1 Move (Score: -2020100):
Current player: 2
[2][2][2][ ][2][ ][ ]
[1][1][1][ ][1][ ][ ]
[1][2][2][ ][2][ ][1]
[1][1][1][ ][2][2][1]
[2][2][2][1][1][2][1]
[2][1][2][1][2][1][1]

Result: Player 1 Wins

Simulating game 2/10 (Player 1 Depth: 5, Player 2 Depth: 2)
Player 1 Move (Score: 0):
Current player: 2
[ ][ ][ ][ ][ ][ ][ ]
[ ][ ][ ][ ][ ][ ][ ]
[ ][ ][ ][ ][ ][ ][ ]
[ ][ ][ ][ ][ ][ ][ ]
[ ][ ][ ][ ][ ][ ][ ]
[ ][1][ ][ ][ ][ ][ ]

Player 2 Move (Score: 0):
Current player: 1
[ ][ ][ ][ ][ ][ ][ ]
[ ][ ][ ][ ][ ][ ][ ]
[ ][ ][ ][ ][ ][ ][ ]
[ ][ ][ ][ ][ ][ ][ ]
[ ][ ][ ][ ][ ][ ][ ]
[ ][1][ ][2][ ][ ][ ]

Player 1 Move (Score: 0):
Current player: 2
[ ][ ][ ][ ][ ][ ][ ]
[ ][ ][ ][ ][ ][ ][ ]
[ ][ ][ ][ ][ ][ ][ ]
[ ][ ][ ][ ][ ][ ][ ]
[ ][ ][ ][ ][ ][ ][ ]
[ ][1][ ][2][ ][1][ ]

Player 2 Move (Score: 0):
Current player: 1
[ ][ ][ ][ ][ ][ ][ ]
[ ][ ][ ][ ][ ][ ][ ]
[ ][ ][ ][ ][ ][ ][ ]
[ ][ ][ ][ ][ ][ ][ ]
[ ][ ][ ][ ][ ][ ][ ]
[2][1][ ][2][ ][1][ ]

Player 1 Move (Score: 0):
Current player: 2
[ ][ ][ ][ ][ ][ ][ ]
[ ][ ][ ][ ][ ][ ][ ]
[ ][ ][ ][ ][ ][ ][ ]
[ ][ ][ ][ ][ ][ ][ ]
[ ][ ][ ][1][ ][ ][ ]
[2][1][ ][2][ ][1][ ]

Player 2 Move (Score: 0):
Current player: 1
[ ][ ][ ][ ][ ][ ][ ]
[ ][ ][ ][ ][ ][ ][ ]
[ ][ ][ ][ ][ ][ ][ ]
[ ][ ][ ][ ][ ][ ][ ]
[ ][ ][ ][1][ ][ ][ ]
[2][1][ ][2][2][1][ ]

Player 1 Move (Score: 0):
Current player: 2
[ ][ ][ ][ ][ ][ ][ ]
[ ][ ][ ][ ][ ][ ][ ]
[ ][ ][ ][ ][ ][ ][ ]
[ ][ ][ ][ ][ ][ ][ ]
[ ][ ][ ][1][ ][ ][ ]
[2][1][ ][2][2][1][1]

Player 2 Move (Score: 0):
Current player: 1
[ ][ ][ ][ ][ ][ ][ ]
[ ][ ][ ][ ][ ][ ][ ]
[ ][ ][ ][ ][ ][ ][ ]
[ ][ ][ ][ ][ ][ ][ ]
[ ][ ][ ][1][ ][ ][2]
[2][1][ ][2][2][1][1]

Player 1 Move (Score: -100):
Current player: 2
[ ][ ][ ][ ][ ][ ][ ]
[ ][ ][ ][ ][ ][ ][ ]
[ ][ ][ ][ ][ ][ ][ ]
[ ][ ][ ][ ][ ][ ][ ]
[ ][1][ ][1][ ][ ][2]
[2][1][ ][2][2][1][1]

Player 2 Move (Score: -100):
Current player: 1
[ ][ ][ ][ ][ ][ ][ ]
[ ][ ][ ][ ][ ][ ][ ]
[ ][ ][ ][ ][ ][ ][ ]
[ ][ ][ ][ ][ ][ ][ ]
[ ][1][ ][1][ ][ ][2]
[2][1][2][2][2][1][1]

Player 1 Move (Score: -100):
Current player: 2
[ ][ ][ ][ ][ ][ ][ ]
[ ][ ][ ][ ][ ][ ][ ]
[ ][ ][ ][ ][ ][ ][ ]
[ ][ ][ ][ ][ ][ ][1]
[ ][1][ ][1][ ][ ][2]
[2][1][2][2][2][1][1]

Player 2 Move (Score: -100):
Current player: 1
[ ][ ][ ][ ][ ][ ][ ]
[ ][ ][ ][ ][ ][ ][ ]
[ ][ ][ ][ ][ ][ ][ ]
[ ][ ][ ][ ][ ][ ][1]
[2][1][ ][1][ ][ ][2]
[2][1][2][2][2][1][1]

Player 1 Move (Score: -200):
Current player: 2
[ ][ ][ ][ ][ ][ ][ ]
[ ][ ][ ][ ][ ][ ][ ]
[ ][ ][ ][ ][ ][ ][1]
[ ][ ][ ][ ][ ][ ][1]
[2][1][ ][1][ ][ ][2]
[2][1][2][2][2][1][1]

Player 2 Move (Score: -200):
Current player: 1
[ ][ ][ ][ ][ ][ ][ ]
[ ][ ][ ][ ][ ][ ][ ]
[ ][ ][ ][ ][ ][ ][1]
[ ][ ][ ][ ][ ][ ][1]
[2][1][ ][1][ ][2][2]
[2][1][2][2][2][1][1]

Player 1 Move (Score: -300):
Current player: 2
[ ][ ][ ][ ][ ][ ][ ]
[ ][ ][ ][ ][ ][ ][ ]
[ ][ ][ ][ ][ ][ ][1]
[ ][ ][ ][ ][ ][1][1]
[2][1][ ][1][ ][2][2]
[2][1][2][2][2][1][1]

Player 2 Move (Score: -200):
Current player: 1
[ ][ ][ ][ ][ ][ ][ ]
[ ][ ][ ][ ][ ][ ][ ]
[ ][ ][ ][ ][ ][2][1]
[ ][ ][ ][ ][ ][1][1]
[2][1][ ][1][ ][2][2]
[2][1][2][2][2][1][1]

Player 1 Move (Score: -300):
Current player: 2
[ ][ ][ ][ ][ ][ ][ ]
[ ][ ][ ][ ][ ][1][ ]
[ ][ ][ ][ ][ ][2][1]
[ ][ ][ ][ ][ ][1][1]
[2][1][ ][1][ ][2][2]
[2][1][2][2][2][1][1]

Player 2 Move (Score: -200):
Current player: 1
[ ][ ][ ][ ][ ][2][ ]
[ ][ ][ ][ ][ ][1][ ]
[ ][ ][ ][ ][ ][2][1]
[ ][ ][ ][ ][ ][1][1]
[2][1][ ][1][ ][2][2]
[2][1][2][2][2][1][1]

Player 1 Move (Score: -300):
Current player: 2
[ ][ ][ ][ ][ ][2][ ]
[ ][ ][ ][ ][ ][1][ ]
[ ][ ][ ][ ][ ][2][1]
[ ][ ][ ][1][ ][1][1]
[2][1][ ][1][ ][2][2]
[2][1][2][2][2][1][1]

Player 2 Move (Score: -200):
Current player: 1
[ ][ ][ ][ ][ ][2][ ]
[ ][ ][ ][ ][ ][1][ ]
[ ][ ][ ][2][ ][2][1]
[ ][ ][ ][1][ ][1][1]
[2][1][ ][1][ ][2][2]
[2][1][2][2][2][1][1]

Player 1 Move (Score: -200):
Current player: 2
[ ][ ][ ][ ][ ][2][ ]
[ ][ ][ ][1][ ][1][ ]
[ ][ ][ ][2][ ][2][1]
[ ][ ][ ][1][ ][1][1]
[2][1][ ][1][ ][2][2]
[2][1][2][2][2][1][1]

Player 2 Move (Score: -200):
Current player: 1
[ ][ ][ ][2][ ][2][ ]
[ ][ ][ ][1][ ][1][ ]
[ ][ ][ ][2][ ][2][1]
[ ][ ][ ][1][ ][1][1]
[2][1][ ][1][ ][2][2]
[2][1][2][2][2][1][1]

Player 1 Move (Score: -10100):
Current player: 2
[ ][ ][ ][2][ ][2][ ]
[ ][ ][ ][1][ ][1][1]
[ ][ ][ ][2][ ][2][1]
[ ][ ][ ][1][ ][1][1]
[2][1][ ][1][ ][2][2]
[2][1][2][2][2][1][1]

Player 2 Move (Score: -10000):
Current player: 1
[ ][ ][ ][2][ ][2][ ]
[ ][ ][ ][1][ ][1][1]
[ ][ ][ ][2][ ][2][1]
[ ][ ][ ][1][ ][1][1]
[2][1][ ][1][2][2][2]
[2][1][2][2][2][1][1]

Player 1 Move (Score: -34000):
Current player: 2
[ ][ ][ ][2][ ][2][ ]
[ ][ ][ ][1][ ][1][1]
[ ][ ][ ][2][ ][2][1]
[1][ ][ ][1][ ][1][1]
[2][1][ ][1][2][2][2]
[2][1][2][2][2][1][1]

Player 2 Move (Score: -10000):
Current player: 1
[ ][ ][ ][2][ ][2][ ]
[ ][ ][ ][1][ ][1][1]
[2][ ][ ][2][ ][2][1]
[1][ ][ ][1][ ][1][1]
[2][1][ ][1][2][2][2]
[2][1][2][2][2][1][1]

Player 1 Move (Score: -1979900):
Current player: 2
[ ][ ][ ][2][ ][2][ ]
[ ][ ][ ][1][ ][1][1]
[2][ ][ ][2][ ][2][1]
[1][ ][ ][1][ ][1][1]
[2][1][1][1][2][2][2]
[2][1][2][2][2][1][1]

Player 2 Move (Score: -20000):
Current player: 1
[ ][ ][ ][2][ ][2][ ]
[ ][ ][ ][1][ ][1][1]
[2][ ][ ][2][ ][2][1]
[1][ ][2][1][ ][1][1]
[2][1][1][1][2][2][2]
[2][1][2][2][2][1][1]

Player 1 Move (Score: -1979900):
Current player: 2
[ ][ ][ ][2][ ][2][ ]
[1][ ][ ][1][ ][1][1]
[2][ ][ ][2][ ][2][1]
[1][ ][2][1][ ][1][1]
[2][1][1][1][2][2][2]
[2][1][2][2][2][1][1]

Player 2 Move (Score: -20200):
Current player: 1
[2][ ][ ][2][ ][2][ ]
[1][ ][ ][1][ ][1][1]
[2][ ][ ][2][ ][2][1]
[1][ ][2][1][ ][1][1]
[2][1][1][1][2][2][2]
[2][1][2][2][2][1][1]

Player 1 Move (Score: -2010000):
Current player: 2
[2][ ][ ][2][ ][2][1]
[1][ ][ ][1][ ][1][1]
[2][ ][ ][2][ ][2][1]
[1][ ][2][1][ ][1][1]
[2][1][1][1][2][2][2]
[2][1][2][2][2][1][1]

Result: Player 1 Wins

Simulating game 3/10 (Player 1 Depth: 5, Player 2 Depth: 2)
Player 1 Move (Score: 0):
Current player: 2
[ ][ ][ ][ ][ ][ ][ ]
[ ][ ][ ][ ][ ][ ][ ]
[ ][ ][ ][ ][ ][ ][ ]
[ ][ ][ ][ ][ ][ ][ ]
[ ][ ][ ][ ][ ][ ][ ]
[ ][ ][ ][1][ ][ ][ ]

Player 2 Move (Score: 0):
Current player: 1
[ ][ ][ ][ ][ ][ ][ ]
[ ][ ][ ][ ][ ][ ][ ]
[ ][ ][ ][ ][ ][ ][ ]
[ ][ ][ ][ ][ ][ ][ ]
[ ][ ][ ][ ][ ][ ][ ]
[ ][ ][2][1][ ][ ][ ]

Player 1 Move (Score: 0):
Current player: 2
[ ][ ][ ][ ][ ][ ][ ]
[ ][ ][ ][ ][ ][ ][ ]
[ ][ ][ ][ ][ ][ ][ ]
[ ][ ][ ][ ][ ][ ][ ]
[ ][ ][ ][ ][ ][ ][ ]
[ ][ ][2][1][1][ ][ ]

Player 2 Move (Score: 0):
Current player: 1
[ ][ ][ ][ ][ ][ ][ ]
[ ][ ][ ][ ][ ][ ][ ]
[ ][ ][ ][ ][ ][ ][ ]
[ ][ ][ ][ ][ ][ ][ ]
[ ][ ][2][ ][ ][ ][ ]
[ ][ ][2][1][1][ ][ ]

Player 1 Move (Score: 0):
Current player: 2
[ ][ ][ ][ ][ ][ ][ ]
[ ][ ][ ][ ][ ][ ][ ]
[ ][ ][ ][ ][ ][ ][ ]
[ ][ ][ ][ ][ ][ ][ ]
[ ][ ][2][ ][1][ ][ ]
[ ][ ][2][1][1][ ][ ]

Player 2 Move (Score: -100):
Current player: 1
[ ][ ][ ][ ][ ][ ][ ]
[ ][ ][ ][ ][ ][ ][ ]
[ ][ ][ ][ ][ ][ ][ ]
[ ][ ][ ][ ][ ][ ][ ]
[ ][ ][2][ ][1][ ][ ]
[ ][ ][2][1][1][2][ ]

Player 1 Move (Score: -200):
Current player: 2
[ ][ ][ ][ ][ ][ ][ ]
[ ][ ][ ][ ][ ][ ][ ]
[ ][ ][ ][ ][ ][ ][ ]
[ ][ ][ ][ ][ ][ ][ ]
[ ][ ][2][ ][1][ ][ ]
[ ][ ][2][1][1][2][1]

Player 2 Move (Score: -100):
Current player: 1
[ ][ ][ ][ ][ ][ ][ ]
[ ][ ][ ][ ][ ][ ][ ]
[ ][ ][ ][ ][ ][ ][ ]
[ ][ ][ ][ ][ ][ ][ ]
[ ][ ][2][ ][1][ ][ ]
[2][ ][2][1][1][2][1]

Player 1 Move (Score: -200):
Current player: 2
[ ][ ][ ][ ][ ][ ][ ]
[ ][ ][ ][ ][ ][ ][ ]
[ ][ ][ ][ ][ ][ ][ ]
[ ][ ][1][ ][ ][ ][ ]
[ ][ ][2][ ][1][ ][ ]
[2][ ][2][1][1][2][1]

Player 2 Move (Score: -200):
Current player: 1
[ ][ ][ ][ ][ ][ ][ ]
[ ][ ][ ][ ][ ][ ][ ]
[ ][ ][ ][ ][ ][ ][ ]
[ ][ ][1][ ][ ][ ][ ]
[ ][ ][2][ ][1][ ][2]
[2][ ][2][1][1][2][1]

Player 1 Move (Score: -100):
Current player: 2
[ ][ ][ ][ ][ ][ ][ ]
[ ][ ][ ][ ][ ][ ][ ]
[ ][ ][ ][ ][ ][ ][ ]
[ ][ ][1][ ][1][ ][ ]
[ ][ ][2][ ][1][ ][2]
[2][ ][2][1][1][2][1]

Player 2 Move (Score: -10200):
Current player: 1
[ ][ ][ ][ ][ ][ ][ ]
[ ][ ][ ][ ][ ][ ][ ]
[ ][ ][2][ ][ ][ ][ ]
[ ][ ][1][ ][1][ ][ ]
[ ][ ][2][ ][1][ ][2]
[2][ ][2][1][1][2][1]

Player 1 Move (Score: -10100):
Current player: 2
[ ][ ][ ][ ][ ][ ][ ]
[ ][ ][ ][ ][ ][ ][ ]
[ ][ ][2][ ][ ][ ][ ]
[ ][ ][1][ ][1][ ][ ]
[ ][ ][2][ ][1][ ][2]
[2][1][2][1][1][2][1]

Player 2 Move (Score: -10200):
Current player: 1
[ ][ ][ ][ ][ ][ ][ ]
[ ][ ][ ][ ][ ][ ][ ]
[ ][ ][2][ ][ ][ ][ ]
[ ][ ][1][ ][1][ ][ ]
[ ][ ][2][2][1][ ][2]
[2][1][2][1][1][2][1]

Player 1 Move (Score: -10200):
Current player: 2
[ ][ ][ ][ ][ ][ ][ ]
[ ][ ][ ][ ][ ][ ][ ]
[ ][ ][2][ ][ ][ ][ ]
[ ][ ][1][ ][1][ ][1]
[ ][ ][2][2][1][ ][2]
[2][1][2][1][1][2][1]

Player 2 Move (Score: -10100):
Current player: 1
[ ][ ][ ][ ][ ][ ][ ]
[ ][ ][ ][ ][ ][ ][ ]
[ ][ ][2][ ][ ][ ][ ]
[ ][ ][1][ ][1][ ][1]
[2][ ][2][2][1][ ][2]
[2][1][2][1][1][2][1]

Player 1 Move (Score: -10500):
Current player: 2
[ ][ ][ ][ ][ ][ ][ ]
[ ][ ][ ][ ][ ][ ][ ]
[ ][ ][2][ ][ ][ ][ ]
[ ][ ][1][ ][1][ ][1]
[2][1][2][2][1][ ][2]
[2][1][2][1][1][2][1]

Player 2 Move (Score: -10400):
Current player: 1
[ ][ ][ ][ ][ ][ ][ ]
[ ][ ][ ][ ][ ][ ][ ]
[ ][ ][2][ ][ ][ ][ ]
[ ][ ][1][ ][1][ ][1]
[2][1][2][2][1][2][2]
[2][1][2][1][1][2][1]

Player 1 Move (Score: -10400):
Current player: 2
[ ][ ][ ][ ][ ][ ][ ]
[ ][ ][ ][ ][ ][ ][ ]
[ ][ ][2][ ][ ][ ][1]
[ ][ ][1][ ][1][ ][1]
[2][1][2][2][1][2][2]
[2][1][2][1][1][2][1]

Player 2 Move (Score: -10300):
Current player: 1
[ ][ ][ ][ ][ ][ ][ ]
[ ][ ][2][ ][ ][ ][ ]
[ ][ ][2][ ][ ][ ][1]
[ ][ ][1][ ][1][ ][1]
[2][1][2][2][1][2][2]
[2][1][2][1][1][2][1]

Player 1 Move (Score: -10400):
Current player: 2
[ ][ ][1][ ][ ][ ][ ]
[ ][ ][2][ ][ ][ ][ ]
[ ][ ][2][ ][ ][ ][1]
[ ][ ][1][ ][1][ ][1]
[2][1][2][2][1][2][2]
[2][1][2][1][1][2][1]

Player 2 Move (Score: -10200):
Current player: 1
[ ][ ][1][ ][ ][ ][ ]
[ ][ ][2][ ][ ][ ][ ]
[ ][ ][2][ ][ ][ ][1]
[2][ ][1][ ][1][ ][1]
[2][1][2][2][1][2][2]
[2][1][2][1][1][2][1]

Player 1 Move (Score: -20000):
Current player: 2
[ ][ ][1][ ][ ][ ][ ]
[ ][ ][2][ ][ ][ ][ ]
[1][ ][2][ ][ ][ ][1]
[2][ ][1][ ][1][ ][1]
[2][1][2][2][1][2][2]
[2][1][2][1][1][2][1]

Player 2 Move (Score: -10400):
Current player: 1
[ ][ ][1][ ][ ][ ][ ]
[2][ ][2][ ][ ][ ][ ]
[1][ ][2][ ][ ][ ][1]
[2][ ][1][ ][1][ ][1]
[2][1][2][2][1][2][2]
[2][1][2][1][1][2][1]

Player 1 Move (Score: -20000):
Current player: 2
[1][ ][1][ ][ ][ ][ ]
[2][ ][2][ ][ ][ ][ ]
[1][ ][2][ ][ ][ ][1]
[2][ ][1][ ][1][ ][1]
[2][1][2][2][1][2][2]
[2][1][2][1][1][2][1]

Player 2 Move (Score: -20000):
Current player: 1
[1][ ][1][ ][ ][ ][ ]
[2][ ][2][ ][ ][ ][ ]
[1][ ][2][ ][ ][ ][1]
[2][ ][1][2][1][ ][1]
[2][1][2][2][1][2][2]
[2][1][2][1][1][2][1]

Player 1 Move (Score: -29870):
Current player: 2
[1][ ][1][ ][ ][ ][ ]
[2][ ][2][ ][ ][ ][ ]
[1][ ][2][ ][ ][ ][1]
[2][1][1][2][1][ ][1]
[2][1][2][2][1][2][2]
[2][1][2][1][1][2][1]

Player 2 Move (Score: -20000):
Current player: 1
[1][ ][1][ ][ ][ ][ ]
[2][ ][2][ ][ ][ ][2]
[1][ ][2][ ][ ][ ][1]
[2][1][1][2][1][ ][1]
[2][1][2][2][1][2][2]
[2][1][2][1][1][2][1]

Player 1 Move (Score: -2009700):
Current player: 2
[1][ ][1][ ][ ][ ][1]
[2][ ][2][ ][ ][ ][2]
[1][ ][2][ ][ ][ ][1]
[2][1][1][2][1][ ][1]
[2][1][2][2][1][2][2]
[2][1][2][1][1][2][1]

Player 2 Move (Score: -20100):
Current player: 1
[1][ ][1][ ][ ][ ][1]
[2][ ][2][ ][ ][ ][2]
[1][ ][2][ ][ ][ ][1]
[2][1][1][2][1][2][1]
[2][1][2][2][1][2][2]
[2][1][2][1][1][2][1]

Player 1 Move (Score: -2009800):
Current player: 2
[1][ ][1][ ][ ][ ][1]
[2][ ][2][ ][ ][ ][2]
[1][1][2][ ][ ][ ][1]
[2][1][1][2][1][2][1]
[2][1][2][2][1][2][2]
[2][1][2][1][1][2][1]

Result: Player 1 Wins

Simulating game 4/10 (Player 1 Depth: 5, Player 2 Depth: 2)
Player 1 Move (Score: 0):
Current player: 2
[ ][ ][ ][ ][ ][ ][ ]
[ ][ ][ ][ ][ ][ ][ ]
[ ][ ][ ][ ][ ][ ][ ]
[ ][ ][ ][ ][ ][ ][ ]
[ ][ ][ ][ ][ ][ ][ ]
[ ][ ][ ][ ][ ][1][ ]

Player 2 Move (Score: 0):
Current player: 1
[ ][ ][ ][ ][ ][ ][ ]
[ ][ ][ ][ ][ ][ ][ ]
[ ][ ][ ][ ][ ][ ][ ]
[ ][ ][ ][ ][ ][ ][ ]
[ ][ ][ ][ ][ ][ ][ ]
[ ][ ][ ][ ][2][1][ ]

Player 1 Move (Score: 0):
Current player: 2
[ ][ ][ ][ ][ ][ ][ ]
[ ][ ][ ][ ][ ][ ][ ]
[ ][ ][ ][ ][ ][ ][ ]
[ ][ ][ ][ ][ ][ ][ ]
[ ][ ][ ][ ][ ][ ][ ]
[ ][ ][1][ ][2][1][ ]

Player 2 Move (Score: 0):
Current player: 1
[ ][ ][ ][ ][ ][ ][ ]
[ ][ ][ ][ ][ ][ ][ ]
[ ][ ][ ][ ][ ][ ][ ]
[ ][ ][ ][ ][ ][ ][ ]
[ ][ ][ ][ ][ ][2][ ]
[ ][ ][1][ ][2][1][ ]

Player 1 Move (Score: 0):
Current player: 2
[ ][ ][ ][ ][ ][ ][ ]
[ ][ ][ ][ ][ ][ ][ ]
[ ][ ][ ][ ][ ][ ][ ]
[ ][ ][ ][ ][ ][1][ ]
[ ][ ][ ][ ][ ][2][ ]
[ ][ ][1][ ][2][1][ ]

Player 2 Move (Score: 0):
Current player: 1
[ ][ ][ ][ ][ ][ ][ ]
[ ][ ][ ][ ][ ][ ][ ]
[ ][ ][ ][ ][ ][ ][ ]
[ ][ ][ ][ ][ ][1][ ]
[ ][ ][ ][ ][ ][2][ ]
[ ][ ][1][2][2][1][ ]

Player 1 Move (Score: 0):
Current player: 2
[ ][ ][ ][ ][ ][ ][ ]
[ ][ ][ ][ ][ ][ ][ ]
[ ][ ][ ][ ][ ][1][ ]
[ ][ ][ ][ ][ ][1][ ]
[ ][ ][ ][ ][ ][2][ ]
[ ][ ][1][2][2][1][ ]

Player 2 Move (Score: -100):
Current player: 1
[ ][ ][ ][ ][ ][ ][ ]
[ ][ ][ ][ ][ ][ ][ ]
[ ][ ][ ][ ][ ][1][ ]
[ ][ ][ ][ ][ ][1][ ]
[ ][ ][ ][ ][ ][2][ ]
[2][ ][1][2][2][1][ ]

Player 1 Move (Score: 0):
Current player: 2
[ ][ ][ ][ ][ ][ ][ ]
[ ][ ][ ][ ][ ][ ][ ]
[ ][ ][ ][ ][ ][1][ ]
[ ][ ][ ][ ][ ][1][ ]
[ ][ ][1][ ][ ][2][ ]
[2][ ][1][2][2][1][ ]

Player 2 Move (Score: -200):
Current player: 1
[ ][ ][ ][ ][ ][ ][ ]
[ ][ ][ ][ ][ ][ ][ ]
[ ][ ][ ][ ][ ][1][ ]
[ ][ ][ ][ ][ ][1][ ]
[ ][ ][1][ ][ ][2][ ]
[2][2][1][2][2][1][ ]

Player 1 Move (Score: -200):
Current player: 2
[ ][ ][ ][ ][ ][ ][ ]
[ ][ ][ ][ ][ ][ ][ ]
[ ][ ][ ][ ][ ][1][ ]
[ ][ ][ ][ ][ ][1][ ]
[1][ ][1][ ][ ][2][ ]
[2][2][1][2][2][1][ ]

Player 2 Move (Score: -200):
Current player: 1
[ ][ ][ ][ ][ ][ ][ ]
[ ][ ][ ][ ][ ][2][ ]
[ ][ ][ ][ ][ ][1][ ]
[ ][ ][ ][ ][ ][1][ ]
[1][ ][1][ ][ ][2][ ]
[2][2][1][2][2][1][ ]

Player 1 Move (Score: -100):
Current player: 2
[ ][ ][ ][ ][ ][ ][ ]
[ ][ ][ ][ ][ ][2][ ]
[ ][ ][ ][ ][ ][1][ ]
[ ][ ][ ][ ][ ][1][ ]
[1][ ][1][ ][ ][2][ ]
[2][2][1][2][2][1][1]

Player 2 Move (Score: -200):
Current player: 1
[ ][ ][ ][ ][ ][2][ ]
[ ][ ][ ][ ][ ][2][ ]
[ ][ ][ ][ ][ ][1][ ]
[ ][ ][ ][ ][ ][1][ ]
[1][ ][1][ ][ ][2][ ]
[2][2][1][2][2][1][1]

Player 1 Move (Score: -300):
Current player: 2
[ ][ ][ ][ ][ ][2][ ]
[ ][ ][ ][ ][ ][2][ ]
[ ][ ][ ][ ][ ][1][ ]
[ ][ ][ ][ ][ ][1][ ]
[1][ ][1][1][ ][2][ ]
[2][2][1][2][2][1][1]

Player 2 Move (Score: -300):
Current player: 1
[ ][ ][ ][ ][ ][2][ ]
[ ][ ][ ][ ][ ][2][ ]
[ ][ ][ ][ ][ ][1][ ]
[ ][ ][ ][ ][ ][1][ ]
[1][ ][1][1][ ][2][2]
[2][2][1][2][2][1][1]

Player 1 Move (Score: -300):
Current player: 2
[ ][ ][ ][ ][ ][2][ ]
[ ][ ][ ][ ][ ][2][ ]
[ ][ ][ ][ ][ ][1][ ]
[ ][ ][ ][1][ ][1][ ]
[1][ ][1][1][ ][2][2]
[2][2][1][2][2][1][1]

Player 2 Move (Score: -300):
Current player: 1
[ ][ ][ ][ ][ ][2][ ]
[ ][ ][ ][ ][ ][2][ ]
[ ][ ][ ][2][ ][1][ ]
[ ][ ][ ][1][ ][1][ ]
[1][ ][1][1][ ][2][2]
[2][2][1][2][2][1][1]

Player 1 Move (Score: -10400):
Current player: 2
[ ][ ][ ][ ][ ][2][ ]
[ ][ ][ ][ ][ ][2][ ]
[ ][ ][ ][2][ ][1][ ]
[ ][ ][1][1][ ][1][ ]
[1][ ][1][1][ ][2][2]
[2][2][1][2][2][1][1]

Player 2 Move (Score: -10430):
Current player: 1
[ ][ ][ ][ ][ ][2][ ]
[ ][ ][ ][2][ ][2][ ]
[ ][ ][ ][2][ ][1][ ]
[ ][ ][1][1][ ][1][ ]
[1][ ][1][1][ ][2][2]
[2][2][1][2][2][1][1]

Player 1 Move (Score: -10400):
Current player: 2
[ ][ ][ ][ ][ ][2][ ]
[ ][ ][ ][2][ ][2][ ]
[ ][ ][ ][2][ ][1][ ]
[ ][ ][1][1][ ][1][1]
[1][ ][1][1][ ][2][2]
[2][2][1][2][2][1][1]

Player 2 Move (Score: -10500):
Current player: 1
[ ][ ][ ][2][ ][2][ ]
[ ][ ][ ][2][ ][2][ ]
[ ][ ][ ][2][ ][1][ ]
[ ][ ][1][1][ ][1][1]
[1][ ][1][1][ ][2][2]
[2][2][1][2][2][1][1]

Player 1 Move (Score: -20200):
Current player: 2
[ ][ ][ ][2][ ][2][ ]
[ ][ ][ ][2][ ][2][ ]
[ ][ ][ ][2][ ][1][1]
[ ][ ][1][1][ ][1][1]
[1][ ][1][1][ ][2][2]
[2][2][1][2][2][1][1]

Player 2 Move (Score: -10500):
Current player: 1
[ ][ ][ ][2][ ][2][ ]
[ ][ ][ ][2][ ][2][ ]
[ ][ ][ ][2][ ][1][1]
[2][ ][1][1][ ][1][1]
[1][ ][1][1][ ][2][2]
[2][2][1][2][2][1][1]

Player 1 Move (Score: -20100):
Current player: 2
[ ][ ][ ][2][ ][2][ ]
[ ][ ][ ][2][ ][2][ ]
[1][ ][ ][2][ ][1][1]
[2][ ][1][1][ ][1][1]
[1][ ][1][1][ ][2][2]
[2][2][1][2][2][1][1]

Player 2 Move (Score: -10400):
Current player: 1
[ ][ ][ ][2][ ][2][ ]
[2][ ][ ][2][ ][2][ ]
[1][ ][ ][2][ ][1][1]
[2][ ][1][1][ ][1][1]
[1][ ][1][1][ ][2][2]
[2][2][1][2][2][1][1]

Player 1 Move (Score: -2010100):
Current player: 2
[1][ ][ ][2][ ][2][ ]
[2][ ][ ][2][ ][2][ ]
[1][ ][ ][2][ ][1][1]
[2][ ][1][1][ ][1][1]
[1][ ][1][1][ ][2][2]
[2][2][1][2][2][1][1]

Player 2 Move (Score: -20100):
Current player: 1
[1][ ][ ][2][ ][2][ ]
[2][ ][ ][2][ ][2][ ]
[1][ ][ ][2][ ][1][1]
[2][ ][1][1][ ][1][1]
[1][ ][1][1][2][2][2]
[2][2][1][2][2][1][1]

Player 1 Move (Score: -2010100):
Current player: 2
[1][ ][ ][2][ ][2][ ]
[2][ ][ ][2][ ][2][1]
[1][ ][ ][2][ ][1][1]
[2][ ][1][1][ ][1][1]
[1][ ][1][1][2][2][2]
[2][2][1][2][2][1][1]

Player 2 Move (Score: -2010100):
Current player: 1
[1][ ][ ][2][ ][2][2]
[2][ ][ ][2][ ][2][1]
[1][ ][ ][2][ ][1][1]
[2][ ][1][1][ ][1][1]
[1][ ][1][1][2][2][2]
[2][2][1][2][2][1][1]

Player 1 Move (Score: -2010100):
Current player: 2
[1][ ][ ][2][ ][2][2]
[2][ ][ ][2][ ][2][1]
[1][ ][ ][2][ ][1][1]
[2][ ][1][1][ ][1][1]
[1][1][1][1][2][2][2]
[2][2][1][2][2][1][1]

Result: Player 1 Wins

Simulating game 5/10 (Player 1 Depth: 5, Player 2 Depth: 2)
Player 1 Move (Score: 0):
Current player: 2
[ ][ ][ ][ ][ ][ ][ ]
[ ][ ][ ][ ][ ][ ][ ]
[ ][ ][ ][ ][ ][ ][ ]
[ ][ ][ ][ ][ ][ ][ ]
[ ][ ][ ][ ][ ][ ][ ]
[ ][ ][ ][ ][ ][1][ ]

Player 2 Move (Score: 0):
Current player: 1
[ ][ ][ ][ ][ ][ ][ ]
[ ][ ][ ][ ][ ][ ][ ]
[ ][ ][ ][ ][ ][ ][ ]
[ ][ ][ ][ ][ ][ ][ ]
[ ][ ][ ][ ][ ][ ][ ]
[ ][ ][2][ ][ ][1][ ]

Player 1 Move (Score: 0):
Current player: 2
[ ][ ][ ][ ][ ][ ][ ]
[ ][ ][ ][ ][ ][ ][ ]
[ ][ ][ ][ ][ ][ ][ ]
[ ][ ][ ][ ][ ][ ][ ]
[ ][ ][ ][ ][ ][ ][ ]
[ ][ ][2][ ][ ][1][1]

Player 2 Move (Score: 0):
Current player: 1
[ ][ ][ ][ ][ ][ ][ ]
[ ][ ][ ][ ][ ][ ][ ]
[ ][ ][ ][ ][ ][ ][ ]
[ ][ ][ ][ ][ ][ ][ ]
[ ][ ][ ][ ][ ][2][ ]
[ ][ ][2][ ][ ][1][1]

Player 1 Move (Score: 0):
Current player: 2
[ ][ ][ ][ ][ ][ ][ ]
[ ][ ][ ][ ][ ][ ][ ]
[ ][ ][ ][ ][ ][ ][ ]
[ ][ ][ ][ ][ ][ ][ ]
[ ][ ][ ][ ][ ][2][ ]
[ ][1][2][ ][ ][1][1]

Player 2 Move (Score: 0):
Current player: 1
[ ][ ][ ][ ][ ][ ][ ]
[ ][ ][ ][ ][ ][ ][ ]
[ ][ ][ ][ ][ ][ ][ ]
[ ][ ][ ][ ][ ][ ][ ]
[ ][ ][ ][ ][ ][2][ ]
[2][1][2][ ][ ][1][1]

Player 1 Move (Score: 0):
Current player: 2
[ ][ ][ ][ ][ ][ ][ ]
[ ][ ][ ][ ][ ][ ][ ]
[ ][ ][ ][ ][ ][ ][ ]
[ ][ ][ ][ ][ ][ ][ ]
[ ][ ][1][ ][ ][2][ ]
[2][1][2][ ][ ][1][1]

Player 2 Move (Score: -200):
Current player: 1
[ ][ ][ ][ ][ ][ ][ ]
[ ][ ][ ][ ][ ][ ][ ]
[ ][ ][ ][ ][ ][ ][ ]
[ ][ ][2][ ][ ][ ][ ]
[ ][ ][1][ ][ ][2][ ]
[2][1][2][ ][ ][1][1]

Player 1 Move (Score: -100):
Current player: 2
[ ][ ][ ][ ][ ][ ][ ]
[ ][ ][ ][ ][ ][ ][ ]
[ ][ ][ ][ ][ ][ ][ ]
[ ][ ][2][ ][ ][ ][ ]
[ ][ ][1][ ][ ][2][1]
[2][1][2][ ][ ][1][1]

Player 2 Move (Score: -200):
Current player: 1
[ ][ ][ ][ ][ ][ ][ ]
[ ][ ][ ][ ][ ][ ][ ]
[ ][ ][ ][ ][ ][ ][ ]
[ ][ ][2][ ][ ][2][ ]
[ ][ ][1][ ][ ][2][1]
[2][1][2][ ][ ][1][1]

Player 1 Move (Score: -200):
Current player: 2
[ ][ ][ ][ ][ ][ ][ ]
[ ][ ][ ][ ][ ][ ][ ]
[ ][ ][ ][ ][ ][1][ ]
[ ][ ][2][ ][ ][2][ ]
[ ][ ][1][ ][ ][2][1]
[2][1][2][ ][ ][1][1]

Player 2 Move (Score: -300):
Current player: 1
[ ][ ][ ][ ][ ][ ][ ]
[ ][ ][ ][ ][ ][2][ ]
[ ][ ][ ][ ][ ][1][ ]
[ ][ ][2][ ][ ][2][ ]
[ ][ ][1][ ][ ][2][1]
[2][1][2][ ][ ][1][1]

Player 1 Move (Score: -200):
Current player: 2
[ ][ ][ ][ ][ ][1][ ]
[ ][ ][ ][ ][ ][2][ ]
[ ][ ][ ][ ][ ][1][ ]
[ ][ ][2][ ][ ][2][ ]
[ ][ ][1][ ][ ][2][1]
[2][1][2][ ][ ][1][1]

Player 2 Move (Score: -200):
Current player: 1
[ ][ ][ ][ ][ ][1][ ]
[ ][ ][ ][ ][ ][2][ ]
[ ][ ][ ][ ][ ][1][ ]
[ ][ ][2][ ][ ][2][ ]
[2][ ][1][ ][ ][2][1]
[2][1][2][ ][ ][1][1]

Player 1 Move (Score: -200):
Current player: 2
[ ][ ][ ][ ][ ][1][ ]
[ ][ ][ ][ ][ ][2][ ]
[ ][ ][ ][ ][ ][1][ ]
[1][ ][2][ ][ ][2][ ]
[2][ ][1][ ][ ][2][1]
[2][1][2][ ][ ][1][1]

Player 2 Move (Score: -200):
Current player: 1
[ ][ ][ ][ ][ ][1][ ]
[ ][ ][ ][ ][ ][2][ ]
[ ][ ][ ][ ][ ][1][ ]
[1][ ][2][ ][ ][2][ ]
[2][ ][1][ ][ ][2][1]
[2][1][2][ ][2][1][1]

Player 1 Move (Score: -200):
Current player: 2
[ ][ ][ ][ ][ ][1][ ]
[ ][ ][ ][ ][ ][2][ ]
[ ][ ][ ][ ][ ][1][ ]
[1][ ][2][ ][ ][2][ ]
[2][ ][1][ ][ ][2][1]
[2][1][2][1][2][1][1]

Player 2 Move (Score: -200):
Current player: 1
[ ][ ][ ][ ][ ][1][ ]
[ ][ ][ ][ ][ ][2][ ]
[ ][ ][2][ ][ ][1][ ]
[1][ ][2][ ][ ][2][ ]
[2][ ][1][ ][ ][2][1]
[2][1][2][1][2][1][1]

Player 1 Move (Score: -200):
Current player: 2
[ ][ ][ ][ ][ ][1][ ]
[ ][ ][ ][ ][ ][2][ ]
[ ][ ][2][ ][ ][1][ ]
[1][ ][2][ ][ ][2][ ]
[2][ ][1][ ][1][2][1]
[2][1][2][1][2][1][1]

Player 2 Move (Score: -100):
Current player: 1
[ ][ ][ ][ ][ ][1][ ]
[ ][ ][ ][ ][ ][2][ ]
[2][ ][2][ ][ ][1][ ]
[1][ ][2][ ][ ][2][ ]
[2][ ][1][ ][1][2][1]
[2][1][2][1][2][1][1]

Player 1 Move (Score: -300):
Current player: 2
[ ][ ][ ][ ][ ][1][ ]
[1][ ][ ][ ][ ][2][ ]
[2][ ][2][ ][ ][1][ ]
[1][ ][2][ ][ ][2][ ]
[2][ ][1][ ][1][2][1]
[2][1][2][1][2][1][1]

Player 2 Move (Score: -200):
Current player: 1
[2][ ][ ][ ][ ][1][ ]
[1][ ][ ][ ][ ][2][ ]
[2][ ][2][ ][ ][1][ ]
[1][ ][2][ ][ ][2][ ]
[2][ ][1][ ][1][2][1]
[2][1][2][1][2][1][1]

Player 1 Move (Score: -200):
Current player: 2
[2][ ][ ][ ][ ][1][ ]
[1][ ][ ][ ][ ][2][ ]
[2][ ][2][ ][ ][1][ ]
[1][ ][2][ ][ ][2][ ]
[2][1][1][ ][1][2][1]
[2][1][2][1][2][1][1]

Player 2 Move (Score: -100):
Current player: 1
[2][ ][ ][ ][ ][1][ ]
[1][ ][ ][ ][ ][2][ ]
[2][ ][2][ ][ ][1][ ]
[1][ ][2][ ][ ][2][2]
[2][1][1][ ][1][2][1]
[2][1][2][1][2][1][1]

Player 1 Move (Score: -200):
Current player: 2
[2][ ][ ][ ][ ][1][ ]
[1][ ][1][ ][ ][2][ ]
[2][ ][2][ ][ ][1][ ]
[1][ ][2][ ][ ][2][2]
[2][1][1][ ][1][2][1]
[2][1][2][1][2][1][1]

Player 2 Move (Score: -200):
Current player: 1
[2][ ][ ][ ][ ][1][ ]
[1][ ][1][ ][ ][2][ ]
[2][ ][2][ ][ ][1][ ]
[1][ ][2][ ][2][2][2]
[2][1][1][ ][1][2][1]
[2][1][2][1][2][1][1]

Player 1 Move (Score: 9900):
Current player: 2
[2][ ][1][ ][ ][1][ ]
[1][ ][1][ ][ ][2][ ]
[2][ ][2][ ][ ][1][ ]
[1][ ][2][ ][2][2][2]
[2][1][1][ ][1][2][1]
[2][1][2][1][2][1][1]

Player 2 Move (Score: 10000):
Current player: 1
[2][ ][1][ ][ ][1][ ]
[1][ ][1][ ][ ][2][ ]
[2][ ][2][ ][ ][1][2]
[1][ ][2][ ][2][2][2]
[2][1][1][ ][1][2][1]
[2][1][2][1][2][1][1]

Player 1 Move (Score: 9800):
Current player: 2
[2][ ][1][ ][ ][1][ ]
[1][ ][1][ ][ ][2][1]
[2][ ][2][ ][ ][1][2]
[1][ ][2][ ][2][2][2]
[2][1][1][ ][1][2][1]
[2][1][2][1][2][1][1]

Player 2 Move (Score: 9900):
Current player: 1
[2][ ][1][ ][ ][1][2]
[1][ ][1][ ][ ][2][1]
[2][ ][2][ ][ ][1][2]
[1][ ][2][ ][2][2][2]
[2][1][1][ ][1][2][1]
[2][1][2][1][2][1][1]

Player 1 Move (Score: -1980100):
Current player: 2
[2][ ][1][ ][ ][1][2]
[1][ ][1][ ][ ][2][1]
[2][ ][2][ ][1][1][2]
[1][ ][2][ ][2][2][2]
[2][1][1][ ][1][2][1]
[2][1][2][1][2][1][1]

Player 2 Move (Score: 9900):
Current player: 1
[2][ ][1][ ][ ][1][2]
[1][ ][1][ ][2][2][1]
[2][ ][2][ ][1][1][2]
[1][ ][2][ ][2][2][2]
[2][1][1][ ][1][2][1]
[2][1][2][1][2][1][1]

Player 1 Move (Score: -1980100):
Current player: 2
[2][ ][1][ ][1][1][2]
[1][ ][1][ ][2][2][1]
[2][ ][2][ ][1][1][2]
[1][ ][2][ ][2][2][2]
[2][1][1][ ][1][2][1]
[2][1][2][1][2][1][1]

Player 2 Move (Score: 10000):
Current player: 1
[2][ ][1][ ][1][1][2]
[1][ ][1][ ][2][2][1]
[2][ ][2][ ][1][1][2]
[1][2][2][ ][2][2][2]
[2][1][1][ ][1][2][1]
[2][1][2][1][2][1][1]

Player 1 Move (Score: -1980100):
Current player: 2
[2][ ][1][ ][1][1][2]
[1][ ][1][ ][2][2][1]
[2][ ][2][ ][1][1][2]
[1][2][2][ ][2][2][2]
[2][1][1][1][1][2][1]
[2][1][2][1][2][1][1]

Result: Player 1 Wins

Simulating game 6/10 (Player 1 Depth: 5, Player 2 Depth: 2)
Player 1 Move (Score: 0):
Current player: 2
[ ][ ][ ][ ][ ][ ][ ]
[ ][ ][ ][ ][ ][ ][ ]
[ ][ ][ ][ ][ ][ ][ ]
[ ][ ][ ][ ][ ][ ][ ]
[ ][ ][ ][ ][ ][ ][ ]
[ ][1][ ][ ][ ][ ][ ]

Player 2 Move (Score: 0):
Current player: 1
[ ][ ][ ][ ][ ][ ][ ]
[ ][ ][ ][ ][ ][ ][ ]
[ ][ ][ ][ ][ ][ ][ ]
[ ][ ][ ][ ][ ][ ][ ]
[ ][2][ ][ ][ ][ ][ ]
[ ][1][ ][ ][ ][ ][ ]

Player 1 Move (Score: 0):
Current player: 2
[ ][ ][ ][ ][ ][ ][ ]
[ ][ ][ ][ ][ ][ ][ ]
[ ][ ][ ][ ][ ][ ][ ]
[ ][ ][ ][ ][ ][ ][ ]
[ ][2][ ][ ][ ][ ][ ]
[ ][1][ ][1][ ][ ][ ]

Player 2 Move (Score: 0):
Current player: 1
[ ][ ][ ][ ][ ][ ][ ]
[ ][ ][ ][ ][ ][ ][ ]
[ ][ ][ ][ ][ ][ ][ ]
[ ][ ][ ][ ][ ][ ][ ]
[ ][2][ ][ ][ ][ ][ ]
[ ][1][ ][1][ ][ ][2]

Player 1 Move (Score: 0):
Current player: 2
[ ][ ][ ][ ][ ][ ][ ]
[ ][ ][ ][ ][ ][ ][ ]
[ ][ ][ ][ ][ ][ ][ ]
[ ][ ][ ][ ][ ][ ][ ]
[ ][2][ ][ ][ ][ ][ ]
[1][1][ ][1][ ][ ][2]

Player 2 Move (Score: 0):
Current player: 1
[ ][ ][ ][ ][ ][ ][ ]
[ ][ ][ ][ ][ ][ ][ ]
[ ][ ][ ][ ][ ][ ][ ]
[ ][ ][ ][ ][ ][ ][ ]
[ ][2][ ][ ][ ][ ][ ]
[1][1][ ][1][2][ ][2]

Player 1 Move (Score: 0):
Current player: 2
[ ][ ][ ][ ][ ][ ][ ]
[ ][ ][ ][ ][ ][ ][ ]
[ ][ ][ ][ ][ ][ ][ ]
[ ][ ][ ][ ][ ][ ][ ]
[ ][2][ ][ ][ ][ ][1]
[1][1][ ][1][2][ ][2]

Player 2 Move (Score: 0):
Current player: 1
[ ][ ][ ][ ][ ][ ][ ]
[ ][ ][ ][ ][ ][ ][ ]
[ ][ ][ ][ ][ ][ ][ ]
[ ][ ][ ][ ][ ][ ][2]
[ ][2][ ][ ][ ][ ][1]
[1][1][ ][1][2][ ][2]

Player 1 Move (Score: 0):
Current player: 2
[ ][ ][ ][ ][ ][ ][ ]
[ ][ ][ ][ ][ ][ ][ ]
[ ][ ][ ][ ][ ][ ][ ]
[ ][1][ ][ ][ ][ ][2]
[ ][2][ ][ ][ ][ ][1]
[1][1][ ][1][2][ ][2]

Player 2 Move (Score: 0):
Current player: 1
[ ][ ][ ][ ][ ][ ][ ]
[ ][ ][ ][ ][ ][ ][ ]
[ ][2][ ][ ][ ][ ][ ]
[ ][1][ ][ ][ ][ ][2]
[ ][2][ ][ ][ ][ ][1]
[1][1][ ][1][2][ ][2]

Player 1 Move (Score: 0):
Current player: 2
[ ][ ][ ][ ][ ][ ][ ]
[ ][1][ ][ ][ ][ ][ ]
[ ][2][ ][ ][ ][ ][ ]
[ ][1][ ][ ][ ][ ][2]
[ ][2][ ][ ][ ][ ][1]
[1][1][ ][1][2][ ][2]

Player 2 Move (Score: 0):
Current player: 1
[ ][2][ ][ ][ ][ ][ ]
[ ][1][ ][ ][ ][ ][ ]
[ ][2][ ][ ][ ][ ][ ]
[ ][1][ ][ ][ ][ ][2]
[ ][2][ ][ ][ ][ ][1]
[1][1][ ][1][2][ ][2]

Player 1 Move (Score: 0):
Current player: 2
[ ][2][ ][ ][ ][ ][ ]
[ ][1][ ][ ][ ][ ][ ]
[ ][2][ ][ ][ ][ ][1]
[ ][1][ ][ ][ ][ ][2]
[ ][2][ ][ ][ ][ ][1]
[1][1][ ][1][2][ ][2]

Player 2 Move (Score: 0):
Current player: 1
[ ][2][ ][ ][ ][ ][ ]
[ ][1][ ][ ][ ][ ][ ]
[ ][2][ ][ ][ ][ ][1]
[ ][1][ ][ ][ ][ ][2]
[ ][2][ ][ ][ ][ ][1]
[1][1][2][1][2][ ][2]

Player 1 Move (Score: 0):
Current player: 2
[ ][2][ ][ ][ ][ ][ ]
[ ][1][ ][ ][ ][ ][ ]
[ ][2][ ][ ][ ][ ][1]
[ ][1][ ][ ][ ][ ][2]
[ ][2][ ][ ][ ][ ][1]
[1][1][2][1][2][1][2]

Player 2 Move (Score: 0):
Current player: 1
[ ][2][ ][ ][ ][ ][ ]
[ ][1][ ][ ][ ][ ][2]
[ ][2][ ][ ][ ][ ][1]
[ ][1][ ][ ][ ][ ][2]
[ ][2][ ][ ][ ][ ][1]
[1][1][2][1][2][1][2]

Player 1 Move (Score: 0):
Current player: 2
[ ][2][ ][ ][ ][ ][1]
[ ][1][ ][ ][ ][ ][2]
[ ][2][ ][ ][ ][ ][1]
[ ][1][ ][ ][ ][ ][2]
[ ][2][ ][ ][ ][ ][1]
[1][1][2][1][2][1][2]

Player 2 Move (Score: 0):
Current player: 1
[ ][2][ ][ ][ ][ ][1]
[ ][1][ ][ ][ ][ ][2]
[ ][2][ ][ ][ ][ ][1]
[ ][1][ ][ ][ ][ ][2]
[ ][2][ ][ ][2][ ][1]
[1][1][2][1][2][1][2]

Player 1 Move (Score: -100):
Current player: 2
[ ][2][ ][ ][ ][ ][1]
[ ][1][ ][ ][ ][ ][2]
[ ][2][ ][ ][ ][ ][1]
[ ][1][ ][ ][ ][ ][2]
[ ][2][ ][1][2][ ][1]
[1][1][2][1][2][1][2]

Player 2 Move (Score: -100):
Current player: 1
[ ][2][ ][ ][ ][ ][1]
[ ][1][ ][ ][ ][ ][2]
[ ][2][ ][ ][ ][ ][1]
[ ][1][ ][ ][ ][ ][2]
[ ][2][2][1][2][ ][1]
[1][1][2][1][2][1][2]

Player 1 Move (Score: -200):
Current player: 2
[ ][2][ ][ ][ ][ ][1]
[ ][1][ ][ ][ ][ ][2]
[ ][2][ ][ ][ ][ ][1]
[ ][1][ ][ ][ ][ ][2]
[ ][2][2][1][2][1][1]
[1][1][2][1][2][1][2]

Player 2 Move (Score: -100):
Current player: 1
[ ][2][ ][ ][ ][ ][1]
[ ][1][ ][ ][ ][ ][2]
[ ][2][ ][ ][ ][ ][1]
[ ][1][ ][ ][ ][ ][2]
[2][2][2][1][2][1][1]
[1][1][2][1][2][1][2]

Player 1 Move (Score: -300):
Current player: 2
[ ][2][ ][ ][ ][ ][1]
[ ][1][ ][ ][ ][ ][2]
[ ][2][ ][ ][ ][ ][1]
[1][1][ ][ ][ ][ ][2]
[2][2][2][1][2][1][1]
[1][1][2][1][2][1][2]

Player 2 Move (Score: -100):
Current player: 1
[ ][2][ ][ ][ ][ ][1]
[ ][1][ ][ ][ ][ ][2]
[2][2][ ][ ][ ][ ][1]
[1][1][ ][ ][ ][ ][2]
[2][2][2][1][2][1][1]
[1][1][2][1][2][1][2]

Player 1 Move (Score: -400):
Current player: 2
[ ][2][ ][ ][ ][ ][1]
[ ][1][ ][ ][ ][ ][2]
[2][2][ ][ ][ ][ ][1]
[1][1][ ][ ][1][ ][2]
[2][2][2][1][2][1][1]
[1][1][2][1][2][1][2]

Player 2 Move (Score: -400):
Current player: 1
[ ][2][ ][ ][ ][ ][1]
[2][1][ ][ ][ ][ ][2]
[2][2][ ][ ][ ][ ][1]
[1][1][ ][ ][1][ ][2]
[2][2][2][1][2][1][1]
[1][1][2][1][2][1][2]

Player 1 Move (Score: -10300):
Current player: 2
[ ][2][ ][ ][ ][ ][1]
[2][1][ ][ ][ ][ ][2]
[2][2][ ][ ][ ][ ][1]
[1][1][1][ ][1][ ][2]
[2][2][2][1][2][1][1]
[1][1][2][1][2][1][2]

Player 2 Move (Score: -10300):
Current player: 1
[2][2][ ][ ][ ][ ][1]
[2][1][ ][ ][ ][ ][2]
[2][2][ ][ ][ ][ ][1]
[1][1][1][ ][1][ ][2]
[2][2][2][1][2][1][1]
[1][1][2][1][2][1][2]

Player 1 Move (Score: -20100):
Current player: 2
[2][2][ ][ ][ ][ ][1]
[2][1][ ][ ][ ][ ][2]
[2][2][1][ ][ ][ ][1]
[1][1][1][ ][1][ ][2]
[2][2][2][1][2][1][1]
[1][1][2][1][2][1][2]

Player 2 Move (Score: -10600):
Current player: 1
[2][2][ ][ ][ ][ ][1]
[2][1][ ][ ][ ][ ][2]
[2][2][1][ ][2][ ][1]
[1][1][1][ ][1][ ][2]
[2][2][2][1][2][1][1]
[1][1][2][1][2][1][2]

Player 1 Move (Score: -19900):
Current player: 2
[2][2][ ][ ][ ][ ][1]
[2][1][ ][ ][1][ ][2]
[2][2][1][ ][2][ ][1]
[1][1][1][ ][1][ ][2]
[2][2][2][1][2][1][1]
[1][1][2][1][2][1][2]

Player 2 Move (Score: -20100):
Current player: 1
[2][2][ ][ ][2][ ][1]
[2][1][ ][ ][1][ ][2]
[2][2][1][ ][2][ ][1]
[1][1][1][ ][1][ ][2]
[2][2][2][1][2][1][1]
[1][1][2][1][2][1][2]

Player 1 Move (Score: -40200):
Current player: 2
[2][2][ ][ ][2][ ][1]
[2][1][ ][ ][1][ ][2]
[2][2][1][ ][2][ ][1]
[1][1][1][ ][1][1][2]
[2][2][2][1][2][1][1]
[1][1][2][1][2][1][2]

Player 2 Move (Score: -20200):
Current player: 1
[2][2][ ][ ][2][ ][1]
[2][1][2][ ][1][ ][2]
[2][2][1][ ][2][ ][1]
[1][1][1][ ][1][1][2]
[2][2][2][1][2][1][1]
[1][1][2][1][2][1][2]

Player 1 Move (Score: -2020100):
Current player: 2
[2][2][ ][ ][2][ ][1]
[2][1][2][ ][1][ ][2]
[2][2][1][ ][2][1][1]
[1][1][1][ ][1][1][2]
[2][2][2][1][2][1][1]
[1][1][2][1][2][1][2]

Result: Player 1 Wins

Simulating game 7/10 (Player 1 Depth: 5, Player 2 Depth: 2)
Player 1 Move (Score: 0):
Current player: 2
[ ][ ][ ][ ][ ][ ][ ]
[ ][ ][ ][ ][ ][ ][ ]
[ ][ ][ ][ ][ ][ ][ ]
[ ][ ][ ][ ][ ][ ][ ]
[ ][ ][ ][ ][ ][ ][ ]
[ ][ ][ ][ ][ ][1][ ]

Player 2 Move (Score: 0):
Current player: 1
[ ][ ][ ][ ][ ][ ][ ]
[ ][ ][ ][ ][ ][ ][ ]
[ ][ ][ ][ ][ ][ ][ ]
[ ][ ][ ][ ][ ][ ][ ]
[ ][ ][ ][ ][ ][ ][ ]
[ ][ ][ ][ ][ ][1][2]

Player 1 Move (Score: 0):
Current player: 2
[ ][ ][ ][ ][ ][ ][ ]
[ ][ ][ ][ ][ ][ ][ ]
[ ][ ][ ][ ][ ][ ][ ]
[ ][ ][ ][ ][ ][ ][ ]
[ ][ ][ ][ ][ ][ ][ ]
[ ][ ][ ][1][ ][1][2]

Player 2 Move (Score: 0):
Current player: 1
[ ][ ][ ][ ][ ][ ][ ]
[ ][ ][ ][ ][ ][ ][ ]
[ ][ ][ ][ ][ ][ ][ ]
[ ][ ][ ][ ][ ][ ][ ]
[ ][ ][ ][ ][ ][ ][ ]
[2][ ][ ][1][ ][1][2]

Player 1 Move (Score: 0):
Current player: 2
[ ][ ][ ][ ][ ][ ][ ]
[ ][ ][ ][ ][ ][ ][ ]
[ ][ ][ ][ ][ ][ ][ ]
[ ][ ][ ][ ][ ][ ][ ]
[1][ ][ ][ ][ ][ ][ ]
[2][ ][ ][1][ ][1][2]

Player 2 Move (Score: 0):
Current player: 1
[ ][ ][ ][ ][ ][ ][ ]
[ ][ ][ ][ ][ ][ ][ ]
[ ][ ][ ][ ][ ][ ][ ]
[ ][ ][ ][ ][ ][ ][ ]
[1][ ][ ][ ][ ][ ][ ]
[2][ ][ ][1][2][1][2]

Player 1 Move (Score: 0):
Current player: 2
[ ][ ][ ][ ][ ][ ][ ]
[ ][ ][ ][ ][ ][ ][ ]
[ ][ ][ ][ ][ ][ ][ ]
[ ][ ][ ][ ][ ][ ][ ]
[1][ ][ ][ ][ ][ ][ ]
[2][ ][1][1][2][1][2]

Player 2 Move (Score: 0):
Current player: 1
[ ][ ][ ][ ][ ][ ][ ]
[ ][ ][ ][ ][ ][ ][ ]
[ ][ ][ ][ ][ ][ ][ ]
[ ][ ][ ][ ][ ][ ][ ]
[1][ ][2][ ][ ][ ][ ]
[2][ ][1][1][2][1][2]

Player 1 Move (Score: 0):
Current player: 2
[ ][ ][ ][ ][ ][ ][ ]
[ ][ ][ ][ ][ ][ ][ ]
[ ][ ][ ][ ][ ][ ][ ]
[ ][ ][ ][ ][ ][ ][ ]
[1][ ][2][ ][ ][1][ ]
[2][ ][1][1][2][1][2]

Player 2 Move (Score: -100):
Current player: 1
[ ][ ][ ][ ][ ][ ][ ]
[ ][ ][ ][ ][ ][ ][ ]
[ ][ ][ ][ ][ ][ ][ ]
[ ][ ][ ][ ][ ][ ][ ]
[1][ ][2][ ][ ][1][2]
[2][ ][1][1][2][1][2]

Player 1 Move (Score: -100):
Current player: 2
[ ][ ][ ][ ][ ][ ][ ]
[ ][ ][ ][ ][ ][ ][ ]
[ ][ ][ ][ ][ ][ ][ ]
[ ][ ][ ][ ][ ][ ][ ]
[1][ ][2][ ][ ][1][2]
[2][1][1][1][2][1][2]

Player 2 Move (Score: 0):
Current player: 1
[ ][ ][ ][ ][ ][ ][ ]
[ ][ ][ ][ ][ ][ ][ ]
[ ][ ][ ][ ][ ][ ][ ]
[ ][ ][2][ ][ ][ ][ ]
[1][ ][2][ ][ ][1][2]
[2][1][1][1][2][1][2]

Player 1 Move (Score: -100):
Current player: 2
[ ][ ][ ][ ][ ][ ][ ]
[ ][ ][ ][ ][ ][ ][ ]
[ ][ ][ ][ ][ ][ ][ ]
[ ][ ][2][ ][ ][ ][ ]
[1][ ][2][1][ ][1][2]
[2][1][1][1][2][1][2]

Player 2 Move (Score: -100):
Current player: 1
[ ][ ][ ][ ][ ][ ][ ]
[ ][ ][ ][ ][ ][ ][ ]
[ ][ ][ ][ ][ ][ ][ ]
[ ][ ][2][ ][ ][ ][ ]
[1][ ][2][1][2][1][2]
[2][1][1][1][2][1][2]

Player 1 Move (Score: -200):
Current player: 2
[ ][ ][ ][ ][ ][ ][ ]
[ ][ ][ ][ ][ ][ ][ ]
[ ][ ][1][ ][ ][ ][ ]
[ ][ ][2][ ][ ][ ][ ]
[1][ ][2][1][2][1][2]
[2][1][1][1][2][1][2]

Player 2 Move (Score: -100):
Current player: 1
[ ][ ][ ][ ][ ][ ][ ]
[ ][ ][ ][ ][ ][ ][ ]
[ ][ ][1][ ][ ][ ][ ]
[2][ ][2][ ][ ][ ][ ]
[1][ ][2][1][2][1][2]
[2][1][1][1][2][1][2]

Player 1 Move (Score: -200):
Current player: 2
[ ][ ][ ][ ][ ][ ][ ]
[ ][ ][ ][ ][ ][ ][ ]
[ ][ ][1][ ][ ][ ][ ]
[2][ ][2][1][ ][ ][ ]
[1][ ][2][1][2][1][2]
[2][1][1][1][2][1][2]

Player 2 Move (Score: -10200):
Current player: 1
[ ][ ][ ][ ][ ][ ][ ]
[ ][ ][2][ ][ ][ ][ ]
[ ][ ][1][ ][ ][ ][ ]
[2][ ][2][1][ ][ ][ ]
[1][ ][2][1][2][1][2]
[2][1][1][1][2][1][2]

Player 1 Move (Score: -10600):
Current player: 2
[ ][ ][ ][ ][ ][ ][ ]
[ ][ ][2][ ][ ][ ][ ]
[ ][ ][1][ ][ ][ ][ ]
[2][ ][2][1][ ][ ][ ]
[1][1][2][1][2][1][2]
[2][1][1][1][2][1][2]

Player 2 Move (Score: -10300):
Current player: 1
[ ][ ][2][ ][ ][ ][ ]
[ ][ ][2][ ][ ][ ][ ]
[ ][ ][1][ ][ ][ ][ ]
[2][ ][2][1][ ][ ][ ]
[1][1][2][1][2][1][2]
[2][1][1][1][2][1][2]

Player 1 Move (Score: -10600):
Current player: 2
[ ][ ][2][ ][ ][ ][ ]
[ ][ ][2][ ][ ][ ][ ]
[1][ ][1][ ][ ][ ][ ]
[2][ ][2][1][ ][ ][ ]
[1][1][2][1][2][1][2]
[2][1][1][1][2][1][2]

Player 2 Move (Score: -10200):
Current player: 1
[ ][ ][2][ ][ ][ ][ ]
[2][ ][2][ ][ ][ ][ ]
[1][ ][1][ ][ ][ ][ ]
[2][ ][2][1][ ][ ][ ]
[1][1][2][1][2][1][2]
[2][1][1][1][2][1][2]

Player 1 Move (Score: -10500):
Current player: 2
[1][ ][2][ ][ ][ ][ ]
[2][ ][2][ ][ ][ ][ ]
[1][ ][1][ ][ ][ ][ ]
[2][ ][2][1][ ][ ][ ]
[1][1][2][1][2][1][2]
[2][1][1][1][2][1][2]

Player 2 Move (Score: -10200):
Current player: 1
[1][ ][2][ ][ ][ ][ ]
[2][ ][2][ ][ ][ ][ ]
[1][ ][1][ ][ ][ ][ ]
[2][2][2][1][ ][ ][ ]
[1][1][2][1][2][1][2]
[2][1][1][1][2][1][2]

Player 1 Move (Score: -20200):
Current player: 2
[1][ ][2][ ][ ][ ][ ]
[2][ ][2][ ][ ][ ][ ]
[1][ ][1][ ][ ][ ][ ]
[2][2][2][1][ ][ ][1]
[1][1][2][1][2][1][2]
[2][1][1][1][2][1][2]

Player 2 Move (Score: -10200):
Current player: 1
[1][ ][2][ ][ ][ ][ ]
[2][ ][2][ ][ ][ ][ ]
[1][ ][1][ ][ ][ ][2]
[2][2][2][1][ ][ ][1]
[1][1][2][1][2][1][2]
[2][1][1][1][2][1][2]

Player 1 Move (Score: -20200):
Current player: 2
[1][ ][2][ ][ ][ ][ ]
[2][ ][2][ ][ ][ ][1]
[1][ ][1][ ][ ][ ][2]
[2][2][2][1][ ][ ][1]
[1][1][2][1][2][1][2]
[2][1][1][1][2][1][2]

Player 2 Move (Score: -20200):
Current player: 1
[1][ ][2][ ][ ][ ][2]
[2][ ][2][ ][ ][ ][1]
[1][ ][1][ ][ ][ ][2]
[2][2][2][1][ ][ ][1]
[1][1][2][1][2][1][2]
[2][1][1][1][2][1][2]

Player 1 Move (Score: -20200):
Current player: 2
[1][ ][2][ ][ ][ ][2]
[2][ ][2][ ][ ][ ][1]
[1][1][1][ ][ ][ ][2]
[2][2][2][1][ ][ ][1]
[1][1][2][1][2][1][2]
[2][1][1][1][2][1][2]

Player 2 Move (Score: -20200):
Current player: 1
[1][ ][2][ ][ ][ ][2]
[2][ ][2][ ][ ][ ][1]
[1][1][1][ ][ ][ ][2]
[2][2][2][1][2][ ][1]
[1][1][2][1][2][1][2]
[2][1][1][1][2][1][2]

Player 1 Move (Score: -20200):
Current player: 2
[1][ ][2][ ][ ][ ][2]
[2][ ][2][ ][ ][ ][1]
[1][1][1][ ][ ][ ][2]
[2][2][2][1][2][1][1]
[1][1][2][1][2][1][2]
[2][1][1][1][2][1][2]

Player 2 Move (Score: -1979900):
Current player: 1
[1][ ][2][ ][ ][ ][2]
[2][ ][2][ ][ ][ ][1]
[1][1][1][ ][2][ ][2]
[2][2][2][1][2][1][1]
[1][1][2][1][2][1][2]
[2][1][1][1][2][1][2]

Result: Player 2 Wins

Simulating game 8/10 (Player 1 Depth: 5, Player 2 Depth: 2)
Player 1 Move (Score: 0):
Current player: 2
[ ][ ][ ][ ][ ][ ][ ]
[ ][ ][ ][ ][ ][ ][ ]
[ ][ ][ ][ ][ ][ ][ ]
[ ][ ][ ][ ][ ][ ][ ]
[ ][ ][ ][ ][ ][ ][ ]
[ ][1][ ][ ][ ][ ][ ]

Player 2 Move (Score: 0):
Current player: 1
[ ][ ][ ][ ][ ][ ][ ]
[ ][ ][ ][ ][ ][ ][ ]
[ ][ ][ ][ ][ ][ ][ ]
[ ][ ][ ][ ][ ][ ][ ]
[ ][ ][ ][ ][ ][ ][ ]
[ ][1][ ][ ][ ][2][ ]

Player 1 Move (Score: 0):
Current player: 2
[ ][ ][ ][ ][ ][ ][ ]
[ ][ ][ ][ ][ ][ ][ ]
[ ][ ][ ][ ][ ][ ][ ]
[ ][ ][ ][ ][ ][ ][ ]
[ ][ ][ ][ ][ ][ ][ ]
[ ][1][ ][1][ ][2][ ]

Player 2 Move (Score: 0):
Current player: 1
[ ][ ][ ][ ][ ][ ][ ]
[ ][ ][ ][ ][ ][ ][ ]
[ ][ ][ ][ ][ ][ ][ ]
[ ][ ][ ][ ][ ][ ][ ]
[ ][ ][ ][ ][ ][ ][ ]
[ ][1][2][1][ ][2][ ]

Player 1 Move (Score: 0):
Current player: 2
[ ][ ][ ][ ][ ][ ][ ]
[ ][ ][ ][ ][ ][ ][ ]
[ ][ ][ ][ ][ ][ ][ ]
[ ][ ][ ][ ][ ][ ][ ]
[ ][ ][ ][ ][ ][ ][ ]
[1][1][2][1][ ][2][ ]

Player 2 Move (Score: 0):
Current player: 1
[ ][ ][ ][ ][ ][ ][ ]
[ ][ ][ ][ ][ ][ ][ ]
[ ][ ][ ][ ][ ][ ][ ]
[ ][ ][ ][ ][ ][ ][ ]
[ ][2][ ][ ][ ][ ][ ]
[1][1][2][1][ ][2][ ]

Player 1 Move (Score: 0):
Current player: 2
[ ][ ][ ][ ][ ][ ][ ]
[ ][ ][ ][ ][ ][ ][ ]
[ ][ ][ ][ ][ ][ ][ ]
[ ][ ][ ][ ][ ][ ][ ]
[ ][2][ ][ ][ ][ ][ ]
[1][1][2][1][ ][2][1]

Player 2 Move (Score: 0):
Current player: 1
[ ][ ][ ][ ][ ][ ][ ]
[ ][ ][ ][ ][ ][ ][ ]
[ ][ ][ ][ ][ ][ ][ ]
[ ][ ][ ][ ][ ][ ][ ]
[ ][2][ ][ ][ ][2][ ]
[1][1][2][1][ ][2][1]

Player 1 Move (Score: 0):
Current player: 2
[ ][ ][ ][ ][ ][ ][ ]
[ ][ ][ ][ ][ ][ ][ ]
[ ][ ][ ][ ][ ][ ][ ]
[ ][ ][ ][ ][ ][ ][ ]
[ ][2][ ][ ][ ][2][ ]
[1][1][2][1][1][2][1]

Player 2 Move (Score: 100):
Current player: 1
[ ][ ][ ][ ][ ][ ][ ]
[ ][ ][ ][ ][ ][ ][ ]
[ ][ ][ ][ ][ ][ ][ ]
[ ][ ][ ][ ][ ][ ][ ]
[ ][2][ ][ ][ ][2][2]
[1][1][2][1][1][2][1]

Player 1 Move (Score: 0):
Current player: 2
[ ][ ][ ][ ][ ][ ][ ]
[ ][ ][ ][ ][ ][ ][ ]
[ ][ ][ ][ ][ ][ ][ ]
[ ][ ][ ][ ][ ][ ][1]
[ ][2][ ][ ][ ][2][2]
[1][1][2][1][1][2][1]

Player 2 Move (Score: 200):
Current player: 1
[ ][ ][ ][ ][ ][ ][ ]
[ ][ ][ ][ ][ ][ ][ ]
[ ][ ][ ][ ][ ][ ][ ]
[ ][2][ ][ ][ ][ ][1]
[ ][2][ ][ ][ ][2][2]
[1][1][2][1][1][2][1]

Player 1 Move (Score: 0):
Current player: 2
[ ][ ][ ][ ][ ][ ][ ]
[ ][ ][ ][ ][ ][ ][ ]
[ ][1][ ][ ][ ][ ][ ]
[ ][2][ ][ ][ ][ ][1]
[ ][2][ ][ ][ ][2][2]
[1][1][2][1][1][2][1]

Player 2 Move (Score: 200):
Current player: 1
[ ][ ][ ][ ][ ][ ][ ]
[ ][ ][ ][ ][ ][ ][ ]
[ ][1][ ][ ][ ][ ][2]
[ ][2][ ][ ][ ][ ][1]
[ ][2][ ][ ][ ][2][2]
[1][1][2][1][1][2][1]

Player 1 Move (Score: 100):
Current player: 2
[ ][ ][ ][ ][ ][ ][ ]
[ ][ ][ ][ ][ ][ ][ ]
[ ][1][ ][ ][ ][ ][2]
[ ][2][ ][ ][ ][ ][1]
[ ][2][ ][1][ ][2][2]
[1][1][2][1][1][2][1]

Player 2 Move (Score: 0):
Current player: 1
[ ][ ][ ][ ][ ][ ][ ]
[ ][ ][ ][ ][ ][ ][2]
[ ][1][ ][ ][ ][ ][2]
[ ][2][ ][ ][ ][ ][1]
[ ][2][ ][1][ ][2][2]
[1][1][2][1][1][2][1]

Player 1 Move (Score: 0):
Current player: 2
[ ][ ][ ][ ][ ][ ][ ]
[ ][ ][ ][ ][ ][ ][2]
[ ][1][ ][ ][ ][ ][2]
[ ][2][ ][ ][ ][1][1]
[ ][2][ ][1][ ][2][2]
[1][1][2][1][1][2][1]

Player 2 Move (Score: -200):
Current player: 1
[ ][ ][ ][ ][ ][ ][ ]
[ ][ ][ ][ ][ ][ ][2]
[ ][1][ ][ ][ ][ ][2]
[ ][2][ ][ ][ ][1][1]
[ ][2][2][1][ ][2][2]
[1][1][2][1][1][2][1]

Player 1 Move (Score: -100):
Current player: 2
[ ][ ][ ][ ][ ][ ][1]
[ ][ ][ ][ ][ ][ ][2]
[ ][1][ ][ ][ ][ ][2]
[ ][2][ ][ ][ ][1][1]
[ ][2][2][1][ ][2][2]
[1][1][2][1][1][2][1]

Player 2 Move (Score: -100):
Current player: 1
[ ][ ][ ][ ][ ][ ][1]
[ ][2][ ][ ][ ][ ][2]
[ ][1][ ][ ][ ][ ][2]
[ ][2][ ][ ][ ][1][1]
[ ][2][2][1][ ][2][2]
[1][1][2][1][1][2][1]

Player 1 Move (Score: -100):
Current player: 2
[ ][ ][ ][ ][ ][ ][1]
[ ][2][ ][ ][ ][ ][2]
[ ][1][ ][ ][ ][1][2]
[ ][2][ ][ ][ ][1][1]
[ ][2][2][1][ ][2][2]
[1][1][2][1][1][2][1]

Player 2 Move (Score: -400):
Current player: 1
[ ][2][ ][ ][ ][ ][1]
[ ][2][ ][ ][ ][ ][2]
[ ][1][ ][ ][ ][1][2]
[ ][2][ ][ ][ ][1][1]
[ ][2][2][1][ ][2][2]
[1][1][2][1][1][2][1]

Player 1 Move (Score: -400):
Current player: 2
[ ][2][ ][ ][ ][ ][1]
[ ][2][ ][ ][ ][ ][2]
[ ][1][ ][ ][ ][1][2]
[ ][2][ ][ ][ ][1][1]
[ ][2][2][1][1][2][2]
[1][1][2][1][1][2][1]

Player 2 Move (Score: -400):
Current player: 1
[ ][2][ ][ ][ ][ ][1]
[ ][2][ ][ ][ ][ ][2]
[ ][1][ ][ ][ ][1][2]
[ ][2][ ][ ][ ][1][1]
[2][2][2][1][1][2][2]
[1][1][2][1][1][2][1]

Player 1 Move (Score: -10200):
Current player: 2
[ ][2][ ][ ][ ][ ][1]
[ ][2][ ][ ][ ][ ][2]
[ ][1][ ][ ][ ][1][2]
[1][2][ ][ ][ ][1][1]
[2][2][2][1][1][2][2]
[1][1][2][1][1][2][1]

Player 2 Move (Score: -400):
Current player: 1
[ ][2][ ][ ][ ][ ][1]
[ ][2][ ][ ][ ][2][2]
[ ][1][ ][ ][ ][1][2]
[1][2][ ][ ][ ][1][1]
[2][2][2][1][1][2][2]
[1][1][2][1][1][2][1]

Player 1 Move (Score: -10100):
Current player: 2
[ ][2][ ][ ][ ][1][1]
[ ][2][ ][ ][ ][2][2]
[ ][1][ ][ ][ ][1][2]
[1][2][ ][ ][ ][1][1]
[2][2][2][1][1][2][2]
[1][1][2][1][1][2][1]

Player 2 Move (Score: -300):
Current player: 1
[ ][2][ ][ ][ ][1][1]
[ ][2][ ][ ][ ][2][2]
[ ][1][ ][ ][ ][1][2]
[1][2][ ][2][ ][1][1]
[2][2][2][1][1][2][2]
[1][1][2][1][1][2][1]

Player 1 Move (Score: -1999900):
Current player: 2
[ ][2][ ][ ][ ][1][1]
[ ][2][ ][ ][ ][2][2]
[ ][1][ ][1][ ][1][2]
[1][2][ ][2][ ][1][1]
[2][2][2][1][1][2][2]
[1][1][2][1][1][2][1]

Player 2 Move (Score: -100):
Current player: 1
[ ][2][ ][ ][ ][1][1]
[ ][2][ ][ ][ ][2][2]
[2][1][ ][1][ ][1][2]
[1][2][ ][2][ ][1][1]
[2][2][2][1][1][2][2]
[1][1][2][1][1][2][1]

Player 1 Move (Score: -1989800):
Current player: 2
[ ][2][ ][ ][ ][1][1]
[ ][2][ ][1][ ][2][2]
[2][1][ ][1][ ][1][2]
[1][2][ ][2][ ][1][1]
[2][2][2][1][1][2][2]
[1][1][2][1][1][2][1]

Player 2 Move (Score: 0):
Current player: 1
[ ][2][ ][ ][ ][1][1]
[2][2][ ][1][ ][2][2]
[2][1][ ][1][ ][1][2]
[1][2][ ][2][ ][1][1]
[2][2][2][1][1][2][2]
[1][1][2][1][1][2][1]

Player 1 Move (Score: -3999800):
Current player: 2
[ ][2][ ][ ][ ][1][1]
[2][2][ ][1][ ][2][2]
[2][1][ ][1][ ][1][2]
[1][2][ ][2][1][1][1]
[2][2][2][1][1][2][2]
[1][1][2][1][1][2][1]

Player 2 Move (Score: -3999800):
Current player: 1
[ ][2][ ][ ][ ][1][1]
[2][2][ ][1][ ][2][2]
[2][1][ ][1][2][1][2]
[1][2][ ][2][1][1][1]
[2][2][2][1][1][2][2]
[1][1][2][1][1][2][1]

Result: Player 2 Wins

Simulating game 9/10 (Player 1 Depth: 5, Player 2 Depth: 2)
Player 1 Move (Score: 0):
Current player: 2
[ ][ ][ ][ ][ ][ ][ ]
[ ][ ][ ][ ][ ][ ][ ]
[ ][ ][ ][ ][ ][ ][ ]
[ ][ ][ ][ ][ ][ ][ ]
[ ][ ][ ][ ][ ][ ][ ]
[ ][ ][1][ ][ ][ ][ ]

Player 2 Move (Score: 0):
Current player: 1
[ ][ ][ ][ ][ ][ ][ ]
[ ][ ][ ][ ][ ][ ][ ]
[ ][ ][ ][ ][ ][ ][ ]
[ ][ ][ ][ ][ ][ ][ ]
[ ][ ][2][ ][ ][ ][ ]
[ ][ ][1][ ][ ][ ][ ]

Player 1 Move (Score: 0):
Current player: 2
[ ][ ][ ][ ][ ][ ][ ]
[ ][ ][ ][ ][ ][ ][ ]
[ ][ ][ ][ ][ ][ ][ ]
[ ][ ][ ][ ][ ][ ][ ]
[ ][ ][2][ ][ ][ ][ ]
[ ][ ][1][ ][ ][1][ ]

Player 2 Move (Score: 0):
Current player: 1
[ ][ ][ ][ ][ ][ ][ ]
[ ][ ][ ][ ][ ][ ][ ]
[ ][ ][ ][ ][ ][ ][ ]
[ ][ ][ ][ ][ ][ ][ ]
[ ][ ][2][ ][ ][2][ ]
[ ][ ][1][ ][ ][1][ ]

Player 1 Move (Score: 0):
Current player: 2
[ ][ ][ ][ ][ ][ ][ ]
[ ][ ][ ][ ][ ][ ][ ]
[ ][ ][ ][ ][ ][ ][ ]
[ ][ ][ ][ ][ ][ ][ ]
[ ][ ][2][ ][ ][2][ ]
[ ][ ][1][ ][ ][1][1]

Player 2 Move (Score: -100):
Current player: 1
[ ][ ][ ][ ][ ][ ][ ]
[ ][ ][ ][ ][ ][ ][ ]
[ ][ ][ ][ ][ ][ ][ ]
[ ][ ][ ][ ][ ][ ][ ]
[ ][ ][2][ ][ ][2][ ]
[2][ ][1][ ][ ][1][1]

Player 1 Move (Score: 0):
Current player: 2
[ ][ ][ ][ ][ ][ ][ ]
[ ][ ][ ][ ][ ][ ][ ]
[ ][ ][ ][ ][ ][ ][ ]
[ ][ ][ ][ ][ ][ ][ ]
[ ][ ][2][ ][ ][2][1]
[2][ ][1][ ][ ][1][1]

Player 2 Move (Score: -100):
Current player: 1
[ ][ ][ ][ ][ ][ ][ ]
[ ][ ][ ][ ][ ][ ][ ]
[ ][ ][ ][ ][ ][ ][ ]
[ ][ ][ ][ ][ ][ ][ ]
[ ][ ][2][ ][ ][2][1]
[2][ ][1][ ][2][1][1]

Player 1 Move (Score: 0):
Current player: 2
[ ][ ][ ][ ][ ][ ][ ]
[ ][ ][ ][ ][ ][ ][ ]
[ ][ ][ ][ ][ ][ ][ ]
[ ][ ][ ][ ][ ][ ][ ]
[1][ ][2][ ][ ][2][1]
[2][ ][1][ ][2][1][1]

Player 2 Move (Score: -100):
Current player: 1
[ ][ ][ ][ ][ ][ ][ ]
[ ][ ][ ][ ][ ][ ][ ]
[ ][ ][ ][ ][ ][ ][ ]
[ ][ ][ ][ ][ ][ ][ ]
[1][ ][2][ ][2][2][1]
[2][ ][1][ ][2][1][1]

Player 1 Move (Score: 0):
Current player: 2
[ ][ ][ ][ ][ ][ ][ ]
[ ][ ][ ][ ][ ][ ][ ]
[ ][ ][ ][ ][ ][ ][ ]
[ ][ ][ ][ ][1][ ][ ]
[1][ ][2][ ][2][2][1]
[2][ ][1][ ][2][1][1]

Player 2 Move (Score: -100):
Current player: 1
[ ][ ][ ][ ][ ][ ][ ]
[ ][ ][ ][ ][ ][ ][ ]
[ ][ ][ ][ ][ ][ ][ ]
[ ][ ][2][ ][1][ ][ ]
[1][ ][2][ ][2][2][1]
[2][ ][1][ ][2][1][1]

Player 1 Move (Score: -10100):
Current player: 2
[ ][ ][ ][ ][ ][ ][ ]
[ ][ ][ ][ ][ ][ ][ ]
[ ][ ][ ][ ][ ][ ][ ]
[ ][ ][2][ ][1][ ][1]
[1][ ][2][ ][2][2][1]
[2][ ][1][ ][2][1][1]

Player 2 Move (Score: -10000):
Current player: 1
[ ][ ][ ][ ][ ][ ][ ]
[ ][ ][ ][ ][ ][ ][ ]
[ ][ ][ ][ ][ ][ ][ ]
[2][ ][2][ ][1][ ][1]
[1][ ][2][ ][2][2][1]
[2][ ][1][ ][2][1][1]

Player 1 Move (Score: -20100):
Current player: 2
[ ][ ][ ][ ][ ][ ][ ]
[ ][ ][ ][ ][ ][ ][ ]
[1][ ][ ][ ][ ][ ][ ]
[2][ ][2][ ][1][ ][1]
[1][ ][2][ ][2][2][1]
[2][ ][1][ ][2][1][1]

Player 2 Move (Score: -10000):
Current player: 1
[ ][ ][ ][ ][ ][ ][ ]
[2][ ][ ][ ][ ][ ][ ]
[1][ ][ ][ ][ ][ ][ ]
[2][ ][2][ ][1][ ][1]
[1][ ][2][ ][2][2][1]
[2][ ][1][ ][2][1][1]

Player 1 Move (Score: -20100):
Current player: 2
[ ][ ][ ][ ][ ][ ][ ]
[2][ ][ ][ ][ ][ ][ ]
[1][ ][ ][ ][ ][ ][ ]
[2][ ][2][ ][1][1][1]
[1][ ][2][ ][2][2][1]
[2][ ][1][ ][2][1][1]

Player 2 Move (Score: -20200):
Current player: 1
[ ][ ][ ][ ][ ][ ][ ]
[2][ ][ ][ ][ ][ ][ ]
[1][ ][ ][ ][ ][ ][ ]
[2][ ][2][ ][1][1][1]
[1][ ][2][ ][2][2][1]
[2][ ][1][2][2][1][1]

Player 1 Move (Score: -30500):
Current player: 2
[ ][ ][ ][ ][ ][ ][ ]
[2][ ][ ][ ][ ][ ][ ]
[1][ ][ ][ ][ ][ ][ ]
[2][ ][2][ ][1][1][1]
[1][ ][2][1][2][2][1]
[2][ ][1][2][2][1][1]

Player 2 Move (Score: -30400):
Current player: 1
[2][ ][ ][ ][ ][ ][ ]
[2][ ][ ][ ][ ][ ][ ]
[1][ ][ ][ ][ ][ ][ ]
[2][ ][2][ ][1][1][1]
[1][ ][2][1][2][2][1]
[2][ ][1][2][2][1][1]

Player 1 Move (Score: -30400):
Current player: 2
[2][ ][ ][ ][ ][ ][ ]
[2][ ][ ][ ][ ][ ][ ]
[1][ ][1][ ][ ][ ][ ]
[2][ ][2][ ][1][1][1]
[1][ ][2][1][2][2][1]
[2][ ][1][2][2][1][1]

Player 2 Move (Score: -30500):
Current player: 1
[2][ ][ ][ ][ ][ ][ ]
[2][ ][2][ ][ ][ ][ ]
[1][ ][1][ ][ ][ ][ ]
[2][ ][2][ ][1][1][1]
[1][ ][2][1][2][2][1]
[2][ ][1][2][2][1][1]

Player 1 Move (Score: -30500):
Current player: 2
[2][ ][1][ ][ ][ ][ ]
[2][ ][2][ ][ ][ ][ ]
[1][ ][1][ ][ ][ ][ ]
[2][ ][2][ ][1][1][1]
[1][ ][2][1][2][2][1]
[2][ ][1][2][2][1][1]

Player 2 Move (Score: -30400):
Current player: 1
[2][ ][1][ ][ ][ ][ ]
[2][ ][2][ ][ ][ ][ ]
[1][ ][1][ ][ ][ ][ ]
[2][ ][2][ ][1][1][1]
[1][ ][2][1][2][2][1]
[2][2][1][2][2][1][1]

Player 1 Move (Score: -50500):
Current player: 2
[2][ ][1][ ][ ][ ][ ]
[2][ ][2][ ][ ][ ][ ]
[1][ ][1][ ][1][ ][ ]
[2][ ][2][ ][1][1][1]
[1][ ][2][1][2][2][1]
[2][2][1][2][2][1][1]

Player 2 Move (Score: -50300):
Current player: 1
[2][ ][1][ ][ ][ ][ ]
[2][ ][2][ ][2][ ][ ]
[1][ ][1][ ][1][ ][ ]
[2][ ][2][ ][1][1][1]
[1][ ][2][1][2][2][1]
[2][2][1][2][2][1][1]

Player 1 Move (Score: -62400):
Current player: 2
[2][ ][1][ ][1][ ][ ]
[2][ ][2][ ][2][ ][ ]
[1][ ][1][ ][1][ ][ ]
[2][ ][2][ ][1][1][1]
[1][ ][2][1][2][2][1]
[2][2][1][2][2][1][1]

Player 2 Move (Score: -50300):
Current player: 1
[2][ ][1][ ][1][ ][ ]
[2][ ][2][ ][2][ ][ ]
[1][ ][1][ ][1][ ][ ]
[2][ ][2][ ][1][1][1]
[1][2][2][1][2][2][1]
[2][2][1][2][2][1][1]

Player 1 Move (Score: -2030600):
Current player: 2
[2][ ][1][ ][1][ ][ ]
[2][ ][2][ ][2][ ][ ]
[1][ ][1][ ][1][ ][ ]
[2][ ][2][1][1][1][1]
[1][2][2][1][2][2][1]
[2][2][1][2][2][1][1]

Result: Player 1 Wins

Simulating game 10/10 (Player 1 Depth: 5, Player 2 Depth: 2)
Player 1 Move (Score: 0):
Current player: 2
[ ][ ][ ][ ][ ][ ][ ]
[ ][ ][ ][ ][ ][ ][ ]
[ ][ ][ ][ ][ ][ ][ ]
[ ][ ][ ][ ][ ][ ][ ]
[ ][ ][ ][ ][ ][ ][ ]
[1][ ][ ][ ][ ][ ][ ]

Player 2 Move (Score: 0):
Current player: 1
[ ][ ][ ][ ][ ][ ][ ]
[ ][ ][ ][ ][ ][ ][ ]
[ ][ ][ ][ ][ ][ ][ ]
[ ][ ][ ][ ][ ][ ][ ]
[ ][ ][ ][ ][ ][ ][ ]
[1][ ][ ][ ][ ][ ][2]

Player 1 Move (Score: 0):
Current player: 2
[ ][ ][ ][ ][ ][ ][ ]
[ ][ ][ ][ ][ ][ ][ ]
[ ][ ][ ][ ][ ][ ][ ]
[ ][ ][ ][ ][ ][ ][ ]
[ ][ ][ ][ ][ ][ ][ ]
[1][ ][ ][ ][ ][1][2]

Player 2 Move (Score: 0):
Current player: 1
[ ][ ][ ][ ][ ][ ][ ]
[ ][ ][ ][ ][ ][ ][ ]
[ ][ ][ ][ ][ ][ ][ ]
[ ][ ][ ][ ][ ][ ][ ]
[ ][ ][ ][ ][ ][ ][ ]
[1][ ][ ][ ][2][1][2]

Player 1 Move (Score: 0):
Current player: 2
[ ][ ][ ][ ][ ][ ][ ]
[ ][ ][ ][ ][ ][ ][ ]
[ ][ ][ ][ ][ ][ ][ ]
[ ][ ][ ][ ][ ][ ][ ]
[ ][ ][ ][ ][ ][ ][ ]
[1][1][ ][ ][2][1][2]

Player 2 Move (Score: 0):
Current player: 1
[ ][ ][ ][ ][ ][ ][ ]
[ ][ ][ ][ ][ ][ ][ ]
[ ][ ][ ][ ][ ][ ][ ]
[ ][ ][ ][ ][ ][ ][ ]
[ ][ ][ ][ ][ ][ ][ ]
[1][1][ ][2][2][1][2]

Player 1 Move (Score: 0):
Current player: 2
[ ][ ][ ][ ][ ][ ][ ]
[ ][ ][ ][ ][ ][ ][ ]
[ ][ ][ ][ ][ ][ ][ ]
[ ][ ][ ][ ][ ][ ][ ]
[ ][ ][ ][1][ ][ ][ ]
[1][1][ ][2][2][1][2]

Player 2 Move (Score: 0):
Current player: 1
[ ][ ][ ][ ][ ][ ][ ]
[ ][ ][ ][ ][ ][ ][ ]
[ ][ ][ ][ ][ ][ ][ ]
[ ][ ][ ][ ][ ][ ][ ]
[ ][2][ ][1][ ][ ][ ]
[1][1][ ][2][2][1][2]

Player 1 Move (Score: -100):
Current player: 2
[ ][ ][ ][ ][ ][ ][ ]
[ ][ ][ ][ ][ ][ ][ ]
[ ][ ][ ][ ][ ][ ][ ]
[ ][ ][ ][ ][ ][ ][ ]
[1][2][ ][1][ ][ ][ ]
[1][1][ ][2][2][1][2]

Player 2 Move (Score: -100):
Current player: 1
[ ][ ][ ][ ][ ][ ][ ]
[ ][ ][ ][ ][ ][ ][ ]
[ ][ ][ ][ ][ ][ ][ ]
[ ][ ][ ][ ][ ][ ][ ]
[1][2][ ][1][ ][ ][2]
[1][1][ ][2][2][1][2]

Player 1 Move (Score: -200):
Current player: 2
[ ][ ][ ][ ][ ][ ][ ]
[ ][ ][ ][ ][ ][ ][ ]
[ ][ ][ ][ ][ ][ ][ ]
[ ][ ][ ][ ][ ][ ][ ]
[1][2][ ][1][ ][ ][2]
[1][1][1][2][2][1][2]

Player 2 Move (Score: -100):
Current player: 1
[ ][ ][ ][ ][ ][ ][ ]
[ ][ ][ ][ ][ ][ ][ ]
[ ][ ][ ][ ][ ][ ][ ]
[ ][ ][ ][2][ ][ ][ ]
[1][2][ ][1][ ][ ][2]
[1][1][1][2][2][1][2]

Player 1 Move (Score: -200):
Current player: 2
[ ][ ][ ][ ][ ][ ][ ]
[ ][ ][ ][ ][ ][ ][ ]
[ ][ ][ ][ ][ ][ ][ ]
[ ][ ][ ][2][ ][ ][1]
[1][2][ ][1][ ][ ][2]
[1][1][1][2][2][1][2]

Player 2 Move (Score: -200):
Current player: 1
[ ][ ][ ][ ][ ][ ][ ]
[ ][ ][ ][ ][ ][ ][ ]
[ ][ ][ ][ ][ ][ ][2]
[ ][ ][ ][2][ ][ ][1]
[1][2][ ][1][ ][ ][2]
[1][1][1][2][2][1][2]

Player 1 Move (Score: -200):
Current player: 2
[ ][ ][ ][ ][ ][ ][ ]
[ ][ ][ ][ ][ ][ ][ ]
[ ][ ][ ][ ][ ][ ][2]
[ ][ ][ ][2][ ][ ][1]
[1][2][1][1][ ][ ][2]
[1][1][1][2][2][1][2]

Player 2 Move (Score: -400):
Current player: 1
[ ][ ][ ][ ][ ][ ][ ]
[ ][ ][ ][ ][ ][ ][2]
[ ][ ][ ][ ][ ][ ][2]
[ ][ ][ ][2][ ][ ][1]
[1][2][1][1][ ][ ][2]
[1][1][1][2][2][1][2]

Player 1 Move (Score: -300):
Current player: 2
[ ][ ][ ][ ][ ][ ][1]
[ ][ ][ ][ ][ ][ ][2]
[ ][ ][ ][ ][ ][ ][2]
[ ][ ][ ][2][ ][ ][1]
[1][2][1][1][ ][ ][2]
[1][1][1][2][2][1][2]

Player 2 Move (Score: -300):
Current player: 1
[ ][ ][ ][ ][ ][ ][1]
[ ][ ][ ][ ][ ][ ][2]
[ ][ ][ ][ ][ ][ ][2]
[2][ ][ ][2][ ][ ][1]
[1][2][1][1][ ][ ][2]
[1][1][1][2][2][1][2]

Player 1 Move (Score: -200):
Current player: 2
[ ][ ][ ][ ][ ][ ][1]
[ ][ ][ ][ ][ ][ ][2]
[ ][ ][ ][1][ ][ ][2]
[2][ ][ ][2][ ][ ][1]
[1][2][1][1][ ][ ][2]
[1][1][1][2][2][1][2]

Player 2 Move (Score: -300):
Current player: 1
[ ][ ][ ][ ][ ][ ][1]
[ ][ ][ ][2][ ][ ][2]
[ ][ ][ ][1][ ][ ][2]
[2][ ][ ][2][ ][ ][1]
[1][2][1][1][ ][ ][2]
[1][1][1][2][2][1][2]

Player 1 Move (Score: -300):
Current player: 2
[ ][ ][ ][ ][ ][ ][1]
[ ][ ][ ][2][ ][ ][2]
[ ][ ][ ][1][ ][ ][2]
[2][ ][ ][2][ ][ ][1]
[1][2][1][1][ ][1][2]
[1][1][1][2][2][1][2]

Player 2 Move (Score: -300):
Current player: 1
[ ][ ][ ][2][ ][ ][1]
[ ][ ][ ][2][ ][ ][2]
[ ][ ][ ][1][ ][ ][2]
[2][ ][ ][2][ ][ ][1]
[1][2][1][1][ ][1][2]
[1][1][1][2][2][1][2]

Player 1 Move (Score: -20500):
Current player: 2
[ ][ ][ ][2][ ][ ][1]
[ ][ ][ ][2][ ][ ][2]
[ ][ ][ ][1][ ][ ][2]
[2][ ][ ][2][ ][1][1]
[1][2][1][1][ ][1][2]
[1][1][1][2][2][1][2]

Player 2 Move (Score: -10200):
Current player: 1
[ ][ ][ ][2][ ][ ][1]
[ ][ ][ ][2][ ][ ][2]
[ ][ ][ ][1][ ][ ][2]
[2][2][ ][2][ ][1][1]
[1][2][1][1][ ][1][2]
[1][1][1][2][2][1][2]

Player 1 Move (Score: -30500):
Current player: 2
[ ][ ][ ][2][ ][ ][1]
[ ][ ][ ][2][ ][ ][2]
[ ][ ][ ][1][ ][ ][2]
[2][2][1][2][ ][1][1]
[1][2][1][1][ ][1][2]
[1][1][1][2][2][1][2]

Player 2 Move (Score: -20500):
Current player: 1
[ ][ ][ ][2][ ][ ][1]
[ ][ ][ ][2][ ][ ][2]
[2][ ][ ][1][ ][ ][2]
[2][2][1][2][ ][1][1]
[1][2][1][1][ ][1][2]
[1][1][1][2][2][1][2]

Player 1 Move (Score: -60400):
Current player: 2
[ ][ ][ ][2][ ][ ][1]
[ ][ ][ ][2][ ][ ][2]
[2][1][ ][1][ ][ ][2]
[2][2][1][2][ ][1][1]
[1][2][1][1][ ][1][2]
[1][1][1][2][2][1][2]

Player 2 Move (Score: -30500):
Current player: 1
[ ][ ][ ][2][ ][ ][1]
[ ][2][ ][2][ ][ ][2]
[2][1][ ][1][ ][ ][2]
[2][2][1][2][ ][1][1]
[1][2][1][1][ ][1][2]
[1][1][1][2][2][1][2]

Player 1 Move (Score: -2020500):
Current player: 2
[ ][1][ ][2][ ][ ][1]
[ ][2][ ][2][ ][ ][2]
[2][1][ ][1][ ][ ][2]
[2][2][1][2][ ][1][1]
[1][2][1][1][ ][1][2]
[1][1][1][2][2][1][2]

Player 2 Move (Score: -60400):
Current player: 1
[ ][1][ ][2][ ][ ][1]
[ ][2][ ][2][ ][ ][2]
[2][1][ ][1][ ][ ][2]
[2][2][1][2][ ][1][1]
[1][2][1][1][2][1][2]
[1][1][1][2][2][1][2]

Player 1 Move (Score: -2020500):
Current player: 2
[ ][1][ ][2][ ][ ][1]
[1][2][ ][2][ ][ ][2]
[2][1][ ][1][ ][ ][2]
[2][2][1][2][ ][1][1]
[1][2][1][1][2][1][2]
[1][1][1][2][2][1][2]

Result: Player 1 Wins

