Simulating game 1/10 (Player 1 Depth: 2, Player 2 Depth: 1)
Player 1 Move (Score: 0):
Current player: 2
[ ][ ][ ][ ][ ][ ][ ]
[ ][ ][ ][ ][ ][ ][ ]
[ ][ ][ ][ ][ ][ ][ ]
[ ][ ][ ][ ][ ][ ][ ]
[ ][ ][ ][ ][ ][ ][ ]
[ ][ ][1][ ][ ][ ][ ]

Player 2 Move (Score: 0):
Current player: 1
[ ][ ][ ][ ][ ][ ][ ]
[ ][ ][ ][ ][ ][ ][ ]
[ ][ ][ ][ ][ ][ ][ ]
[ ][ ][ ][ ][ ][ ][ ]
[ ][ ][ ][ ][ ][ ][ ]
[2][ ][1][ ][ ][ ][ ]

Player 1 Move (Score: 0):
Current player: 2
[ ][ ][ ][ ][ ][ ][ ]
[ ][ ][ ][ ][ ][ ][ ]
[ ][ ][ ][ ][ ][ ][ ]
[ ][ ][ ][ ][ ][ ][ ]
[ ][ ][ ][ ][ ][ ][ ]
[2][1][1][ ][ ][ ][ ]

Player 2 Move (Score: 0):
Current player: 1
[ ][ ][ ][ ][ ][ ][ ]
[ ][ ][ ][ ][ ][ ][ ]
[ ][ ][ ][ ][ ][ ][ ]
[ ][ ][ ][ ][ ][ ][ ]
[ ][2][ ][ ][ ][ ][ ]
[2][1][1][ ][ ][ ][ ]

Player 1 Move (Score: -100):
Current player: 2
[ ][ ][ ][ ][ ][ ][ ]
[ ][ ][ ][ ][ ][ ][ ]
[ ][ ][ ][ ][ ][ ][ ]
[ ][ ][ ][ ][ ][ ][ ]
[ ][2][ ][ ][ ][ ][ ]
[2][1][1][1][ ][ ][ ]

Player 2 Move (Score: -100):
Current player: 1
[ ][ ][ ][ ][ ][ ][ ]
[ ][ ][ ][ ][ ][ ][ ]
[ ][ ][ ][ ][ ][ ][ ]
[ ][ ][ ][ ][ ][ ][ ]
[ ][2][ ][ ][ ][ ][ ]
[2][1][1][1][2][ ][ ]

Player 1 Move (Score: 0):
Current player: 2
[ ][ ][ ][ ][ ][ ][ ]
[ ][ ][ ][ ][ ][ ][ ]
[ ][ ][ ][ ][ ][ ][ ]
[ ][ ][ ][ ][ ][ ][ ]
[ ][2][ ][1][ ][ ][ ]
[2][1][1][1][2][ ][ ]

Player 2 Move (Score: 0):
Current player: 1
[ ][ ][ ][ ][ ][ ][ ]
[ ][ ][ ][ ][ ][ ][ ]
[ ][ ][ ][ ][ ][ ][ ]
[ ][2][ ][ ][ ][ ][ ]
[ ][2][ ][1][ ][ ][ ]
[2][1][1][1][2][ ][ ]

Player 1 Move (Score: 0):
Current player: 2
[ ][ ][ ][ ][ ][ ][ ]
[ ][ ][ ][ ][ ][ ][ ]
[ ][ ][ ][ ][ ][ ][ ]
[ ][2][ ][1][ ][ ][ ]
[ ][2][ ][1][ ][ ][ ]
[2][1][1][1][2][ ][ ]

Player 2 Move (Score: 0):
Current player: 1
[ ][ ][ ][ ][ ][ ][ ]
[ ][ ][ ][ ][ ][ ][ ]
[ ][ ][ ][2][ ][ ][ ]
[ ][2][ ][1][ ][ ][ ]
[ ][2][ ][1][ ][ ][ ]
[2][1][1][1][2][ ][ ]

Player 1 Move (Score: -100):
Current player: 2
[ ][ ][ ][ ][ ][ ][ ]
[ ][ ][ ][1][ ][ ][ ]
[ ][ ][ ][2][ ][ ][ ]
[ ][2][ ][1][ ][ ][ ]
[ ][2][ ][1][ ][ ][ ]
[2][1][1][1][2][ ][ ]

Player 2 Move (Score: -10000):
Current player: 1
[ ][ ][ ][ ][ ][ ][ ]
[ ][ ][ ][1][ ][ ][ ]
[ ][2][ ][2][ ][ ][ ]
[ ][2][ ][1][ ][ ][ ]
[ ][2][ ][1][ ][ ][ ]
[2][1][1][1][2][ ][ ]

Player 1 Move (Score: 0):
Current player: 2
[ ][ ][ ][ ][ ][ ][ ]
[ ][1][ ][1][ ][ ][ ]
[ ][2][ ][2][ ][ ][ ]
[ ][2][ ][1][ ][ ][ ]
[ ][2][ ][1][ ][ ][ ]
[2][1][1][1][2][ ][ ]

Player 2 Move (Score: 0):
Current player: 1
[ ][ ][ ][ ][ ][ ][ ]
[ ][1][ ][1][ ][ ][ ]
[ ][2][ ][2][ ][ ][ ]
[ ][2][ ][1][ ][ ][ ]
[ ][2][ ][1][2][ ][ ]
[2][1][1][1][2][ ][ ]

Player 1 Move (Score: 10200):
Current player: 2
[ ][ ][ ][ ][ ][ ][ ]
[ ][1][ ][1][ ][ ][ ]
[ ][2][ ][2][ ][ ][ ]
[ ][2][ ][1][1][ ][ ]
[ ][2][ ][1][2][ ][ ]
[2][1][1][1][2][ ][ ]

Player 2 Move (Score: 10200):
Current player: 1
[ ][ ][ ][ ][ ][ ][ ]
[ ][1][ ][1][ ][ ][ ]
[ ][2][ ][2][2][ ][ ]
[ ][2][ ][1][1][ ][ ]
[ ][2][ ][1][2][ ][ ]
[2][1][1][1][2][ ][ ]

Player 1 Move (Score: 10230):
Current player: 2
[ ][ ][ ][ ][ ][ ][ ]
[ ][1][ ][1][1][ ][ ]
[ ][2][ ][2][2][ ][ ]
[ ][2][ ][1][1][ ][ ]
[ ][2][ ][1][2][ ][ ]
[2][1][1][1][2][ ][ ]

Player 2 Move (Score: 10230):
Current player: 1
[ ][ ][ ][ ][ ][ ][ ]
[ ][1][ ][1][1][ ][ ]
[ ][2][ ][2][2][ ][ ]
[ ][2][ ][1][1][ ][ ]
[2][2][ ][1][2][ ][ ]
[2][1][1][1][2][ ][ ]

Player 1 Move (Score: 10330):
Current player: 2
[ ][ ][ ][ ][ ][ ][ ]
[ ][1][ ][1][1][ ][ ]
[ ][2][ ][2][2][ ][ ]
[1][2][ ][1][1][ ][ ]
[2][2][ ][1][2][ ][ ]
[2][1][1][1][2][ ][ ]

Player 2 Move (Score: 10330):
Current player: 1
[ ][ ][ ][ ][ ][ ][ ]
[ ][1][ ][1][1][ ][ ]
[ ][2][ ][2][2][ ][ ]
[1][2][ ][1][1][ ][ ]
[2][2][ ][1][2][ ][ ]
[2][1][1][1][2][ ][2]

Player 1 Move (Score: 10330):
Current player: 2
[ ][1][ ][ ][ ][ ][ ]
[ ][1][ ][1][1][ ][ ]
[ ][2][ ][2][2][ ][ ]
[1][2][ ][1][1][ ][ ]
[2][2][ ][1][2][ ][ ]
[2][1][1][1][2][ ][2]

Player 2 Move (Score: 10230):
Current player: 1
[ ][1][ ][ ][ ][ ][ ]
[ ][1][ ][1][1][ ][ ]
[ ][2][ ][2][2][ ][ ]
[1][2][ ][1][1][ ][ ]
[2][2][ ][1][2][ ][2]
[2][1][1][1][2][ ][2]

Player 1 Move (Score: 10300):
Current player: 2
[ ][1][ ][ ][ ][ ][ ]
[ ][1][ ][1][1][ ][ ]
[ ][2][ ][2][2][ ][ ]
[1][2][ ][1][1][ ][1]
[2][2][ ][1][2][ ][2]
[2][1][1][1][2][ ][2]

Player 2 Move (Score: 10300):
Current player: 1
[ ][1][ ][ ][ ][ ][ ]
[ ][1][ ][1][1][ ][ ]
[2][2][ ][2][2][ ][ ]
[1][2][ ][1][1][ ][1]
[2][2][ ][1][2][ ][2]
[2][1][1][1][2][ ][2]

Player 1 Move (Score: 10300):
Current player: 2
[ ][1][ ][ ][1][ ][ ]
[ ][1][ ][1][1][ ][ ]
[2][2][ ][2][2][ ][ ]
[1][2][ ][1][1][ ][1]
[2][2][ ][1][2][ ][2]
[2][1][1][1][2][ ][2]

Player 2 Move (Score: 10300):
Current player: 1
[ ][1][ ][ ][1][ ][ ]
[2][1][ ][1][1][ ][ ]
[2][2][ ][2][2][ ][ ]
[1][2][ ][1][1][ ][1]
[2][2][ ][1][2][ ][2]
[2][1][1][1][2][ ][2]

Player 1 Move (Score: 10430):
Current player: 2
[ ][1][ ][ ][1][ ][ ]
[2][1][ ][1][1][ ][ ]
[2][2][ ][2][2][ ][1]
[1][2][ ][1][1][ ][1]
[2][2][ ][1][2][ ][2]
[2][1][1][1][2][ ][2]

Player 2 Move (Score: 10100):
Current player: 1
[ ][1][ ][ ][1][ ][ ]
[2][1][ ][1][1][ ][2]
[2][2][ ][2][2][ ][1]
[1][2][ ][1][1][ ][1]
[2][2][ ][1][2][ ][2]
[2][1][1][1][2][ ][2]

Player 1 Move (Score: 10200):
Current player: 2
[ ][1][ ][1][1][ ][ ]
[2][1][ ][1][1][ ][2]
[2][2][ ][2][2][ ][1]
[1][2][ ][1][1][ ][1]
[2][2][ ][1][2][ ][2]
[2][1][1][1][2][ ][2]

Player 2 Move (Score: 10200):
Current player: 1
[ ][1][ ][1][1][ ][2]
[2][1][ ][1][1][ ][2]
[2][2][ ][2][2][ ][1]
[1][2][ ][1][1][ ][1]
[2][2][ ][1][2][ ][2]
[2][1][1][1][2][ ][2]

Player 1 Move (Score: 10200):
Current player: 2
[ ][1][ ][1][1][ ][2]
[2][1][ ][1][1][ ][2]
[2][2][ ][2][2][ ][1]
[1][2][ ][1][1][ ][1]
[2][2][ ][1][2][ ][2]
[2][1][1][1][2][1][2]

Player 2 Move (Score: 10200):
Current player: 1
[ ][1][ ][1][1][ ][2]
[2][1][ ][1][1][ ][2]
[2][2][ ][2][2][ ][1]
[1][2][ ][1][1][ ][1]
[2][2][ ][1][2][2][2]
[2][1][1][1][2][1][2]

Player 1 Move (Score: 10000):
Current player: 2
[1][1][ ][1][1][ ][2]
[2][1][ ][1][1][ ][2]
[2][2][ ][2][2][ ][1]
[1][2][ ][1][1][ ][1]
[2][2][ ][1][2][2][2]
[2][1][1][1][2][1][2]

Player 2 Move (Score: 10000):
Current player: 1
[1][1][ ][1][1][ ][2]
[2][1][ ][1][1][ ][2]
[2][2][ ][2][2][ ][1]
[1][2][ ][1][1][2][1]
[2][2][ ][1][2][2][2]
[2][1][1][1][2][1][2]

Player 1 Move (Score: -1990000):
Current player: 2
[1][1][ ][1][1][ ][2]
[2][1][ ][1][1][ ][2]
[2][2][ ][2][2][ ][1]
[1][2][ ][1][1][2][1]
[2][2][1][1][2][2][2]
[2][1][1][1][2][1][2]

Player 2 Move (Score: -1990000):
Current player: 1
[1][1][ ][1][1][ ][2]
[2][1][ ][1][1][ ][2]
[2][2][ ][2][2][ ][1]
[1][2][2][1][1][2][1]
[2][2][1][1][2][2][2]
[2][1][1][1][2][1][2]

Result: Player 2 Wins

Simulating game 2/10 (Player 1 Depth: 2, Player 2 Depth: 1)
Player 1 Move (Score: 0):
Current player: 2
[ ][ ][ ][ ][ ][ ][ ]
[ ][ ][ ][ ][ ][ ][ ]
[ ][ ][ ][ ][ ][ ][ ]
[ ][ ][ ][ ][ ][ ][ ]
[ ][ ][ ][ ][ ][ ][ ]
[ ][ ][1][ ][ ][ ][ ]

Player 2 Move (Score: 0):
Current player: 1
[ ][ ][ ][ ][ ][ ][ ]
[ ][ ][ ][ ][ ][ ][ ]
[ ][ ][ ][ ][ ][ ][ ]
[ ][ ][ ][ ][ ][ ][ ]
[ ][ ][ ][ ][ ][ ][ ]
[ ][ ][1][ ][2][ ][ ]

Player 1 Move (Score: 0):
Current player: 2
[ ][ ][ ][ ][ ][ ][ ]
[ ][ ][ ][ ][ ][ ][ ]
[ ][ ][ ][ ][ ][ ][ ]
[ ][ ][ ][ ][ ][ ][ ]
[ ][ ][ ][ ][ ][ ][ ]
[ ][ ][1][1][2][ ][ ]

Player 2 Move (Score: -100):
Current player: 1
[ ][ ][ ][ ][ ][ ][ ]
[ ][ ][ ][ ][ ][ ][ ]
[ ][ ][ ][ ][ ][ ][ ]
[ ][ ][ ][ ][ ][ ][ ]
[ ][ ][ ][2][ ][ ][ ]
[ ][ ][1][1][2][ ][ ]

Player 1 Move (Score: -200):
Current player: 2
[ ][ ][ ][ ][ ][ ][ ]
[ ][ ][ ][ ][ ][ ][ ]
[ ][ ][ ][ ][ ][ ][ ]
[ ][ ][ ][ ][ ][ ][ ]
[ ][ ][ ][2][ ][ ][ ]
[ ][ ][1][1][2][1][ ]

Player 2 Move (Score: -350):
Current player: 1
[ ][ ][ ][ ][ ][ ][ ]
[ ][ ][ ][ ][ ][ ][ ]
[ ][ ][ ][ ][ ][ ][ ]
[ ][ ][ ][ ][ ][ ][ ]
[ ][ ][ ][2][2][ ][ ]
[ ][ ][1][1][2][1][ ]

Player 1 Move (Score: -2500):
Current player: 2
[ ][ ][ ][ ][ ][ ][ ]
[ ][ ][ ][ ][ ][ ][ ]
[ ][ ][ ][ ][ ][ ][ ]
[ ][ ][ ][ ][ ][ ][ ]
[ ][ ][ ][2][2][ ][ ]
[ ][1][1][1][2][1][ ]

Player 2 Move (Score: -2500):
Current player: 1
[ ][ ][ ][ ][ ][ ][ ]
[ ][ ][ ][ ][ ][ ][ ]
[ ][ ][ ][ ][ ][ ][ ]
[ ][ ][ ][ ][ ][ ][ ]
[ ][ ][2][2][2][ ][ ]
[ ][1][1][1][2][1][ ]

Player 1 Move (Score: -1987500):
Current player: 2
[ ][ ][ ][ ][ ][ ][ ]
[ ][ ][ ][ ][ ][ ][ ]
[ ][ ][ ][ ][ ][ ][ ]
[ ][ ][ ][ ][ ][ ][ ]
[ ][ ][2][2][2][ ][ ]
[1][1][1][1][2][1][ ]

Result: Player 1 Wins

Simulating game 3/10 (Player 1 Depth: 2, Player 2 Depth: 1)
Player 1 Move (Score: 0):
Current player: 2
[ ][ ][ ][ ][ ][ ][ ]
[ ][ ][ ][ ][ ][ ][ ]
[ ][ ][ ][ ][ ][ ][ ]
[ ][ ][ ][ ][ ][ ][ ]
[ ][ ][ ][ ][ ][ ][ ]
[ ][ ][1][ ][ ][ ][ ]

Player 2 Move (Score: 0):
Current player: 1
[ ][ ][ ][ ][ ][ ][ ]
[ ][ ][ ][ ][ ][ ][ ]
[ ][ ][ ][ ][ ][ ][ ]
[ ][ ][ ][ ][ ][ ][ ]
[ ][ ][ ][ ][ ][ ][ ]
[ ][ ][1][ ][ ][ ][2]

Player 1 Move (Score: 50):
Current player: 2
[ ][ ][ ][ ][ ][ ][ ]
[ ][ ][ ][ ][ ][ ][ ]
[ ][ ][ ][ ][ ][ ][ ]
[ ][ ][ ][ ][ ][ ][ ]
[ ][ ][ ][ ][ ][ ][ ]
[ ][ ][1][1][ ][ ][2]

Player 2 Move (Score: 50):
Current player: 1
[ ][ ][ ][ ][ ][ ][ ]
[ ][ ][ ][ ][ ][ ][ ]
[ ][ ][ ][ ][ ][ ][ ]
[ ][ ][ ][ ][ ][ ][ ]
[ ][ ][ ][ ][ ][ ][2]
[ ][ ][1][1][ ][ ][2]

Player 1 Move (Score: 2000):
Current player: 2
[ ][ ][ ][ ][ ][ ][ ]
[ ][ ][ ][ ][ ][ ][ ]
[ ][ ][ ][ ][ ][ ][ ]
[ ][ ][ ][ ][ ][ ][ ]
[ ][ ][ ][ ][ ][ ][2]
[ ][ ][1][1][1][ ][2]

Player 2 Move (Score: 2000):
Current player: 1
[ ][ ][ ][ ][ ][ ][ ]
[ ][ ][ ][ ][ ][ ][ ]
[ ][ ][ ][ ][ ][ ][ ]
[ ][ ][ ][ ][ ][ ][2]
[ ][ ][ ][ ][ ][ ][2]
[ ][ ][1][1][1][ ][2]

Player 1 Move (Score: 10000):
Current player: 2
[ ][ ][ ][ ][ ][ ][ ]
[ ][ ][ ][ ][ ][ ][ ]
[ ][ ][ ][ ][ ][ ][1]
[ ][ ][ ][ ][ ][ ][2]
[ ][ ][ ][ ][ ][ ][2]
[ ][ ][1][1][1][ ][2]

Player 2 Move (Score: 10000):
Current player: 1
[ ][ ][ ][ ][ ][ ][ ]
[ ][ ][ ][ ][ ][ ][ ]
[ ][ ][ ][ ][ ][ ][1]
[ ][ ][ ][ ][ ][ ][2]
[ ][ ][ ][ ][ ][ ][2]
[ ][2][1][1][1][ ][2]

Player 1 Move (Score: 400):
Current player: 2
[ ][ ][ ][ ][ ][ ][ ]
[ ][ ][ ][ ][ ][ ][ ]
[ ][ ][ ][ ][ ][ ][1]
[ ][ ][ ][ ][ ][ ][2]
[ ][ ][ ][1][ ][ ][2]
[ ][2][1][1][1][ ][2]

Player 2 Move (Score: 400):
Current player: 1
[ ][ ][ ][ ][ ][ ][ ]
[ ][ ][ ][ ][ ][ ][ ]
[ ][ ][ ][ ][ ][ ][1]
[ ][ ][ ][ ][ ][ ][2]
[ ][ ][ ][1][ ][ ][2]
[ ][2][1][1][1][2][2]

Player 1 Move (Score: 330):
Current player: 2
[ ][ ][ ][ ][ ][ ][ ]
[ ][ ][ ][ ][ ][ ][ ]
[ ][ ][ ][ ][ ][ ][1]
[ ][ ][ ][ ][ ][ ][2]
[ ][ ][1][1][ ][ ][2]
[ ][2][1][1][1][2][2]

Player 2 Move (Score: 330):
Current player: 1
[ ][ ][ ][ ][ ][ ][ ]
[ ][ ][ ][ ][ ][ ][ ]
[ ][ ][ ][ ][ ][ ][1]
[ ][ ][ ][ ][ ][ ][2]
[ ][ ][1][1][ ][2][2]
[ ][2][1][1][1][2][2]

Player 1 Move (Score: 19930):
Current player: 2
[ ][ ][ ][ ][ ][ ][ ]
[ ][ ][ ][ ][ ][ ][ ]
[ ][ ][ ][ ][ ][ ][1]
[ ][ ][1][ ][ ][ ][2]
[ ][ ][1][1][ ][2][2]
[ ][2][1][1][1][2][2]

Player 2 Move (Score: 19930):
Current player: 1
[ ][ ][ ][ ][ ][ ][ ]
[ ][ ][ ][ ][ ][ ][ ]
[ ][ ][ ][ ][ ][ ][1]
[ ][ ][1][ ][ ][2][2]
[ ][ ][1][1][ ][2][2]
[ ][2][1][1][1][2][2]

Player 1 Move (Score: 19930):
Current player: 2
[ ][ ][ ][ ][ ][ ][ ]
[ ][ ][ ][ ][ ][ ][1]
[ ][ ][ ][ ][ ][ ][1]
[ ][ ][1][ ][ ][2][2]
[ ][ ][1][1][ ][2][2]
[ ][2][1][1][1][2][2]

Player 2 Move (Score: -1980270):
Current player: 1
[ ][ ][ ][ ][ ][ ][ ]
[ ][ ][ ][ ][ ][ ][1]
[ ][ ][ ][ ][ ][2][1]
[ ][ ][1][ ][ ][2][2]
[ ][ ][1][1][ ][2][2]
[ ][2][1][1][1][2][2]

Result: Player 2 Wins

Simulating game 4/10 (Player 1 Depth: 2, Player 2 Depth: 1)
Player 1 Move (Score: 0):
Current player: 2
[ ][ ][ ][ ][ ][ ][ ]
[ ][ ][ ][ ][ ][ ][ ]
[ ][ ][ ][ ][ ][ ][ ]
[ ][ ][ ][ ][ ][ ][ ]
[ ][ ][ ][ ][ ][ ][ ]
[ ][ ][ ][ ][ ][ ][1]

Player 2 Move (Score: 0):
Current player: 1
[ ][ ][ ][ ][ ][ ][ ]
[ ][ ][ ][ ][ ][ ][ ]
[ ][ ][ ][ ][ ][ ][ ]
[ ][ ][ ][ ][ ][ ][ ]
[ ][ ][ ][ ][ ][ ][ ]
[ ][2][ ][ ][ ][ ][1]

Player 1 Move (Score: -30):
Current player: 2
[ ][ ][ ][ ][ ][ ][ ]
[ ][ ][ ][ ][ ][ ][ ]
[ ][ ][ ][ ][ ][ ][ ]
[ ][ ][ ][ ][ ][ ][ ]
[ ][ ][ ][ ][ ][ ][1]
[ ][2][ ][ ][ ][ ][1]

Player 2 Move (Score: -30):
Current player: 1
[ ][ ][ ][ ][ ][ ][ ]
[ ][ ][ ][ ][ ][ ][ ]
[ ][ ][ ][ ][ ][ ][ ]
[ ][ ][ ][ ][ ][ ][ ]
[ ][ ][ ][ ][ ][ ][1]
[ ][2][2][ ][ ][ ][1]

Player 1 Move (Score: -100):
Current player: 2
[ ][ ][ ][ ][ ][ ][ ]
[ ][ ][ ][ ][ ][ ][ ]
[ ][ ][ ][ ][ ][ ][ ]
[ ][ ][ ][ ][ ][ ][ ]
[ ][ ][ ][ ][ ][ ][1]
[ ][2][2][1][ ][ ][1]

Player 2 Move (Score: -100):
Current player: 1
[ ][ ][ ][ ][ ][ ][ ]
[ ][ ][ ][ ][ ][ ][ ]
[ ][ ][ ][ ][ ][ ][ ]
[ ][ ][ ][ ][ ][ ][ ]
[ ][ ][2][ ][ ][ ][1]
[ ][2][2][1][ ][ ][1]

Player 1 Move (Score: -200):
Current player: 2
[ ][ ][ ][ ][ ][ ][ ]
[ ][ ][ ][ ][ ][ ][ ]
[ ][ ][ ][ ][ ][ ][ ]
[ ][ ][ ][ ][ ][ ][1]
[ ][ ][2][ ][ ][ ][1]
[ ][2][2][1][ ][ ][1]

Player 2 Move (Score: -200):
Current player: 1
[ ][ ][ ][ ][ ][ ][ ]
[ ][ ][ ][ ][ ][ ][ ]
[ ][ ][ ][ ][ ][ ][2]
[ ][ ][ ][ ][ ][ ][1]
[ ][ ][2][ ][ ][ ][1]
[ ][2][2][1][ ][ ][1]

Player 1 Move (Score: -350):
Current player: 2
[ ][ ][ ][ ][ ][ ][ ]
[ ][ ][ ][ ][ ][ ][ ]
[ ][ ][ ][ ][ ][ ][2]
[ ][ ][1][ ][ ][ ][1]
[ ][ ][2][ ][ ][ ][1]
[ ][2][2][1][ ][ ][1]

Player 2 Move (Score: -350):
Current player: 1
[ ][ ][ ][ ][ ][ ][ ]
[ ][ ][ ][ ][ ][ ][ ]
[ ][ ][ ][ ][ ][ ][2]
[ ][ ][1][ ][ ][ ][1]
[ ][ ][2][2][ ][ ][1]
[ ][2][2][1][ ][ ][1]

Player 1 Move (Score: -10270):
Current player: 2
[ ][ ][ ][ ][ ][ ][ ]
[ ][ ][ ][ ][ ][ ][ ]
[ ][ ][ ][ ][ ][ ][2]
[ ][ ][1][ ][ ][ ][1]
[ ][1][2][2][ ][ ][1]
[ ][2][2][1][ ][ ][1]

Player 2 Move (Score: -10270):
Current player: 1
[ ][ ][ ][ ][ ][ ][ ]
[ ][ ][ ][ ][ ][ ][ ]
[ ][ ][ ][ ][ ][ ][2]
[ ][ ][1][2][ ][ ][1]
[ ][1][2][2][ ][ ][1]
[ ][2][2][1][ ][ ][1]

Player 1 Move (Score: 9900):
Current player: 2
[ ][ ][ ][ ][ ][ ][ ]
[ ][ ][ ][ ][ ][ ][ ]
[ ][ ][ ][1][ ][ ][2]
[ ][ ][1][2][ ][ ][1]
[ ][1][2][2][ ][ ][1]
[ ][2][2][1][ ][ ][1]

Player 2 Move (Score: 9900):
Current player: 1
[ ][ ][ ][ ][ ][ ][ ]
[ ][ ][ ][ ][ ][ ][ ]
[ ][ ][ ][1][ ][ ][2]
[ ][ ][1][2][ ][ ][1]
[ ][1][2][2][ ][ ][1]
[2][2][2][1][ ][ ][1]

Player 1 Move (Score: 10050):
Current player: 2
[ ][ ][ ][ ][ ][ ][ ]
[ ][ ][ ][ ][ ][ ][ ]
[ ][ ][1][1][ ][ ][2]
[ ][ ][1][2][ ][ ][1]
[ ][1][2][2][ ][ ][1]
[2][2][2][1][ ][ ][1]

Player 2 Move (Score: 10050):
Current player: 1
[ ][ ][ ][ ][ ][ ][ ]
[ ][ ][2][ ][ ][ ][ ]
[ ][ ][1][1][ ][ ][2]
[ ][ ][1][2][ ][ ][1]
[ ][1][2][2][ ][ ][1]
[2][2][2][1][ ][ ][1]

Player 1 Move (Score: 10050):
Current player: 2
[ ][ ][ ][ ][ ][ ][ ]
[ ][ ][2][1][ ][ ][ ]
[ ][ ][1][1][ ][ ][2]
[ ][ ][1][2][ ][ ][1]
[ ][1][2][2][ ][ ][1]
[2][2][2][1][ ][ ][1]

Player 2 Move (Score: 10050):
Current player: 1
[ ][ ][ ][ ][ ][ ][ ]
[ ][ ][2][1][ ][ ][ ]
[ ][ ][1][1][ ][ ][2]
[ ][2][1][2][ ][ ][1]
[ ][1][2][2][ ][ ][1]
[2][2][2][1][ ][ ][1]

Player 1 Move (Score: 21900):
Current player: 2
[ ][ ][ ][ ][ ][ ][ ]
[ ][ ][2][1][ ][ ][ ]
[ ][1][1][1][ ][ ][2]
[ ][2][1][2][ ][ ][1]
[ ][1][2][2][ ][ ][1]
[2][2][2][1][ ][ ][1]

Player 2 Move (Score: 21900):
Current player: 1
[ ][ ][ ][ ][ ][ ][ ]
[ ][ ][2][1][ ][ ][ ]
[ ][1][1][1][ ][ ][2]
[ ][2][1][2][ ][ ][1]
[2][1][2][2][ ][ ][1]
[2][2][2][1][ ][ ][1]

Player 1 Move (Score: 20000):
Current player: 2
[ ][ ][ ][ ][ ][ ][ ]
[ ][ ][2][1][ ][ ][ ]
[ ][1][1][1][ ][ ][2]
[1][2][1][2][ ][ ][1]
[2][1][2][2][ ][ ][1]
[2][2][2][1][ ][ ][1]

Player 2 Move (Score: 20000):
Current player: 1
[ ][ ][ ][ ][ ][ ][ ]
[ ][ ][2][1][ ][ ][ ]
[2][1][1][1][ ][ ][2]
[1][2][1][2][ ][ ][1]
[2][1][2][2][ ][ ][1]
[2][2][2][1][ ][ ][1]

Player 1 Move (Score: 20100):
Current player: 2
[ ][ ][1][ ][ ][ ][ ]
[ ][ ][2][1][ ][ ][ ]
[2][1][1][1][ ][ ][2]
[1][2][1][2][ ][ ][1]
[2][1][2][2][ ][ ][1]
[2][2][2][1][ ][ ][1]

Player 2 Move (Score: 20100):
Current player: 1
[ ][ ][1][ ][ ][ ][ ]
[ ][ ][2][1][ ][ ][2]
[2][1][1][1][ ][ ][2]
[1][2][1][2][ ][ ][1]
[2][1][2][2][ ][ ][1]
[2][2][2][1][ ][ ][1]

Player 1 Move (Score: 20250):
Current player: 2
[ ][ ][1][1][ ][ ][ ]
[ ][ ][2][1][ ][ ][2]
[2][1][1][1][ ][ ][2]
[1][2][1][2][ ][ ][1]
[2][1][2][2][ ][ ][1]
[2][2][2][1][ ][ ][1]

Player 2 Move (Score: 20250):
Current player: 1
[ ][ ][1][1][ ][ ][ ]
[2][ ][2][1][ ][ ][2]
[2][1][1][1][ ][ ][2]
[1][2][1][2][ ][ ][1]
[2][1][2][2][ ][ ][1]
[2][2][2][1][ ][ ][1]

Player 1 Move (Score: 20230):
Current player: 2
[ ][ ][1][1][ ][ ][1]
[2][ ][2][1][ ][ ][2]
[2][1][1][1][ ][ ][2]
[1][2][1][2][ ][ ][1]
[2][1][2][2][ ][ ][1]
[2][2][2][1][ ][ ][1]

Player 2 Move (Score: 20230):
Current player: 1
[2][ ][1][1][ ][ ][1]
[2][ ][2][1][ ][ ][2]
[2][1][1][1][ ][ ][2]
[1][2][1][2][ ][ ][1]
[2][1][2][2][ ][ ][1]
[2][2][2][1][ ][ ][1]

Player 1 Move (Score: 20230):
Current player: 2
[2][ ][1][1][ ][ ][1]
[2][ ][2][1][ ][ ][2]
[2][1][1][1][ ][ ][2]
[1][2][1][2][ ][ ][1]
[2][1][2][2][ ][ ][1]
[2][2][2][1][ ][1][1]

Player 2 Move (Score: 20230):
Current player: 1
[2][ ][1][1][ ][ ][1]
[2][ ][2][1][ ][ ][2]
[2][1][1][1][ ][ ][2]
[1][2][1][2][ ][ ][1]
[2][1][2][2][ ][ ][1]
[2][2][2][1][2][1][1]

Player 1 Move (Score: 20230):
Current player: 2
[2][ ][1][1][ ][ ][1]
[2][ ][2][1][ ][ ][2]
[2][1][1][1][ ][ ][2]
[1][2][1][2][ ][ ][1]
[2][1][2][2][ ][1][1]
[2][2][2][1][2][1][1]

Player 2 Move (Score: 20230):
Current player: 1
[2][ ][1][1][ ][ ][1]
[2][ ][2][1][ ][ ][2]
[2][1][1][1][ ][ ][2]
[1][2][1][2][ ][2][1]
[2][1][2][2][ ][1][1]
[2][2][2][1][2][1][1]

Player 1 Move (Score: 20130):
Current player: 2
[2][ ][1][1][ ][ ][1]
[2][ ][2][1][ ][ ][2]
[2][1][1][1][ ][1][2]
[1][2][1][2][ ][2][1]
[2][1][2][2][ ][1][1]
[2][2][2][1][2][1][1]

Player 2 Move (Score: 20130):
Current player: 1
[2][ ][1][1][ ][ ][1]
[2][ ][2][1][ ][ ][2]
[2][1][1][1][ ][1][2]
[1][2][1][2][ ][2][1]
[2][1][2][2][2][1][1]
[2][2][2][1][2][1][1]

Player 1 Move (Score: 10330):
Current player: 2
[2][ ][1][1][ ][ ][1]
[2][ ][2][1][ ][1][2]
[2][1][1][1][ ][1][2]
[1][2][1][2][ ][2][1]
[2][1][2][2][2][1][1]
[2][2][2][1][2][1][1]

Player 2 Move (Score: 10330):
Current player: 1
[2][ ][1][1][ ][ ][1]
[2][ ][2][1][ ][1][2]
[2][1][1][1][ ][1][2]
[1][2][1][2][2][2][1]
[2][1][2][2][2][1][1]
[2][2][2][1][2][1][1]

Player 1 Move (Score: -3989670):
Current player: 2
[2][ ][1][1][ ][ ][1]
[2][1][2][1][ ][1][2]
[2][1][1][1][ ][1][2]
[1][2][1][2][2][2][1]
[2][1][2][2][2][1][1]
[2][2][2][1][2][1][1]

Player 2 Move (Score: -3989670):
Current player: 1
[2][ ][1][1][ ][ ][1]
[2][1][2][1][ ][1][2]
[2][1][1][1][2][1][2]
[1][2][1][2][2][2][1]
[2][1][2][2][2][1][1]
[2][2][2][1][2][1][1]

Result: Player 2 Wins

Simulating game 5/10 (Player 1 Depth: 2, Player 2 Depth: 1)
Player 1 Move (Score: 0):
Current player: 2
[ ][ ][ ][ ][ ][ ][ ]
[ ][ ][ ][ ][ ][ ][ ]
[ ][ ][ ][ ][ ][ ][ ]
[ ][ ][ ][ ][ ][ ][ ]
[ ][ ][ ][ ][ ][ ][ ]
[ ][ ][ ][ ][1][ ][ ]

Player 2 Move (Score: 0):
Current player: 1
[ ][ ][ ][ ][ ][ ][ ]
[ ][ ][ ][ ][ ][ ][ ]
[ ][ ][ ][ ][ ][ ][ ]
[ ][ ][ ][ ][ ][ ][ ]
[ ][ ][ ][ ][2][ ][ ]
[ ][ ][ ][ ][1][ ][ ]

Player 1 Move (Score: -100):
Current player: 2
[ ][ ][ ][ ][ ][ ][ ]
[ ][ ][ ][ ][ ][ ][ ]
[ ][ ][ ][ ][ ][ ][ ]
[ ][ ][ ][ ][ ][ ][ ]
[ ][ ][ ][ ][2][ ][ ]
[ ][ ][ ][ ][1][ ][1]

Player 2 Move (Score: -300):
Current player: 1
[ ][ ][ ][ ][ ][ ][ ]
[ ][ ][ ][ ][ ][ ][ ]
[ ][ ][ ][ ][ ][ ][ ]
[ ][ ][ ][ ][ ][ ][ ]
[ ][ ][ ][ ][2][ ][ ]
[ ][ ][ ][ ][1][2][1]

Player 1 Move (Score: -400):
Current player: 2
[ ][ ][ ][ ][ ][ ][ ]
[ ][ ][ ][ ][ ][ ][ ]
[ ][ ][ ][ ][ ][ ][ ]
[ ][ ][ ][ ][ ][ ][ ]
[ ][ ][ ][ ][2][ ][1]
[ ][ ][ ][ ][1][2][1]

Player 2 Move (Score: -400):
Current player: 1
[ ][ ][ ][ ][ ][ ][ ]
[ ][ ][ ][ ][ ][ ][ ]
[ ][ ][ ][ ][ ][ ][ ]
[ ][ ][ ][ ][ ][ ][ ]
[ ][ ][ ][ ][2][2][1]
[ ][ ][ ][ ][1][2][1]

Player 1 Move (Score: -400):
Current player: 2
[ ][ ][ ][ ][ ][ ][ ]
[ ][ ][ ][ ][ ][ ][ ]
[ ][ ][ ][ ][ ][ ][ ]
[ ][ ][ ][ ][ ][1][ ]
[ ][ ][ ][ ][2][2][1]
[ ][ ][ ][ ][1][2][1]

Player 2 Move (Score: -400):
Current player: 1
[ ][ ][ ][ ][ ][ ][ ]
[ ][ ][ ][ ][ ][ ][ ]
[ ][ ][ ][ ][ ][ ][ ]
[ ][ ][ ][ ][2][1][ ]
[ ][ ][ ][ ][2][2][1]
[ ][ ][ ][ ][1][2][1]

Player 1 Move (Score: 19370):
Current player: 2
[ ][ ][ ][ ][ ][ ][ ]
[ ][ ][ ][ ][ ][ ][ ]
[ ][ ][ ][ ][1][ ][ ]
[ ][ ][ ][ ][2][1][ ]
[ ][ ][ ][ ][2][2][1]
[ ][ ][ ][ ][1][2][1]

Player 2 Move (Score: 19370):
Current player: 1
[ ][ ][ ][ ][ ][ ][ ]
[ ][ ][ ][ ][ ][ ][ ]
[ ][ ][ ][ ][1][2][ ]
[ ][ ][ ][ ][2][1][ ]
[ ][ ][ ][ ][2][2][1]
[ ][ ][ ][ ][1][2][1]

Player 1 Move (Score: 19530):
Current player: 2
[ ][ ][ ][ ][ ][ ][ ]
[ ][ ][ ][ ][ ][1][ ]
[ ][ ][ ][ ][1][2][ ]
[ ][ ][ ][ ][2][1][ ]
[ ][ ][ ][ ][2][2][1]
[ ][ ][ ][ ][1][2][1]

Player 2 Move (Score: 19530):
Current player: 1
[ ][ ][ ][ ][ ][ ][ ]
[ ][ ][ ][ ][ ][1][ ]
[ ][ ][ ][ ][1][2][ ]
[ ][ ][ ][ ][2][1][2]
[ ][ ][ ][ ][2][2][1]
[ ][ ][ ][ ][1][2][1]

Player 1 Move (Score: 19660):
Current player: 2
[ ][ ][ ][ ][ ][ ][ ]
[ ][ ][ ][ ][1][1][ ]
[ ][ ][ ][ ][1][2][ ]
[ ][ ][ ][ ][2][1][2]
[ ][ ][ ][ ][2][2][1]
[ ][ ][ ][ ][1][2][1]

Player 2 Move (Score: 19660):
Current player: 1
[ ][ ][ ][ ][ ][ ][ ]
[ ][ ][ ][ ][1][1][ ]
[ ][ ][ ][ ][1][2][2]
[ ][ ][ ][ ][2][1][2]
[ ][ ][ ][ ][2][2][1]
[ ][ ][ ][ ][1][2][1]

Player 1 Move (Score: 29700):
Current player: 2
[ ][ ][ ][ ][ ][ ][ ]
[ ][ ][ ][ ][1][1][1]
[ ][ ][ ][ ][1][2][2]
[ ][ ][ ][ ][2][1][2]
[ ][ ][ ][ ][2][2][1]
[ ][ ][ ][ ][1][2][1]

Player 2 Move (Score: 29700):
Current player: 1
[ ][ ][ ][ ][ ][ ][2]
[ ][ ][ ][ ][1][1][1]
[ ][ ][ ][ ][1][2][2]
[ ][ ][ ][ ][2][1][2]
[ ][ ][ ][ ][2][2][1]
[ ][ ][ ][ ][1][2][1]

Player 1 Move (Score: 30000):
Current player: 2
[ ][ ][ ][ ][ ][1][2]
[ ][ ][ ][ ][1][1][1]
[ ][ ][ ][ ][1][2][2]
[ ][ ][ ][ ][2][1][2]
[ ][ ][ ][ ][2][2][1]
[ ][ ][ ][ ][1][2][1]

Player 2 Move (Score: 30000):
Current player: 1
[ ][ ][ ][ ][ ][1][2]
[ ][ ][ ][ ][1][1][1]
[ ][ ][ ][ ][1][2][2]
[ ][ ][ ][ ][2][1][2]
[ ][ ][ ][ ][2][2][1]
[2][ ][ ][ ][1][2][1]

Player 1 Move (Score: 30000):
Current player: 2
[ ][ ][ ][ ][1][1][2]
[ ][ ][ ][ ][1][1][1]
[ ][ ][ ][ ][1][2][2]
[ ][ ][ ][ ][2][1][2]
[ ][ ][ ][ ][2][2][1]
[2][ ][ ][ ][1][2][1]

Player 2 Move (Score: 30000):
Current player: 1
[ ][ ][ ][ ][1][1][2]
[ ][ ][ ][ ][1][1][1]
[ ][ ][ ][ ][1][2][2]
[ ][ ][ ][ ][2][1][2]
[2][ ][ ][ ][2][2][1]
[2][ ][ ][ ][1][2][1]

Player 1 Move (Score: 30000):
Current player: 2
[ ][ ][ ][ ][1][1][2]
[ ][ ][ ][ ][1][1][1]
[ ][ ][ ][ ][1][2][2]
[1][ ][ ][ ][2][1][2]
[2][ ][ ][ ][2][2][1]
[2][ ][ ][ ][1][2][1]

Player 2 Move (Score: 30000):
Current player: 1
[ ][ ][ ][ ][1][1][2]
[ ][ ][ ][ ][1][1][1]
[ ][ ][ ][ ][1][2][2]
[1][ ][ ][ ][2][1][2]
[2][ ][ ][ ][2][2][1]
[2][2][ ][ ][1][2][1]

Player 1 Move (Score: 29900):
Current player: 2
[ ][ ][ ][ ][1][1][2]
[ ][ ][ ][ ][1][1][1]
[ ][ ][ ][ ][1][2][2]
[1][ ][ ][ ][2][1][2]
[2][ ][ ][ ][2][2][1]
[2][2][1][ ][1][2][1]

Player 2 Move (Score: 29900):
Current player: 1
[ ][ ][ ][ ][1][1][2]
[ ][ ][ ][ ][1][1][1]
[ ][ ][ ][ ][1][2][2]
[1][ ][ ][ ][2][1][2]
[2][2][ ][ ][2][2][1]
[2][2][1][ ][1][2][1]

Player 1 Move (Score: 20100):
Current player: 2
[ ][ ][ ][ ][1][1][2]
[ ][ ][ ][ ][1][1][1]
[ ][ ][ ][ ][1][2][2]
[1][1][ ][ ][2][1][2]
[2][2][ ][ ][2][2][1]
[2][2][1][ ][1][2][1]

Player 2 Move (Score: 20100):
Current player: 1
[ ][ ][ ][ ][1][1][2]
[ ][ ][ ][ ][1][1][1]
[ ][ ][ ][ ][1][2][2]
[1][1][ ][ ][2][1][2]
[2][2][2][ ][2][2][1]
[2][2][1][ ][1][2][1]

Player 1 Move (Score: 29800):
Current player: 2
[ ][ ][ ][ ][1][1][2]
[ ][ ][ ][ ][1][1][1]
[ ][ ][ ][ ][1][2][2]
[1][1][1][ ][2][1][2]
[2][2][2][ ][2][2][1]
[2][2][1][ ][1][2][1]

Player 2 Move (Score: 29800):
Current player: 1
[ ][ ][ ][ ][1][1][2]
[ ][ ][ ][ ][1][1][1]
[ ][2][ ][ ][1][2][2]
[1][1][1][ ][2][1][2]
[2][2][2][ ][2][2][1]
[2][2][1][ ][1][2][1]

Player 1 Move (Score: 30200):
Current player: 2
[ ][ ][ ][ ][1][1][2]
[ ][ ][ ][ ][1][1][1]
[ ][2][1][ ][1][2][2]
[1][1][1][ ][2][1][2]
[2][2][2][ ][2][2][1]
[2][2][1][ ][1][2][1]

Player 2 Move (Score: 30200):
Current player: 1
[ ][ ][ ][ ][1][1][2]
[ ][ ][2][ ][1][1][1]
[ ][2][1][ ][1][2][2]
[1][1][1][ ][2][1][2]
[2][2][2][ ][2][2][1]
[2][2][1][ ][1][2][1]

Player 1 Move (Score: 30100):
Current player: 2
[ ][ ][ ][ ][1][1][2]
[ ][ ][2][ ][1][1][1]
[1][2][1][ ][1][2][2]
[1][1][1][ ][2][1][2]
[2][2][2][ ][2][2][1]
[2][2][1][ ][1][2][1]

Player 2 Move (Score: 30100):
Current player: 1
[ ][ ][2][ ][1][1][2]
[ ][ ][2][ ][1][1][1]
[1][2][1][ ][1][2][2]
[1][1][1][ ][2][1][2]
[2][2][2][ ][2][2][1]
[2][2][1][ ][1][2][1]

Player 1 Move (Score: 30100):
Current player: 2
[ ][ ][2][ ][1][1][2]
[ ][1][2][ ][1][1][1]
[1][2][1][ ][1][2][2]
[1][1][1][ ][2][1][2]
[2][2][2][ ][2][2][1]
[2][2][1][ ][1][2][1]

Player 2 Move (Score: 30100):
Current player: 1
[ ][ ][2][ ][1][1][2]
[2][1][2][ ][1][1][1]
[1][2][1][ ][1][2][2]
[1][1][1][ ][2][1][2]
[2][2][2][ ][2][2][1]
[2][2][1][ ][1][2][1]

Player 1 Move (Score: 40000):
Current player: 2
[1][ ][2][ ][1][1][2]
[2][1][2][ ][1][1][1]
[1][2][1][ ][1][2][2]
[1][1][1][ ][2][1][2]
[2][2][2][ ][2][2][1]
[2][2][1][ ][1][2][1]

Player 2 Move (Score: 40000):
Current player: 1
[1][ ][2][ ][1][1][2]
[2][1][2][ ][1][1][1]
[1][2][1][ ][1][2][2]
[1][1][1][ ][2][1][2]
[2][2][2][ ][2][2][1]
[2][2][1][2][1][2][1]

Player 1 Move (Score: 30000):
Current player: 2
[1][ ][2][ ][1][1][2]
[2][1][2][ ][1][1][1]
[1][2][1][ ][1][2][2]
[1][1][1][ ][2][1][2]
[2][2][2][1][2][2][1]
[2][2][1][2][1][2][1]

Player 2 Move (Score: 30000):
Current player: 1
[1][ ][2][ ][1][1][2]
[2][1][2][ ][1][1][1]
[1][2][1][ ][1][2][2]
[1][1][1][2][2][1][2]
[2][2][2][1][2][2][1]
[2][2][1][2][1][2][1]

Player 1 Move (Score: -3970100):
Current player: 2
[1][1][2][ ][1][1][2]
[2][1][2][ ][1][1][1]
[1][2][1][ ][1][2][2]
[1][1][1][2][2][1][2]
[2][2][2][1][2][2][1]
[2][2][1][2][1][2][1]

Player 2 Move (Score: -3970100):
Current player: 1
[1][1][2][ ][1][1][2]
[2][1][2][ ][1][1][1]
[1][2][1][2][1][2][2]
[1][1][1][2][2][1][2]
[2][2][2][1][2][2][1]
[2][2][1][2][1][2][1]

Result: Player 2 Wins

Simulating game 6/10 (Player 1 Depth: 2, Player 2 Depth: 1)
Player 1 Move (Score: 0):
Current player: 2
[ ][ ][ ][ ][ ][ ][ ]
[ ][ ][ ][ ][ ][ ][ ]
[ ][ ][ ][ ][ ][ ][ ]
[ ][ ][ ][ ][ ][ ][ ]
[ ][ ][ ][ ][ ][ ][ ]
[ ][1][ ][ ][ ][ ][ ]

Player 2 Move (Score: 0):
Current player: 1
[ ][ ][ ][ ][ ][ ][ ]
[ ][ ][ ][ ][ ][ ][ ]
[ ][ ][ ][ ][ ][ ][ ]
[ ][ ][ ][ ][ ][ ][ ]
[ ][ ][ ][ ][ ][ ][ ]
[ ][1][2][ ][ ][ ][ ]

Player 1 Move (Score: 0):
Current player: 2
[ ][ ][ ][ ][ ][ ][ ]
[ ][ ][ ][ ][ ][ ][ ]
[ ][ ][ ][ ][ ][ ][ ]
[ ][ ][ ][ ][ ][ ][ ]
[ ][ ][ ][ ][ ][ ][ ]
[ ][1][2][ ][ ][ ][1]

Player 2 Move (Score: -100):
Current player: 1
[ ][ ][ ][ ][ ][ ][ ]
[ ][ ][ ][ ][ ][ ][ ]
[ ][ ][ ][ ][ ][ ][ ]
[ ][ ][ ][ ][ ][ ][ ]
[ ][ ][2][ ][ ][ ][ ]
[ ][1][2][ ][ ][ ][1]

Player 1 Move (Score: -200):
Current player: 2
[ ][ ][ ][ ][ ][ ][ ]
[ ][ ][ ][ ][ ][ ][ ]
[ ][ ][ ][ ][ ][ ][ ]
[ ][ ][1][ ][ ][ ][ ]
[ ][ ][2][ ][ ][ ][ ]
[ ][1][2][ ][ ][ ][1]

Player 2 Move (Score: -200):
Current player: 1
[ ][ ][ ][ ][ ][ ][ ]
[ ][ ][ ][ ][ ][ ][ ]
[ ][ ][ ][ ][ ][ ][ ]
[ ][ ][1][ ][ ][ ][ ]
[ ][ ][2][ ][ ][ ][ ]
[ ][1][2][2][ ][ ][1]

Player 1 Move (Score: -450):
Current player: 2
[ ][ ][ ][ ][ ][ ][ ]
[ ][ ][ ][ ][ ][ ][ ]
[ ][ ][ ][ ][ ][ ][ ]
[ ][ ][1][ ][ ][ ][ ]
[ ][ ][2][ ][ ][ ][ ]
[ ][1][2][2][1][ ][1]

Player 2 Move (Score: -450):
Current player: 1
[ ][ ][ ][ ][ ][ ][ ]
[ ][ ][ ][ ][ ][ ][ ]
[ ][ ][ ][ ][ ][ ][ ]
[ ][ ][1][ ][ ][ ][ ]
[ ][ ][2][2][ ][ ][ ]
[ ][1][2][2][1][ ][1]

Player 1 Move (Score: -10270):
Current player: 2
[ ][ ][ ][ ][ ][ ][ ]
[ ][ ][ ][ ][ ][ ][ ]
[ ][ ][ ][ ][ ][ ][ ]
[ ][ ][1][ ][ ][ ][ ]
[ ][1][2][2][ ][ ][ ]
[ ][1][2][2][1][ ][1]

Player 2 Move (Score: -10270):
Current player: 1
[ ][ ][ ][ ][ ][ ][ ]
[ ][ ][ ][ ][ ][ ][ ]
[ ][ ][ ][ ][ ][ ][ ]
[ ][ ][1][2][ ][ ][ ]
[ ][1][2][2][ ][ ][ ]
[ ][1][2][2][1][ ][1]

Player 1 Move (Score: 11440):
Current player: 2
[ ][ ][ ][ ][ ][ ][ ]
[ ][ ][ ][ ][ ][ ][ ]
[ ][ ][ ][1][ ][ ][ ]
[ ][ ][1][2][ ][ ][ ]
[ ][1][2][2][ ][ ][ ]
[ ][1][2][2][1][ ][1]

Player 2 Move (Score: 11440):
Current player: 1
[ ][ ][ ][ ][ ][ ][ ]
[ ][ ][ ][ ][ ][ ][ ]
[ ][ ][ ][1][ ][ ][ ]
[ ][ ][1][2][ ][ ][ ]
[ ][1][2][2][2][ ][ ]
[ ][1][2][2][1][ ][1]

Player 1 Move (Score: 1750):
Current player: 2
[ ][ ][ ][ ][ ][ ][ ]
[ ][ ][ ][ ][ ][ ][ ]
[ ][ ][1][1][ ][ ][ ]
[ ][ ][1][2][ ][ ][ ]
[ ][1][2][2][2][ ][ ]
[ ][1][2][2][1][ ][1]

Player 2 Move (Score: 1750):
Current player: 1
[ ][ ][ ][ ][ ][ ][ ]
[ ][ ][ ][ ][ ][ ][ ]
[ ][ ][1][1][ ][ ][ ]
[ ][ ][1][2][2][ ][ ]
[ ][1][2][2][2][ ][ ]
[ ][1][2][2][1][ ][1]

Player 1 Move (Score: 1800):
Current player: 2
[ ][ ][ ][ ][ ][ ][ ]
[ ][ ][ ][ ][ ][ ][ ]
[ ][ ][1][1][1][ ][ ]
[ ][ ][1][2][2][ ][ ]
[ ][1][2][2][2][ ][ ]
[ ][1][2][2][1][ ][1]

Player 2 Move (Score: 1800):
Current player: 1
[ ][ ][ ][ ][ ][ ][ ]
[ ][ ][ ][ ][2][ ][ ]
[ ][ ][1][1][1][ ][ ]
[ ][ ][1][2][2][ ][ ]
[ ][1][2][2][2][ ][ ]
[ ][1][2][2][1][ ][1]

Player 1 Move (Score: 1700):
Current player: 2
[ ][ ][ ][ ][ ][ ][ ]
[ ][ ][1][ ][2][ ][ ]
[ ][ ][1][1][1][ ][ ]
[ ][ ][1][2][2][ ][ ]
[ ][1][2][2][2][ ][ ]
[ ][1][2][2][1][ ][1]

Player 2 Move (Score: 1700):
Current player: 1
[ ][ ][ ][ ][ ][ ][ ]
[ ][ ][1][ ][2][ ][ ]
[ ][ ][1][1][1][ ][ ]
[ ][2][1][2][2][ ][ ]
[ ][1][2][2][2][ ][ ]
[ ][1][2][2][1][ ][1]

Player 1 Move (Score: -8000):
Current player: 2
[ ][ ][ ][ ][ ][ ][ ]
[ ][ ][1][1][2][ ][ ]
[ ][ ][1][1][1][ ][ ]
[ ][2][1][2][2][ ][ ]
[ ][1][2][2][2][ ][ ]
[ ][1][2][2][1][ ][1]

Player 2 Move (Score: -8000):
Current player: 1
[ ][ ][2][ ][ ][ ][ ]
[ ][ ][1][1][2][ ][ ]
[ ][ ][1][1][1][ ][ ]
[ ][2][1][2][2][ ][ ]
[ ][1][2][2][2][ ][ ]
[ ][1][2][2][1][ ][1]

Player 1 Move (Score: -17900):
Current player: 2
[ ][ ][2][1][ ][ ][ ]
[ ][ ][1][1][2][ ][ ]
[ ][ ][1][1][1][ ][ ]
[ ][2][1][2][2][ ][ ]
[ ][1][2][2][2][ ][ ]
[ ][1][2][2][1][ ][1]

Player 2 Move (Score: -17900):
Current player: 1
[ ][ ][2][1][ ][ ][ ]
[ ][ ][1][1][2][ ][ ]
[ ][ ][1][1][1][ ][ ]
[ ][2][1][2][2][ ][ ]
[ ][1][2][2][2][ ][ ]
[2][1][2][2][1][ ][1]

Player 1 Move (Score: -20100):
Current player: 2
[ ][ ][2][1][1][ ][ ]
[ ][ ][1][1][2][ ][ ]
[ ][ ][1][1][1][ ][ ]
[ ][2][1][2][2][ ][ ]
[ ][1][2][2][2][ ][ ]
[2][1][2][2][1][ ][1]

Player 2 Move (Score: -20100):
Current player: 1
[ ][ ][2][1][1][ ][ ]
[ ][ ][1][1][2][ ][ ]
[ ][2][1][1][1][ ][ ]
[ ][2][1][2][2][ ][ ]
[ ][1][2][2][2][ ][ ]
[2][1][2][2][1][ ][1]

Player 1 Move (Score: -10200):
Current player: 2
[ ][ ][2][1][1][ ][ ]
[ ][1][1][1][2][ ][ ]
[ ][2][1][1][1][ ][ ]
[ ][2][1][2][2][ ][ ]
[ ][1][2][2][2][ ][ ]
[2][1][2][2][1][ ][1]

Player 2 Move (Score: -10200):
Current player: 1
[ ][ ][2][1][1][ ][ ]
[ ][1][1][1][2][ ][ ]
[ ][2][1][1][1][ ][ ]
[ ][2][1][2][2][ ][ ]
[ ][1][2][2][2][ ][2]
[2][1][2][2][1][ ][1]

Player 1 Move (Score: -10200):
Current player: 2
[ ][ ][2][1][1][ ][ ]
[ ][1][1][1][2][ ][ ]
[ ][2][1][1][1][ ][ ]
[ ][2][1][2][2][ ][1]
[ ][1][2][2][2][ ][2]
[2][1][2][2][1][ ][1]

Player 2 Move (Score: -10200):
Current player: 1
[ ][ ][2][1][1][ ][ ]
[ ][1][1][1][2][ ][ ]
[ ][2][1][1][1][ ][ ]
[ ][2][1][2][2][ ][1]
[2][1][2][2][2][ ][2]
[2][1][2][2][1][ ][1]

Player 1 Move (Score: -20100):
Current player: 2
[ ][ ][2][1][1][ ][ ]
[ ][1][1][1][2][ ][ ]
[ ][2][1][1][1][ ][1]
[ ][2][1][2][2][ ][1]
[2][1][2][2][2][ ][2]
[2][1][2][2][1][ ][1]

Player 2 Move (Score: -20100):
Current player: 1
[ ][ ][2][1][1][ ][ ]
[ ][1][1][1][2][ ][ ]
[ ][2][1][1][1][ ][1]
[2][2][1][2][2][ ][1]
[2][1][2][2][2][ ][2]
[2][1][2][2][1][ ][1]

Player 1 Move (Score: -10000):
Current player: 2
[ ][ ][2][1][1][ ][ ]
[ ][1][1][1][2][ ][ ]
[1][2][1][1][1][ ][1]
[2][2][1][2][2][ ][1]
[2][1][2][2][2][ ][2]
[2][1][2][2][1][ ][1]

Player 2 Move (Score: -10000):
Current player: 1
[ ][ ][2][1][1][ ][ ]
[2][1][1][1][2][ ][ ]
[1][2][1][1][1][ ][1]
[2][2][1][2][2][ ][1]
[2][1][2][2][2][ ][2]
[2][1][2][2][1][ ][1]

Player 1 Move (Score: -10000):
Current player: 2
[ ][ ][2][1][1][ ][ ]
[2][1][1][1][2][ ][ ]
[1][2][1][1][1][ ][1]
[2][2][1][2][2][ ][1]
[2][1][2][2][2][ ][2]
[2][1][2][2][1][1][1]

Player 2 Move (Score: -4000000):
Current player: 1
[ ][ ][2][1][1][ ][ ]
[2][1][1][1][2][ ][ ]
[1][2][1][1][1][ ][1]
[2][2][1][2][2][ ][1]
[2][1][2][2][2][2][2]
[2][1][2][2][1][1][1]

Result: Player 2 Wins

Simulating game 7/10 (Player 1 Depth: 2, Player 2 Depth: 1)
Player 1 Move (Score: 0):
Current player: 2
[ ][ ][ ][ ][ ][ ][ ]
[ ][ ][ ][ ][ ][ ][ ]
[ ][ ][ ][ ][ ][ ][ ]
[ ][ ][ ][ ][ ][ ][ ]
[ ][ ][ ][ ][ ][ ][ ]
[ ][ ][1][ ][ ][ ][ ]

Player 2 Move (Score: 0):
Current player: 1
[ ][ ][ ][ ][ ][ ][ ]
[ ][ ][ ][ ][ ][ ][ ]
[ ][ ][ ][ ][ ][ ][ ]
[ ][ ][ ][ ][ ][ ][ ]
[ ][ ][2][ ][ ][ ][ ]
[ ][ ][1][ ][ ][ ][ ]

Player 1 Move (Score: 0):
Current player: 2
[ ][ ][ ][ ][ ][ ][ ]
[ ][ ][ ][ ][ ][ ][ ]
[ ][ ][ ][ ][ ][ ][ ]
[ ][ ][ ][ ][ ][ ][ ]
[ ][ ][2][ ][ ][ ][ ]
[ ][ ][1][ ][ ][ ][1]

Player 2 Move (Score: -100):
Current player: 1
[ ][ ][ ][ ][ ][ ][ ]
[ ][ ][ ][ ][ ][ ][ ]
[ ][ ][ ][ ][ ][ ][ ]
[ ][ ][2][ ][ ][ ][ ]
[ ][ ][2][ ][ ][ ][ ]
[ ][ ][1][ ][ ][ ][1]

Player 1 Move (Score: -100):
Current player: 2
[ ][ ][ ][ ][ ][ ][ ]
[ ][ ][ ][ ][ ][ ][ ]
[ ][ ][ ][ ][ ][ ][ ]
[ ][ ][2][ ][ ][ ][ ]
[ ][ ][2][ ][ ][ ][ ]
[ ][ ][1][ ][1][ ][1]

Player 2 Move (Score: -10100):
Current player: 1
[ ][ ][ ][ ][ ][ ][ ]
[ ][ ][ ][ ][ ][ ][ ]
[ ][ ][2][ ][ ][ ][ ]
[ ][ ][2][ ][ ][ ][ ]
[ ][ ][2][ ][ ][ ][ ]
[ ][ ][1][ ][1][ ][1]

Player 1 Move (Score: -100):
Current player: 2
[ ][ ][ ][ ][ ][ ][ ]
[ ][ ][ ][ ][ ][ ][ ]
[ ][ ][2][ ][ ][ ][ ]
[ ][ ][2][ ][ ][ ][ ]
[ ][ ][2][ ][ ][ ][ ]
[ ][ ][1][ ][1][1][1]

Player 2 Move (Score: -2000000):
Current player: 1
[ ][ ][ ][ ][ ][ ][ ]
[ ][ ][2][ ][ ][ ][ ]
[ ][ ][2][ ][ ][ ][ ]
[ ][ ][2][ ][ ][ ][ ]
[ ][ ][2][ ][ ][ ][ ]
[ ][ ][1][ ][1][1][1]

Result: Player 2 Wins

Simulating game 8/10 (Player 1 Depth: 2, Player 2 Depth: 1)
Player 1 Move (Score: 0):
Current player: 2
[ ][ ][ ][ ][ ][ ][ ]
[ ][ ][ ][ ][ ][ ][ ]
[ ][ ][ ][ ][ ][ ][ ]
[ ][ ][ ][ ][ ][ ][ ]
[ ][ ][ ][ ][ ][ ][ ]
[ ][ ][ ][1][ ][ ][ ]

Player 2 Move (Score: 0):
Current player: 1
[ ][ ][ ][ ][ ][ ][ ]
[ ][ ][ ][ ][ ][ ][ ]
[ ][ ][ ][ ][ ][ ][ ]
[ ][ ][ ][ ][ ][ ][ ]
[ ][ ][ ][2][ ][ ][ ]
[ ][ ][ ][1][ ][ ][ ]

Player 1 Move (Score: 0):
Current player: 2
[ ][ ][ ][ ][ ][ ][ ]
[ ][ ][ ][ ][ ][ ][ ]
[ ][ ][ ][ ][ ][ ][ ]
[ ][ ][ ][ ][ ][ ][ ]
[ ][ ][ ][2][ ][ ][ ]
[ ][ ][ ][1][ ][ ][1]

Player 2 Move (Score: -200):
Current player: 1
[ ][ ][ ][ ][ ][ ][ ]
[ ][ ][ ][ ][ ][ ][ ]
[ ][ ][ ][ ][ ][ ][ ]
[ ][ ][ ][ ][ ][ ][ ]
[ ][ ][ ][2][ ][ ][ ]
[ ][ ][ ][1][2][ ][1]

Player 1 Move (Score: -330):
Current player: 2
[ ][ ][ ][ ][ ][ ][ ]
[ ][ ][ ][ ][ ][ ][ ]
[ ][ ][ ][ ][ ][ ][ ]
[ ][ ][ ][ ][ ][ ][ ]
[ ][ ][ ][2][ ][ ][1]
[ ][ ][ ][1][2][ ][1]

Player 2 Move (Score: -330):
Current player: 1
[ ][ ][ ][ ][ ][ ][ ]
[ ][ ][ ][ ][ ][ ][ ]
[ ][ ][ ][ ][ ][ ][ ]
[ ][ ][ ][ ][ ][ ][ ]
[ ][ ][ ][2][2][ ][1]
[ ][ ][ ][1][2][ ][1]

Player 1 Move (Score: -560):
Current player: 2
[ ][ ][ ][ ][ ][ ][ ]
[ ][ ][ ][ ][ ][ ][ ]
[ ][ ][ ][ ][ ][ ][ ]
[ ][ ][ ][ ][ ][ ][1]
[ ][ ][ ][2][2][ ][1]
[ ][ ][ ][1][2][ ][1]

Player 2 Move (Score: -560):
Current player: 1
[ ][ ][ ][ ][ ][ ][ ]
[ ][ ][ ][ ][ ][ ][ ]
[ ][ ][ ][ ][ ][ ][ ]
[ ][ ][ ][ ][2][ ][1]
[ ][ ][ ][2][2][ ][1]
[ ][ ][ ][1][2][ ][1]

Player 1 Move (Score: -560):
Current player: 2
[ ][ ][ ][ ][ ][ ][ ]
[ ][ ][ ][ ][ ][ ][ ]
[ ][ ][ ][ ][1][ ][ ]
[ ][ ][ ][ ][2][ ][1]
[ ][ ][ ][2][2][ ][1]
[ ][ ][ ][1][2][ ][1]

Player 2 Move (Score: -560):
Current player: 1
[ ][ ][ ][ ][ ][ ][ ]
[ ][ ][ ][ ][ ][ ][ ]
[ ][ ][ ][ ][1][ ][2]
[ ][ ][ ][ ][2][ ][1]
[ ][ ][ ][2][2][ ][1]
[ ][ ][ ][1][2][ ][1]

Player 1 Move (Score: -10150):
Current player: 2
[ ][ ][ ][ ][ ][ ][ ]
[ ][ ][ ][ ][ ][ ][ ]
[ ][ ][ ][ ][1][ ][2]
[ ][ ][ ][1][2][ ][1]
[ ][ ][ ][2][2][ ][1]
[ ][ ][ ][1][2][ ][1]

Player 2 Move (Score: -10150):
Current player: 1
[ ][ ][ ][ ][ ][ ][ ]
[ ][ ][ ][ ][ ][ ][ ]
[ ][ ][ ][ ][1][ ][2]
[ ][ ][ ][1][2][ ][1]
[ ][ ][ ][2][2][ ][1]
[ ][ ][2][1][2][ ][1]

Player 1 Move (Score: -7900):
Current player: 2
[ ][ ][ ][ ][ ][ ][ ]
[ ][ ][ ][ ][ ][ ][ ]
[ ][ ][ ][ ][1][ ][2]
[ ][ ][ ][1][2][ ][1]
[ ][ ][1][2][2][ ][1]
[ ][ ][2][1][2][ ][1]

Player 2 Move (Score: -7900):
Current player: 1
[ ][ ][ ][ ][ ][ ][ ]
[ ][ ][ ][ ][ ][ ][ ]
[ ][ ][ ][ ][1][ ][2]
[ ][ ][2][1][2][ ][1]
[ ][ ][1][2][2][ ][1]
[ ][ ][2][1][2][ ][1]

Player 1 Move (Score: -9670):
Current player: 2
[ ][ ][ ][ ][ ][ ][ ]
[ ][ ][ ][ ][ ][ ][ ]
[ ][ ][ ][1][1][ ][2]
[ ][ ][2][1][2][ ][1]
[ ][ ][1][2][2][ ][1]
[ ][ ][2][1][2][ ][1]

Player 2 Move (Score: -9670):
Current player: 1
[ ][ ][ ][ ][ ][ ][ ]
[ ][ ][ ][ ][ ][ ][ ]
[ ][ ][ ][1][1][ ][2]
[ ][ ][2][1][2][ ][1]
[ ][ ][1][2][2][ ][1]
[ ][2][2][1][2][ ][1]

Player 1 Move (Score: 2300):
Current player: 2
[ ][ ][ ][ ][ ][ ][ ]
[ ][ ][ ][ ][ ][ ][ ]
[ ][ ][1][1][1][ ][2]
[ ][ ][2][1][2][ ][1]
[ ][ ][1][2][2][ ][1]
[ ][2][2][1][2][ ][1]

Player 2 Move (Score: 2300):
Current player: 1
[ ][ ][ ][ ][ ][ ][ ]
[ ][ ][ ][2][ ][ ][ ]
[ ][ ][1][1][1][ ][2]
[ ][ ][2][1][2][ ][1]
[ ][ ][1][2][2][ ][1]
[ ][2][2][1][2][ ][1]

Player 1 Move (Score: 2200):
Current player: 2
[ ][ ][ ][ ][ ][ ][ ]
[ ][ ][ ][2][1][ ][ ]
[ ][ ][1][1][1][ ][2]
[ ][ ][2][1][2][ ][1]
[ ][ ][1][2][2][ ][1]
[ ][2][2][1][2][ ][1]

Player 2 Move (Score: 2200):
Current player: 1
[ ][ ][ ][ ][ ][ ][ ]
[ ][ ][2][2][1][ ][ ]
[ ][ ][1][1][1][ ][2]
[ ][ ][2][1][2][ ][1]
[ ][ ][1][2][2][ ][1]
[ ][2][2][1][2][ ][1]

Player 1 Move (Score: 2100):
Current player: 2
[ ][ ][1][ ][ ][ ][ ]
[ ][ ][2][2][1][ ][ ]
[ ][ ][1][1][1][ ][2]
[ ][ ][2][1][2][ ][1]
[ ][ ][1][2][2][ ][1]
[ ][2][2][1][2][ ][1]

Player 2 Move (Score: 2100):
Current player: 1
[ ][ ][1][ ][ ][ ][ ]
[ ][ ][2][2][1][ ][ ]
[ ][ ][1][1][1][ ][2]
[ ][ ][2][1][2][ ][1]
[ ][2][1][2][2][ ][1]
[ ][2][2][1][2][ ][1]

Player 1 Move (Score: -7800):
Current player: 2
[ ][ ][1][ ][ ][ ][ ]
[ ][ ][2][2][1][ ][1]
[ ][ ][1][1][1][ ][2]
[ ][ ][2][1][2][ ][1]
[ ][2][1][2][2][ ][1]
[ ][2][2][1][2][ ][1]

Player 2 Move (Score: -7800):
Current player: 1
[ ][ ][1][ ][ ][ ][ ]
[ ][ ][2][2][1][ ][1]
[ ][ ][1][1][1][ ][2]
[ ][2][2][1][2][ ][1]
[ ][2][1][2][2][ ][1]
[ ][2][2][1][2][ ][1]

Player 1 Move (Score: -2030300):
Current player: 2
[ ][ ][1][ ][ ][ ][ ]
[ ][ ][2][2][1][ ][1]
[ ][1][1][1][1][ ][2]
[ ][2][2][1][2][ ][1]
[ ][2][1][2][2][ ][1]
[ ][2][2][1][2][ ][1]

Result: Player 1 Wins

Simulating game 9/10 (Player 1 Depth: 2, Player 2 Depth: 1)
Player 1 Move (Score: 0):
Current player: 2
[ ][ ][ ][ ][ ][ ][ ]
[ ][ ][ ][ ][ ][ ][ ]
[ ][ ][ ][ ][ ][ ][ ]
[ ][ ][ ][ ][ ][ ][ ]
[ ][ ][ ][ ][ ][ ][ ]
[ ][ ][ ][1][ ][ ][ ]

Player 2 Move (Score: 0):
Current player: 1
[ ][ ][ ][ ][ ][ ][ ]
[ ][ ][ ][ ][ ][ ][ ]
[ ][ ][ ][ ][ ][ ][ ]
[ ][ ][ ][ ][ ][ ][ ]
[ ][ ][ ][2][ ][ ][ ]
[ ][ ][ ][1][ ][ ][ ]

Player 1 Move (Score: 0):
Current player: 2
[ ][ ][ ][ ][ ][ ][ ]
[ ][ ][ ][ ][ ][ ][ ]
[ ][ ][ ][ ][ ][ ][ ]
[ ][ ][ ][ ][ ][ ][ ]
[ ][ ][ ][2][ ][ ][ ]
[ ][ ][ ][1][1][ ][ ]

Player 2 Move (Score: 0):
Current player: 1
[ ][ ][ ][ ][ ][ ][ ]
[ ][ ][ ][ ][ ][ ][ ]
[ ][ ][ ][ ][ ][ ][ ]
[ ][ ][ ][ ][ ][ ][ ]
[ ][ ][ ][2][ ][ ][ ]
[ ][ ][2][1][1][ ][ ]

Player 1 Move (Score: 0):
Current player: 2
[ ][ ][ ][ ][ ][ ][ ]
[ ][ ][ ][ ][ ][ ][ ]
[ ][ ][ ][ ][ ][ ][ ]
[ ][ ][ ][ ][ ][ ][ ]
[ ][ ][1][2][ ][ ][ ]
[ ][ ][2][1][1][ ][ ]

Player 2 Move (Score: 0):
Current player: 1
[ ][ ][ ][ ][ ][ ][ ]
[ ][ ][ ][ ][ ][ ][ ]
[ ][ ][ ][ ][ ][ ][ ]
[ ][ ][ ][ ][ ][ ][ ]
[ ][ ][1][2][ ][ ][ ]
[ ][ ][2][1][1][2][ ]

Player 1 Move (Score: 130):
Current player: 2
[ ][ ][ ][ ][ ][ ][ ]
[ ][ ][ ][ ][ ][ ][ ]
[ ][ ][ ][ ][ ][ ][ ]
[ ][ ][ ][1][ ][ ][ ]
[ ][ ][1][2][ ][ ][ ]
[ ][ ][2][1][1][2][ ]

Player 2 Move (Score: 130):
Current player: 1
[ ][ ][ ][ ][ ][ ][ ]
[ ][ ][ ][ ][ ][ ][ ]
[ ][ ][ ][ ][ ][ ][ ]
[ ][ ][ ][1][ ][ ][ ]
[ ][ ][1][2][ ][2][ ]
[ ][ ][2][1][1][2][ ]

Player 1 Move (Score: 100):
Current player: 2
[ ][ ][ ][ ][ ][ ][ ]
[ ][ ][ ][ ][ ][ ][ ]
[ ][ ][ ][ ][ ][ ][ ]
[ ][ ][ ][1][ ][ ][ ]
[ ][ ][1][2][ ][2][ ]
[ ][1][2][1][1][2][ ]

Player 2 Move (Score: 100):
Current player: 1
[ ][ ][ ][ ][ ][ ][ ]
[ ][ ][ ][ ][ ][ ][ ]
[ ][ ][ ][ ][ ][ ][ ]
[ ][ ][ ][1][ ][ ][ ]
[ ][ ][1][2][2][2][ ]
[ ][1][2][1][1][2][ ]

Player 1 Move (Score: -9850):
Current player: 2
[ ][ ][ ][ ][ ][ ][ ]
[ ][ ][ ][ ][ ][ ][ ]
[ ][ ][ ][ ][ ][ ][ ]
[ ][ ][ ][1][1][ ][ ]
[ ][ ][1][2][2][2][ ]
[ ][1][2][1][1][2][ ]

Player 2 Move (Score: -9850):
Current player: 1
[ ][ ][ ][ ][ ][ ][ ]
[ ][ ][ ][ ][ ][ ][ ]
[ ][ ][ ][ ][2][ ][ ]
[ ][ ][ ][1][1][ ][ ]
[ ][ ][1][2][2][2][ ]
[ ][1][2][1][1][2][ ]

Player 1 Move (Score: 0):
Current player: 2
[ ][ ][ ][ ][ ][ ][ ]
[ ][ ][ ][ ][ ][ ][ ]
[ ][ ][ ][ ][2][ ][ ]
[ ][ ][ ][1][1][1][ ]
[ ][ ][1][2][2][2][ ]
[ ][1][2][1][1][2][ ]

Player 2 Move (Score: 0):
Current player: 1
[ ][ ][ ][ ][ ][ ][ ]
[ ][ ][ ][ ][ ][ ][ ]
[ ][ ][ ][ ][2][ ][ ]
[ ][ ][2][1][1][1][ ]
[ ][ ][1][2][2][2][ ]
[ ][1][2][1][1][2][ ]

Player 1 Move (Score: 100):
Current player: 2
[ ][ ][ ][ ][ ][ ][ ]
[ ][ ][ ][ ][ ][ ][ ]
[ ][ ][ ][1][2][ ][ ]
[ ][ ][2][1][1][1][ ]
[ ][ ][1][2][2][2][ ]
[ ][1][2][1][1][2][ ]

Player 2 Move (Score: 100):
Current player: 1
[ ][ ][ ][ ][ ][ ][ ]
[ ][ ][ ][2][ ][ ][ ]
[ ][ ][ ][1][2][ ][ ]
[ ][ ][2][1][1][1][ ]
[ ][ ][1][2][2][2][ ]
[ ][1][2][1][1][2][ ]

Player 1 Move (Score: 50):
Current player: 2
[ ][ ][ ][ ][ ][ ][ ]
[ ][ ][ ][2][ ][ ][ ]
[ ][ ][1][1][2][ ][ ]
[ ][ ][2][1][1][1][ ]
[ ][ ][1][2][2][2][ ]
[ ][1][2][1][1][2][ ]

Player 2 Move (Score: 50):
Current player: 1
[ ][ ][ ][ ][ ][ ][ ]
[ ][ ][2][2][ ][ ][ ]
[ ][ ][1][1][2][ ][ ]
[ ][ ][2][1][1][1][ ]
[ ][ ][1][2][2][2][ ]
[ ][1][2][1][1][2][ ]

Player 1 Move (Score: 0):
Current player: 2
[ ][ ][ ][ ][ ][ ][ ]
[ ][ ][2][2][1][ ][ ]
[ ][ ][1][1][2][ ][ ]
[ ][ ][2][1][1][1][ ]
[ ][ ][1][2][2][2][ ]
[ ][1][2][1][1][2][ ]

Player 2 Move (Score: 0):
Current player: 1
[ ][ ][ ][2][ ][ ][ ]
[ ][ ][2][2][1][ ][ ]
[ ][ ][1][1][2][ ][ ]
[ ][ ][2][1][1][1][ ]
[ ][ ][1][2][2][2][ ]
[ ][1][2][1][1][2][ ]

Player 1 Move (Score: -50):
Current player: 2
[ ][ ][ ][2][ ][ ][ ]
[ ][ ][2][2][1][ ][ ]
[ ][ ][1][1][2][1][ ]
[ ][ ][2][1][1][1][ ]
[ ][ ][1][2][2][2][ ]
[ ][1][2][1][1][2][ ]

Player 2 Move (Score: -50):
Current player: 1
[ ][ ][2][2][ ][ ][ ]
[ ][ ][2][2][1][ ][ ]
[ ][ ][1][1][2][1][ ]
[ ][ ][2][1][1][1][ ]
[ ][ ][1][2][2][2][ ]
[ ][1][2][1][1][2][ ]

Player 1 Move (Score: -100):
Current player: 2
[ ][ ][2][2][1][ ][ ]
[ ][ ][2][2][1][ ][ ]
[ ][ ][1][1][2][1][ ]
[ ][ ][2][1][1][1][ ]
[ ][ ][1][2][2][2][ ]
[ ][1][2][1][1][2][ ]

Player 2 Move (Score: -100):
Current player: 1
[ ][ ][2][2][1][ ][ ]
[ ][ ][2][2][1][2][ ]
[ ][ ][1][1][2][1][ ]
[ ][ ][2][1][1][1][ ]
[ ][ ][1][2][2][2][ ]
[ ][1][2][1][1][2][ ]

Player 1 Move (Score: -100):
Current player: 2
[ ][ ][2][2][1][1][ ]
[ ][ ][2][2][1][2][ ]
[ ][ ][1][1][2][1][ ]
[ ][ ][2][1][1][1][ ]
[ ][ ][1][2][2][2][ ]
[ ][1][2][1][1][2][ ]

Player 2 Move (Score: -100):
Current player: 1
[ ][ ][2][2][1][1][ ]
[ ][ ][2][2][1][2][ ]
[ ][ ][1][1][2][1][ ]
[ ][ ][2][1][1][1][ ]
[ ][ ][1][2][2][2][ ]
[2][1][2][1][1][2][ ]

Player 1 Move (Score: -100):
Current player: 2
[ ][ ][2][2][1][1][ ]
[ ][ ][2][2][1][2][ ]
[ ][ ][1][1][2][1][ ]
[ ][ ][2][1][1][1][ ]
[1][ ][1][2][2][2][ ]
[2][1][2][1][1][2][ ]

Player 2 Move (Score: -100):
Current player: 1
[ ][ ][2][2][1][1][ ]
[ ][ ][2][2][1][2][ ]
[ ][ ][1][1][2][1][ ]
[ ][ ][2][1][1][1][ ]
[1][ ][1][2][2][2][ ]
[2][1][2][1][1][2][2]

Player 1 Move (Score: -100):
Current player: 2
[ ][ ][2][2][1][1][ ]
[ ][ ][2][2][1][2][ ]
[ ][ ][1][1][2][1][ ]
[ ][ ][2][1][1][1][ ]
[1][ ][1][2][2][2][1]
[2][1][2][1][1][2][2]

Player 2 Move (Score: -100):
Current player: 1
[ ][ ][2][2][1][1][ ]
[ ][ ][2][2][1][2][ ]
[ ][ ][1][1][2][1][ ]
[ ][ ][2][1][1][1][2]
[1][ ][1][2][2][2][1]
[2][1][2][1][1][2][2]

Player 1 Move (Score: -100):
Current player: 2
[ ][ ][2][2][1][1][ ]
[ ][ ][2][2][1][2][ ]
[ ][ ][1][1][2][1][1]
[ ][ ][2][1][1][1][2]
[1][ ][1][2][2][2][1]
[2][1][2][1][1][2][2]

Player 2 Move (Score: -100):
Current player: 1
[ ][ ][2][2][1][1][ ]
[ ][ ][2][2][1][2][2]
[ ][ ][1][1][2][1][1]
[ ][ ][2][1][1][1][2]
[1][ ][1][2][2][2][1]
[2][1][2][1][1][2][2]

Player 1 Move (Score: -100):
Current player: 2
[ ][ ][2][2][1][1][1]
[ ][ ][2][2][1][2][2]
[ ][ ][1][1][2][1][1]
[ ][ ][2][1][1][1][2]
[1][ ][1][2][2][2][1]
[2][1][2][1][1][2][2]

Player 2 Move (Score: -100):
Current player: 1
[ ][ ][2][2][1][1][1]
[ ][ ][2][2][1][2][2]
[ ][ ][1][1][2][1][1]
[ ][ ][2][1][1][1][2]
[1][2][1][2][2][2][1]
[2][1][2][1][1][2][2]

Player 1 Move (Score: -200):
Current player: 2
[ ][ ][2][2][1][1][1]
[ ][ ][2][2][1][2][2]
[ ][ ][1][1][2][1][1]
[1][ ][2][1][1][1][2]
[1][2][1][2][2][2][1]
[2][1][2][1][1][2][2]

Player 2 Move (Score: -200):
Current player: 1
[ ][ ][2][2][1][1][1]
[ ][ ][2][2][1][2][2]
[2][ ][1][1][2][1][1]
[1][ ][2][1][1][1][2]
[1][2][1][2][2][2][1]
[2][1][2][1][1][2][2]

Player 1 Move (Score: -100):
Current player: 2
[ ][ ][2][2][1][1][1]
[1][ ][2][2][1][2][2]
[2][ ][1][1][2][1][1]
[1][ ][2][1][1][1][2]
[1][2][1][2][2][2][1]
[2][1][2][1][1][2][2]

Player 2 Move (Score: -100):
Current player: 1
[ ][ ][2][2][1][1][1]
[1][ ][2][2][1][2][2]
[2][ ][1][1][2][1][1]
[1][2][2][1][1][1][2]
[1][2][1][2][2][2][1]
[2][1][2][1][1][2][2]

Player 1 Move (Score: -100):
Current player: 2
[ ][ ][2][2][1][1][1]
[1][ ][2][2][1][2][2]
[2][1][1][1][2][1][1]
[1][2][2][1][1][1][2]
[1][2][1][2][2][2][1]
[2][1][2][1][1][2][2]

Player 2 Move (Score: -100):
Current player: 1
[ ][ ][2][2][1][1][1]
[1][2][2][2][1][2][2]
[2][1][1][1][2][1][1]
[1][2][2][1][1][1][2]
[1][2][1][2][2][2][1]
[2][1][2][1][1][2][2]

Player 1 Move (Score: 0):
Current player: 2
[1][ ][2][2][1][1][1]
[1][2][2][2][1][2][2]
[2][1][1][1][2][1][1]
[1][2][2][1][1][1][2]
[1][2][1][2][2][2][1]
[2][1][2][1][1][2][2]

Player 2 Move (Score: 0):
Current player: 1
[1][2][2][2][1][1][1]
[1][2][2][2][1][2][2]
[2][1][1][1][2][1][1]
[1][2][2][1][1][1][2]
[1][2][1][2][2][2][1]
[2][1][2][1][1][2][2]

Result: Draw

Simulating game 10/10 (Player 1 Depth: 2, Player 2 Depth: 1)
Player 1 Move (Score: 0):
Current player: 2
[ ][ ][ ][ ][ ][ ][ ]
[ ][ ][ ][ ][ ][ ][ ]
[ ][ ][ ][ ][ ][ ][ ]
[ ][ ][ ][ ][ ][ ][ ]
[ ][ ][ ][ ][ ][ ][ ]
[ ][ ][1][ ][ ][ ][ ]

Player 2 Move (Score: 0):
Current player: 1
[ ][ ][ ][ ][ ][ ][ ]
[ ][ ][ ][ ][ ][ ][ ]
[ ][ ][ ][ ][ ][ ][ ]
[ ][ ][ ][ ][ ][ ][ ]
[ ][ ][2][ ][ ][ ][ ]
[ ][ ][1][ ][ ][ ][ ]

Player 1 Move (Score: 0):
Current player: 2
[ ][ ][ ][ ][ ][ ][ ]
[ ][ ][ ][ ][ ][ ][ ]
[ ][ ][ ][ ][ ][ ][ ]
[ ][ ][ ][ ][ ][ ][ ]
[ ][ ][2][ ][ ][ ][ ]
[ ][ ][1][1][ ][ ][ ]

Player 2 Move (Score: 0):
Current player: 1
[ ][ ][ ][ ][ ][ ][ ]
[ ][ ][ ][ ][ ][ ][ ]
[ ][ ][ ][ ][ ][ ][ ]
[ ][ ][ ][ ][ ][ ][ ]
[ ][ ][2][2][ ][ ][ ]
[ ][ ][1][1][ ][ ][ ]

Player 1 Move (Score: 0):
Current player: 2
[ ][ ][ ][ ][ ][ ][ ]
[ ][ ][ ][ ][ ][ ][ ]
[ ][ ][ ][ ][ ][ ][ ]
[ ][ ][ ][ ][ ][ ][ ]
[ ][ ][2][2][ ][ ][ ]
[ ][1][1][1][ ][ ][ ]

Player 2 Move (Score: 0):
Current player: 1
[ ][ ][ ][ ][ ][ ][ ]
[ ][ ][ ][ ][ ][ ][ ]
[ ][ ][ ][ ][ ][ ][ ]
[ ][ ][ ][ ][ ][ ][ ]
[ ][2][2][2][ ][ ][ ]
[ ][1][1][1][ ][ ][ ]

Player 1 Move (Score: -2100):
Current player: 2
[ ][ ][ ][ ][ ][ ][ ]
[ ][ ][ ][ ][ ][ ][ ]
[ ][ ][ ][ ][ ][ ][ ]
[ ][ ][ ][1][ ][ ][ ]
[ ][2][2][2][ ][ ][ ]
[ ][1][1][1][ ][ ][ ]

Player 2 Move (Score: -2300):
Current player: 1
[ ][ ][ ][ ][ ][ ][ ]
[ ][ ][ ][ ][ ][ ][ ]
[ ][ ][ ][ ][ ][ ][ ]
[ ][ ][ ][1][ ][ ][ ]
[ ][2][2][2][ ][ ][ ]
[ ][1][1][1][2][ ][ ]

Player 1 Move (Score: -19970):
Current player: 2
[ ][ ][ ][ ][ ][ ][ ]
[ ][ ][ ][ ][ ][ ][ ]
[ ][ ][ ][ ][ ][ ][ ]
[ ][ ][ ][1][ ][ ][ ]
[ ][2][2][2][1][ ][ ]
[ ][1][1][1][2][ ][ ]

Player 2 Move (Score: -19970):
Current player: 1
[ ][ ][ ][ ][ ][ ][ ]
[ ][ ][ ][ ][ ][ ][ ]
[ ][ ][ ][ ][ ][ ][ ]
[ ][ ][2][1][ ][ ][ ]
[ ][2][2][2][1][ ][ ]
[ ][1][1][1][2][ ][ ]

Player 1 Move (Score: -8200):
Current player: 2
[ ][ ][ ][ ][ ][ ][ ]
[ ][ ][ ][ ][ ][ ][ ]
[ ][ ][1][ ][ ][ ][ ]
[ ][ ][2][1][ ][ ][ ]
[ ][2][2][2][1][ ][ ]
[ ][1][1][1][2][ ][ ]

Player 2 Move (Score: -8200):
Current player: 1
[ ][ ][ ][ ][ ][ ][ ]
[ ][ ][ ][ ][ ][ ][ ]
[ ][ ][1][2][ ][ ][ ]
[ ][ ][2][1][ ][ ][ ]
[ ][2][2][2][1][ ][ ]
[ ][1][1][1][2][ ][ ]

Player 1 Move (Score: -1983800):
Current player: 2
[ ][ ][ ][ ][ ][ ][ ]
[ ][ ][ ][ ][ ][ ][ ]
[ ][ ][1][2][ ][ ][ ]
[ ][ ][2][1][ ][ ][ ]
[ ][2][2][2][1][ ][ ]
[1][1][1][1][2][ ][ ]

Result: Player 1 Wins

