Simulating game 1/10 (Player 1 Depth: 3, Player 2 Depth: 2)
Player 1 Move (Score: 100):
Current player: 2
[ ][ ][ ][ ][ ][ ][ ]
[ ][ ][ ][ ][ ][ ][ ]
[ ][ ][ ][ ][ ][ ][ ]
[ ][ ][ ][ ][ ][ ][ ]
[ ][ ][ ][ ][ ][ ][ ]
[ ][1][ ][ ][ ][ ][ ]

Player 2 Move (Score: 100):
Current player: 1
[ ][ ][ ][ ][ ][ ][ ]
[ ][ ][ ][ ][ ][ ][ ]
[ ][ ][ ][ ][ ][ ][ ]
[ ][ ][ ][ ][ ][ ][ ]
[ ][ ][ ][ ][ ][ ][ ]
[ ][1][ ][2][ ][ ][ ]

Player 1 Move (Score: 100):
Current player: 2
[ ][ ][ ][ ][ ][ ][ ]
[ ][ ][ ][ ][ ][ ][ ]
[ ][ ][ ][ ][ ][ ][ ]
[ ][ ][ ][ ][ ][ ][ ]
[ ][ ][ ][ ][ ][ ][ ]
[ ][1][ ][2][ ][1][ ]

Player 2 Move (Score: 0):
Current player: 1
[ ][ ][ ][ ][ ][ ][ ]
[ ][ ][ ][ ][ ][ ][ ]
[ ][ ][ ][ ][ ][ ][ ]
[ ][ ][ ][ ][ ][ ][ ]
[ ][ ][ ][2][ ][ ][ ]
[ ][1][ ][2][ ][1][ ]

Player 1 Move (Score: 100):
Current player: 2
[ ][ ][ ][ ][ ][ ][ ]
[ ][ ][ ][ ][ ][ ][ ]
[ ][ ][ ][ ][ ][ ][ ]
[ ][ ][ ][ ][ ][ ][ ]
[ ][ ][ ][2][ ][1][ ]
[ ][1][ ][2][ ][1][ ]

Player 2 Move (Score: 100):
Current player: 1
[ ][ ][ ][ ][ ][ ][ ]
[ ][ ][ ][ ][ ][ ][ ]
[ ][ ][ ][ ][ ][ ][ ]
[ ][ ][ ][2][ ][ ][ ]
[ ][ ][ ][2][ ][1][ ]
[ ][1][ ][2][ ][1][ ]

Player 1 Move (Score: 100):
Current player: 2
[ ][ ][ ][ ][ ][ ][ ]
[ ][ ][ ][ ][ ][ ][ ]
[ ][ ][ ][1][ ][ ][ ]
[ ][ ][ ][2][ ][ ][ ]
[ ][ ][ ][2][ ][1][ ]
[ ][1][ ][2][ ][1][ ]

Player 2 Move (Score: 100):
Current player: 1
[ ][ ][ ][ ][ ][ ][ ]
[ ][ ][ ][ ][ ][ ][ ]
[ ][ ][ ][1][ ][ ][ ]
[ ][ ][ ][2][ ][ ][ ]
[ ][ ][ ][2][ ][1][ ]
[ ][1][ ][2][ ][1][2]

Player 1 Move (Score: 10000):
Current player: 2
[ ][ ][ ][ ][ ][ ][ ]
[ ][ ][ ][ ][ ][ ][ ]
[ ][ ][ ][1][ ][ ][ ]
[ ][ ][ ][2][ ][ ][ ]
[ ][ ][ ][2][ ][1][ ]
[ ][1][ ][2][1][1][2]

Player 2 Move (Score: 100):
Current player: 1
[ ][ ][ ][ ][ ][ ][ ]
[ ][ ][ ][ ][ ][ ][ ]
[ ][ ][ ][1][ ][ ][ ]
[ ][ ][ ][2][ ][ ][ ]
[ ][ ][ ][2][ ][1][2]
[ ][1][ ][2][1][1][2]

Player 1 Move (Score: 9670):
Current player: 2
[ ][ ][ ][ ][ ][ ][ ]
[ ][ ][ ][ ][ ][ ][ ]
[ ][ ][ ][1][ ][ ][ ]
[ ][ ][ ][2][ ][ ][ ]
[ ][ ][ ][2][1][1][2]
[ ][1][ ][2][1][1][2]

Player 2 Move (Score: 9670):
Current player: 1
[ ][ ][ ][ ][ ][ ][ ]
[ ][ ][ ][ ][ ][ ][ ]
[ ][ ][ ][1][ ][ ][ ]
[ ][ ][ ][2][2][ ][ ]
[ ][ ][ ][2][1][1][2]
[ ][1][ ][2][1][1][2]

Player 1 Move (Score: -100):
Current player: 2
[ ][ ][ ][ ][ ][ ][ ]
[ ][ ][ ][ ][ ][ ][ ]
[ ][ ][ ][1][1][ ][ ]
[ ][ ][ ][2][2][ ][ ]
[ ][ ][ ][2][1][1][2]
[ ][1][ ][2][1][1][2]

Player 2 Move (Score: -100):
Current player: 1
[ ][ ][ ][ ][ ][ ][ ]
[ ][ ][ ][ ][ ][ ][ ]
[ ][ ][ ][1][1][ ][ ]
[ ][ ][ ][2][2][2][ ]
[ ][ ][ ][2][1][1][2]
[ ][1][ ][2][1][1][2]

Player 1 Move (Score: -30100):
Current player: 2
[ ][ ][ ][ ][ ][ ][ ]
[ ][ ][ ][ ][ ][ ][ ]
[ ][ ][ ][1][1][ ][ ]
[ ][ ][ ][2][2][2][1]
[ ][ ][ ][2][1][1][2]
[ ][1][ ][2][1][1][2]

Player 2 Move (Score: -30100):
Current player: 1
[ ][ ][ ][ ][ ][ ][ ]
[ ][ ][ ][ ][ ][ ][ ]
[ ][ ][ ][1][1][2][ ]
[ ][ ][ ][2][2][2][1]
[ ][ ][ ][2][1][1][2]
[ ][1][ ][2][1][1][2]

Player 1 Move (Score: -30000):
Current player: 2
[ ][ ][ ][ ][ ][ ][ ]
[ ][ ][ ][ ][ ][ ][ ]
[ ][ ][ ][1][1][2][ ]
[ ][ ][ ][2][2][2][1]
[ ][ ][ ][2][1][1][2]
[ ][1][1][2][1][1][2]

Player 2 Move (Score: -30000):
Current player: 1
[ ][ ][ ][ ][ ][ ][ ]
[ ][ ][ ][ ][2][ ][ ]
[ ][ ][ ][1][1][2][ ]
[ ][ ][ ][2][2][2][1]
[ ][ ][ ][2][1][1][2]
[ ][1][1][2][1][1][2]

Player 1 Move (Score: -29930):
Current player: 2
[ ][ ][ ][ ][ ][ ][ ]
[ ][ ][ ][ ][2][ ][ ]
[ ][ ][ ][1][1][2][ ]
[ ][ ][ ][2][2][2][1]
[ ][1][ ][2][1][1][2]
[ ][1][1][2][1][1][2]

Player 2 Move (Score: -29930):
Current player: 1
[ ][ ][ ][ ][ ][ ][ ]
[ ][ ][ ][ ][2][2][ ]
[ ][ ][ ][1][1][2][ ]
[ ][ ][ ][2][2][2][1]
[ ][1][ ][2][1][1][2]
[ ][1][1][2][1][1][2]

Player 1 Move (Score: -31900):
Current player: 2
[ ][ ][ ][ ][ ][1][ ]
[ ][ ][ ][ ][2][2][ ]
[ ][ ][ ][1][1][2][ ]
[ ][ ][ ][2][2][2][1]
[ ][1][ ][2][1][1][2]
[ ][1][1][2][1][1][2]

Player 2 Move (Score: -31900):
Current player: 1
[ ][ ][ ][ ][ ][1][ ]
[ ][ ][ ][2][2][2][ ]
[ ][ ][ ][1][1][2][ ]
[ ][ ][ ][2][2][2][1]
[ ][1][ ][2][1][1][2]
[ ][1][1][2][1][1][2]

Player 1 Move (Score: -31900):
Current player: 2
[ ][ ][ ][1][ ][1][ ]
[ ][ ][ ][2][2][2][ ]
[ ][ ][ ][1][1][2][ ]
[ ][ ][ ][2][2][2][1]
[ ][1][ ][2][1][1][2]
[ ][1][1][2][1][1][2]

Player 2 Move (Score: -31900):
Current player: 1
[ ][ ][ ][1][ ][1][ ]
[ ][ ][ ][2][2][2][ ]
[ ][ ][ ][1][1][2][2]
[ ][ ][ ][2][2][2][1]
[ ][1][ ][2][1][1][2]
[ ][1][1][2][1][1][2]

Player 1 Move (Score: -9900):
Current player: 2
[ ][ ][ ][1][ ][1][ ]
[ ][ ][ ][2][2][2][1]
[ ][ ][ ][1][1][2][2]
[ ][ ][ ][2][2][2][1]
[ ][1][ ][2][1][1][2]
[ ][1][1][2][1][1][2]

Player 2 Move (Score: -9900):
Current player: 1
[ ][ ][ ][1][2][1][ ]
[ ][ ][ ][2][2][2][1]
[ ][ ][ ][1][1][2][2]
[ ][ ][ ][2][2][2][1]
[ ][1][ ][2][1][1][2]
[ ][1][1][2][1][1][2]

Player 1 Move (Score: -19900):
Current player: 2
[ ][ ][ ][1][2][1][1]
[ ][ ][ ][2][2][2][1]
[ ][ ][ ][1][1][2][2]
[ ][ ][ ][2][2][2][1]
[ ][1][ ][2][1][1][2]
[ ][1][1][2][1][1][2]

Player 2 Move (Score: -19900):
Current player: 1
[ ][ ][ ][1][2][1][1]
[ ][ ][ ][2][2][2][1]
[ ][ ][ ][1][1][2][2]
[ ][2][ ][2][2][2][1]
[ ][1][ ][2][1][1][2]
[ ][1][1][2][1][1][2]

Player 1 Move (Score: -20000):
Current player: 2
[ ][ ][ ][1][2][1][1]
[ ][ ][ ][2][2][2][1]
[ ][1][ ][1][1][2][2]
[ ][2][ ][2][2][2][1]
[ ][1][ ][2][1][1][2]
[ ][1][1][2][1][1][2]

Player 2 Move (Score: -20000):
Current player: 1
[ ][ ][ ][1][2][1][1]
[ ][ ][ ][2][2][2][1]
[ ][1][ ][1][1][2][2]
[ ][2][ ][2][2][2][1]
[ ][1][ ][2][1][1][2]
[2][1][1][2][1][1][2]

Player 1 Move (Score: -20000):
Current player: 2
[ ][ ][ ][1][2][1][1]
[ ][1][ ][2][2][2][1]
[ ][1][ ][1][1][2][2]
[ ][2][ ][2][2][2][1]
[ ][1][ ][2][1][1][2]
[2][1][1][2][1][1][2]

Player 2 Move (Score: -20000):
Current player: 1
[ ][ ][ ][1][2][1][1]
[ ][1][ ][2][2][2][1]
[ ][1][ ][1][1][2][2]
[ ][2][ ][2][2][2][1]
[ ][1][2][2][1][1][2]
[2][1][1][2][1][1][2]

Player 1 Move (Score: -4030000):
Current player: 2
[ ][ ][ ][1][2][1][1]
[ ][1][ ][2][2][2][1]
[ ][1][ ][1][1][2][2]
[ ][2][1][2][2][2][1]
[ ][1][2][2][1][1][2]
[2][1][1][2][1][1][2]

Player 2 Move (Score: -4030000):
Current player: 1
[ ][ ][ ][1][2][1][1]
[ ][1][ ][2][2][2][1]
[ ][1][2][1][1][2][2]
[ ][2][1][2][2][2][1]
[ ][1][2][2][1][1][2]
[2][1][1][2][1][1][2]

Result: Player 2 Wins

Simulating game 2/10 (Player 1 Depth: 3, Player 2 Depth: 2)
Player 1 Move (Score: 100):
Current player: 2
[ ][ ][ ][ ][ ][ ][ ]
[ ][ ][ ][ ][ ][ ][ ]
[ ][ ][ ][ ][ ][ ][ ]
[ ][ ][ ][ ][ ][ ][ ]
[ ][ ][ ][ ][ ][ ][ ]
[ ][ ][ ][ ][1][ ][ ]

Player 2 Move (Score: 100):
Current player: 1
[ ][ ][ ][ ][ ][ ][ ]
[ ][ ][ ][ ][ ][ ][ ]
[ ][ ][ ][ ][ ][ ][ ]
[ ][ ][ ][ ][ ][ ][ ]
[ ][ ][ ][ ][ ][ ][ ]
[ ][ ][2][ ][1][ ][ ]

Player 1 Move (Score: 400):
Current player: 2
[ ][ ][ ][ ][ ][ ][ ]
[ ][ ][ ][ ][ ][ ][ ]
[ ][ ][ ][ ][ ][ ][ ]
[ ][ ][ ][ ][ ][ ][ ]
[ ][ ][ ][ ][1][ ][ ]
[ ][ ][2][ ][1][ ][ ]

Player 2 Move (Score: 400):
Current player: 1
[ ][ ][ ][ ][ ][ ][ ]
[ ][ ][ ][ ][ ][ ][ ]
[ ][ ][ ][ ][ ][ ][ ]
[ ][ ][ ][ ][2][ ][ ]
[ ][ ][ ][ ][1][ ][ ]
[ ][ ][2][ ][1][ ][ ]

Player 1 Move (Score: 530):
Current player: 2
[ ][ ][ ][ ][ ][ ][ ]
[ ][ ][ ][ ][ ][ ][ ]
[ ][ ][ ][ ][ ][ ][ ]
[ ][ ][ ][ ][2][ ][ ]
[ ][ ][ ][ ][1][ ][ ]
[ ][ ][2][ ][1][1][ ]

Player 2 Move (Score: 530):
Current player: 1
[ ][ ][ ][ ][ ][ ][ ]
[ ][ ][ ][ ][ ][ ][ ]
[ ][ ][ ][ ][ ][ ][ ]
[ ][ ][ ][ ][2][ ][ ]
[ ][ ][ ][ ][1][ ][ ]
[ ][ ][2][ ][1][1][2]

Player 1 Move (Score: 10270):
Current player: 2
[ ][ ][ ][ ][ ][ ][ ]
[ ][ ][ ][ ][ ][ ][ ]
[ ][ ][ ][ ][ ][ ][ ]
[ ][ ][ ][ ][2][ ][ ]
[ ][ ][ ][ ][1][1][ ]
[ ][ ][2][ ][1][1][2]

Player 2 Move (Score: 10270):
Current player: 1
[ ][ ][ ][ ][ ][ ][ ]
[ ][ ][ ][ ][ ][ ][ ]
[ ][ ][ ][ ][ ][ ][ ]
[ ][ ][ ][ ][2][2][ ]
[ ][ ][ ][ ][1][1][ ]
[ ][ ][2][ ][1][1][2]

Player 1 Move (Score: 10270):
Current player: 2
[ ][ ][ ][ ][ ][ ][ ]
[ ][ ][ ][ ][ ][ ][ ]
[ ][ ][ ][ ][ ][1][ ]
[ ][ ][ ][ ][2][2][ ]
[ ][ ][ ][ ][1][1][ ]
[ ][ ][2][ ][1][1][2]

Player 2 Move (Score: 300):
Current player: 1
[ ][ ][ ][ ][ ][ ][ ]
[ ][ ][ ][ ][ ][ ][ ]
[ ][ ][ ][ ][ ][1][ ]
[ ][ ][ ][ ][2][2][ ]
[ ][ ][ ][ ][1][1][2]
[ ][ ][2][ ][1][1][2]

Player 1 Move (Score: 400):
Current player: 2
[ ][ ][ ][ ][ ][ ][ ]
[ ][ ][ ][ ][ ][ ][ ]
[ ][ ][ ][ ][1][1][ ]
[ ][ ][ ][ ][2][2][ ]
[ ][ ][ ][ ][1][1][2]
[ ][ ][2][ ][1][1][2]

Player 2 Move (Score: 400):
Current player: 1
[ ][ ][ ][ ][ ][ ][ ]
[ ][ ][ ][ ][ ][ ][ ]
[ ][ ][ ][ ][1][1][ ]
[ ][ ][ ][ ][2][2][2]
[ ][ ][ ][ ][1][1][2]
[ ][ ][2][ ][1][1][2]

Player 1 Move (Score: 400):
Current player: 2
[ ][ ][ ][ ][ ][ ][ ]
[ ][ ][ ][ ][ ][ ][ ]
[ ][ ][ ][ ][1][1][1]
[ ][ ][ ][ ][2][2][2]
[ ][ ][ ][ ][1][1][2]
[ ][ ][2][ ][1][1][2]

Player 2 Move (Score: 400):
Current player: 1
[ ][ ][ ][ ][ ][ ][ ]
[ ][ ][ ][ ][ ][ ][2]
[ ][ ][ ][ ][1][1][1]
[ ][ ][ ][ ][2][2][2]
[ ][ ][ ][ ][1][1][2]
[ ][ ][2][ ][1][1][2]

Player 1 Move (Score: 700):
Current player: 2
[ ][ ][ ][ ][ ][ ][ ]
[ ][ ][ ][ ][ ][1][2]
[ ][ ][ ][ ][1][1][1]
[ ][ ][ ][ ][2][2][2]
[ ][ ][ ][ ][1][1][2]
[ ][ ][2][ ][1][1][2]

Player 2 Move (Score: 700):
Current player: 1
[ ][ ][ ][ ][ ][ ][2]
[ ][ ][ ][ ][ ][1][2]
[ ][ ][ ][ ][1][1][1]
[ ][ ][ ][ ][2][2][2]
[ ][ ][ ][ ][1][1][2]
[ ][ ][2][ ][1][1][2]

Player 1 Move (Score: 600):
Current player: 2
[ ][ ][ ][ ][ ][ ][2]
[ ][ ][ ][ ][1][1][2]
[ ][ ][ ][ ][1][1][1]
[ ][ ][ ][ ][2][2][2]
[ ][ ][ ][ ][1][1][2]
[ ][ ][2][ ][1][1][2]

Player 2 Move (Score: 600):
Current player: 1
[ ][ ][ ][ ][ ][2][2]
[ ][ ][ ][ ][1][1][2]
[ ][ ][ ][ ][1][1][1]
[ ][ ][ ][ ][2][2][2]
[ ][ ][ ][ ][1][1][2]
[ ][ ][2][ ][1][1][2]

Player 1 Move (Score: 500):
Current player: 2
[ ][ ][ ][ ][ ][2][2]
[ ][ ][ ][ ][1][1][2]
[ ][ ][ ][ ][1][1][1]
[ ][ ][ ][ ][2][2][2]
[ ][ ][ ][ ][1][1][2]
[ ][ ][2][1][1][1][2]

Player 2 Move (Score: 500):
Current player: 1
[ ][ ][ ][ ][ ][2][2]
[ ][ ][ ][ ][1][1][2]
[ ][ ][ ][ ][1][1][1]
[ ][ ][ ][ ][2][2][2]
[ ][ ][2][ ][1][1][2]
[ ][ ][2][1][1][1][2]

Player 1 Move (Score: 10600):
Current player: 2
[ ][ ][ ][ ][ ][2][2]
[ ][ ][ ][ ][1][1][2]
[ ][ ][ ][ ][1][1][1]
[ ][ ][1][ ][2][2][2]
[ ][ ][2][ ][1][1][2]
[ ][ ][2][1][1][1][2]

Player 2 Move (Score: 10600):
Current player: 1
[ ][ ][ ][ ][2][2][2]
[ ][ ][ ][ ][1][1][2]
[ ][ ][ ][ ][1][1][1]
[ ][ ][1][ ][2][2][2]
[ ][ ][2][ ][1][1][2]
[ ][ ][2][1][1][1][2]

Player 1 Move (Score: 10200):
Current player: 2
[ ][ ][ ][ ][2][2][2]
[ ][ ][ ][ ][1][1][2]
[ ][ ][ ][ ][1][1][1]
[ ][ ][1][ ][2][2][2]
[ ][ ][2][ ][1][1][2]
[1][ ][2][1][1][1][2]

Player 2 Move (Score: 10200):
Current player: 1
[ ][ ][ ][ ][2][2][2]
[ ][ ][ ][ ][1][1][2]
[ ][ ][2][ ][1][1][1]
[ ][ ][1][ ][2][2][2]
[ ][ ][2][ ][1][1][2]
[1][ ][2][1][1][1][2]

Player 1 Move (Score: 200):
Current player: 2
[ ][ ][ ][ ][2][2][2]
[ ][ ][ ][ ][1][1][2]
[ ][ ][2][ ][1][1][1]
[ ][ ][1][ ][2][2][2]
[1][ ][2][ ][1][1][2]
[1][ ][2][1][1][1][2]

Player 2 Move (Score: 200):
Current player: 1
[ ][ ][ ][ ][2][2][2]
[ ][ ][ ][ ][1][1][2]
[ ][ ][2][ ][1][1][1]
[ ][ ][1][ ][2][2][2]
[1][ ][2][2][1][1][2]
[1][ ][2][1][1][1][2]

Player 1 Move (Score: 0):
Current player: 2
[ ][ ][ ][ ][2][2][2]
[ ][ ][ ][ ][1][1][2]
[ ][ ][2][ ][1][1][1]
[ ][ ][1][1][2][2][2]
[1][ ][2][2][1][1][2]
[1][ ][2][1][1][1][2]

Player 2 Move (Score: 0):
Current player: 1
[ ][ ][ ][ ][2][2][2]
[ ][ ][ ][ ][1][1][2]
[ ][ ][2][2][1][1][1]
[ ][ ][1][1][2][2][2]
[1][ ][2][2][1][1][2]
[1][ ][2][1][1][1][2]

Player 1 Move (Score: -100):
Current player: 2
[ ][ ][ ][ ][2][2][2]
[ ][ ][ ][ ][1][1][2]
[ ][ ][2][2][1][1][1]
[1][ ][1][1][2][2][2]
[1][ ][2][2][1][1][2]
[1][ ][2][1][1][1][2]

Player 2 Move (Score: -100):
Current player: 1
[ ][ ][ ][ ][2][2][2]
[ ][ ][ ][ ][1][1][2]
[2][ ][2][2][1][1][1]
[1][ ][1][1][2][2][2]
[1][ ][2][2][1][1][2]
[1][ ][2][1][1][1][2]

Player 1 Move (Score: -20000):
Current player: 2
[ ][ ][ ][ ][2][2][2]
[ ][ ][1][ ][1][1][2]
[2][ ][2][2][1][1][1]
[1][ ][1][1][2][2][2]
[1][ ][2][2][1][1][2]
[1][ ][2][1][1][1][2]

Player 2 Move (Score: -20000):
Current player: 1
[ ][ ][ ][ ][2][2][2]
[ ][ ][1][2][1][1][2]
[2][ ][2][2][1][1][1]
[1][ ][1][1][2][2][2]
[1][ ][2][2][1][1][2]
[1][ ][2][1][1][1][2]

Player 1 Move (Score: -20000):
Current player: 2
[ ][ ][ ][1][2][2][2]
[ ][ ][1][2][1][1][2]
[2][ ][2][2][1][1][1]
[1][ ][1][1][2][2][2]
[1][ ][2][2][1][1][2]
[1][ ][2][1][1][1][2]

Player 2 Move (Score: -20000):
Current player: 1
[ ][ ][2][1][2][2][2]
[ ][ ][1][2][1][1][2]
[2][ ][2][2][1][1][1]
[1][ ][1][1][2][2][2]
[1][ ][2][2][1][1][2]
[1][ ][2][1][1][1][2]

Player 1 Move (Score: -19900):
Current player: 2
[ ][ ][2][1][2][2][2]
[ ][ ][1][2][1][1][2]
[2][ ][2][2][1][1][1]
[1][ ][1][1][2][2][2]
[1][ ][2][2][1][1][2]
[1][1][2][1][1][1][2]

Player 2 Move (Score: -19900):
Current player: 1
[ ][ ][2][1][2][2][2]
[2][ ][1][2][1][1][2]
[2][ ][2][2][1][1][1]
[1][ ][1][1][2][2][2]
[1][ ][2][2][1][1][2]
[1][1][2][1][1][1][2]

Player 1 Move (Score: 1000000):
Current player: 2
[1][ ][2][1][2][2][2]
[2][ ][1][2][1][1][2]
[2][ ][2][2][1][1][1]
[1][ ][1][1][2][2][2]
[1][ ][2][2][1][1][2]
[1][1][2][1][1][1][2]

Player 2 Move (Score: 1000000):
Current player: 1
[1][ ][2][1][2][2][2]
[2][ ][1][2][1][1][2]
[2][ ][2][2][1][1][1]
[1][ ][1][1][2][2][2]
[1][2][2][2][1][1][2]
[1][1][2][1][1][1][2]

Player 1 Move (Score: 1000000):
Current player: 2
[1][ ][2][1][2][2][2]
[2][ ][1][2][1][1][2]
[2][ ][2][2][1][1][1]
[1][1][1][1][2][2][2]
[1][2][2][2][1][1][2]
[1][1][2][1][1][1][2]

Result: Player 1 Wins

Simulating game 3/10 (Player 1 Depth: 3, Player 2 Depth: 2)
Player 1 Move (Score: 100):
Current player: 2
[ ][ ][ ][ ][ ][ ][ ]
[ ][ ][ ][ ][ ][ ][ ]
[ ][ ][ ][ ][ ][ ][ ]
[ ][ ][ ][ ][ ][ ][ ]
[ ][ ][ ][ ][ ][ ][ ]
[ ][ ][ ][ ][ ][ ][1]

Player 2 Move (Score: 100):
Current player: 1
[ ][ ][ ][ ][ ][ ][ ]
[ ][ ][ ][ ][ ][ ][ ]
[ ][ ][ ][ ][ ][ ][ ]
[ ][ ][ ][ ][ ][ ][ ]
[ ][ ][ ][ ][ ][ ][ ]
[ ][2][ ][ ][ ][ ][1]

Player 1 Move (Score: 400):
Current player: 2
[ ][ ][ ][ ][ ][ ][ ]
[ ][ ][ ][ ][ ][ ][ ]
[ ][ ][ ][ ][ ][ ][ ]
[ ][ ][ ][ ][ ][ ][ ]
[ ][ ][ ][ ][ ][ ][ ]
[ ][2][ ][ ][ ][1][1]

Player 2 Move (Score: 400):
Current player: 1
[ ][ ][ ][ ][ ][ ][ ]
[ ][ ][ ][ ][ ][ ][ ]
[ ][ ][ ][ ][ ][ ][ ]
[ ][ ][ ][ ][ ][ ][ ]
[ ][ ][ ][ ][ ][ ][ ]
[ ][2][ ][2][ ][1][1]

Player 1 Move (Score: 100):
Current player: 2
[ ][ ][ ][ ][ ][ ][ ]
[ ][ ][ ][ ][ ][ ][ ]
[ ][ ][ ][ ][ ][ ][ ]
[ ][ ][ ][ ][ ][ ][ ]
[ ][ ][ ][ ][ ][ ][ ]
[ ][2][1][2][ ][1][1]

Player 2 Move (Score: 100):
Current player: 1
[ ][ ][ ][ ][ ][ ][ ]
[ ][ ][ ][ ][ ][ ][ ]
[ ][ ][ ][ ][ ][ ][ ]
[ ][ ][ ][ ][ ][ ][ ]
[ ][ ][ ][ ][ ][2][ ]
[ ][2][1][2][ ][1][1]

Player 1 Move (Score: 230):
Current player: 2
[ ][ ][ ][ ][ ][ ][ ]
[ ][ ][ ][ ][ ][ ][ ]
[ ][ ][ ][ ][ ][ ][ ]
[ ][ ][ ][ ][ ][ ][ ]
[ ][ ][1][ ][ ][2][ ]
[ ][2][1][2][ ][1][1]

Player 2 Move (Score: 230):
Current player: 1
[ ][ ][ ][ ][ ][ ][ ]
[ ][ ][ ][ ][ ][ ][ ]
[ ][ ][ ][ ][ ][ ][ ]
[ ][ ][2][ ][ ][ ][ ]
[ ][ ][1][ ][ ][2][ ]
[ ][2][1][2][ ][1][1]

Player 1 Move (Score: 230):
Current player: 2
[ ][ ][ ][ ][ ][ ][ ]
[ ][ ][ ][ ][ ][ ][ ]
[ ][ ][ ][ ][ ][ ][ ]
[ ][ ][2][ ][ ][ ][ ]
[ ][ ][1][ ][ ][2][1]
[ ][2][1][2][ ][1][1]

Player 2 Move (Score: 230):
Current player: 1
[ ][ ][ ][ ][ ][ ][ ]
[ ][ ][ ][ ][ ][ ][ ]
[ ][ ][ ][ ][ ][ ][ ]
[ ][ ][2][ ][ ][ ][2]
[ ][ ][1][ ][ ][2][1]
[ ][2][1][2][ ][1][1]

Player 1 Move (Score: 70):
Current player: 2
[ ][ ][ ][ ][ ][ ][ ]
[ ][ ][ ][ ][ ][ ][ ]
[ ][ ][ ][ ][ ][ ][ ]
[ ][ ][2][ ][ ][ ][2]
[ ][ ][1][1][ ][2][1]
[ ][2][1][2][ ][1][1]

Player 2 Move (Score: 70):
Current player: 1
[ ][ ][ ][ ][ ][ ][ ]
[ ][ ][ ][ ][ ][ ][ ]
[ ][ ][ ][ ][ ][ ][ ]
[ ][ ][2][ ][ ][ ][2]
[ ][2][1][1][ ][2][1]
[ ][2][1][2][ ][1][1]

Player 1 Move (Score: -230):
Current player: 2
[ ][ ][ ][ ][ ][ ][ ]
[ ][ ][ ][ ][ ][ ][ ]
[ ][ ][ ][ ][ ][ ][ ]
[ ][ ][2][ ][ ][ ][2]
[ ][2][1][1][ ][2][1]
[1][2][1][2][ ][1][1]

Player 2 Move (Score: -230):
Current player: 1
[ ][ ][ ][ ][ ][ ][ ]
[ ][ ][ ][ ][ ][ ][ ]
[ ][ ][ ][ ][ ][ ][ ]
[ ][2][2][ ][ ][ ][2]
[ ][2][1][1][ ][2][1]
[1][2][1][2][ ][1][1]

Player 1 Move (Score: -11900):
Current player: 2
[ ][ ][ ][ ][ ][ ][ ]
[ ][ ][ ][ ][ ][ ][ ]
[ ][1][ ][ ][ ][ ][ ]
[ ][2][2][ ][ ][ ][2]
[ ][2][1][1][ ][2][1]
[1][2][1][2][ ][1][1]

Player 2 Move (Score: -11900):
Current player: 1
[ ][ ][ ][ ][ ][ ][ ]
[ ][ ][ ][ ][ ][ ][ ]
[ ][1][ ][ ][ ][ ][ ]
[ ][2][2][2][ ][ ][2]
[ ][2][1][1][ ][2][1]
[1][2][1][2][ ][1][1]

Player 1 Move (Score: -12260):
Current player: 2
[ ][ ][ ][ ][ ][ ][ ]
[ ][ ][ ][ ][ ][ ][ ]
[ ][1][ ][1][ ][ ][ ]
[ ][2][2][2][ ][ ][2]
[ ][2][1][1][ ][2][1]
[1][2][1][2][ ][1][1]

Player 2 Move (Score: -12260):
Current player: 1
[ ][ ][ ][ ][ ][ ][ ]
[ ][ ][ ][ ][ ][ ][ ]
[ ][1][2][1][ ][ ][ ]
[ ][2][2][2][ ][ ][2]
[ ][2][1][1][ ][2][1]
[1][2][1][2][ ][1][1]

Player 1 Move (Score: -24130):
Current player: 2
[ ][ ][ ][ ][ ][ ][ ]
[ ][ ][1][ ][ ][ ][ ]
[ ][1][2][1][ ][ ][ ]
[ ][2][2][2][ ][ ][2]
[ ][2][1][1][ ][2][1]
[1][2][1][2][ ][1][1]

Player 2 Move (Score: -24130):
Current player: 1
[ ][ ][ ][ ][ ][ ][ ]
[ ][ ][1][2][ ][ ][ ]
[ ][1][2][1][ ][ ][ ]
[ ][2][2][2][ ][ ][2]
[ ][2][1][1][ ][2][1]
[1][2][1][2][ ][1][1]

Player 1 Move (Score: -2022130):
Current player: 2
[ ][ ][ ][1][ ][ ][ ]
[ ][ ][1][2][ ][ ][ ]
[ ][1][2][1][ ][ ][ ]
[ ][2][2][2][ ][ ][2]
[ ][2][1][1][ ][2][1]
[1][2][1][2][ ][1][1]

Player 2 Move (Score: -2022130):
Current player: 1
[ ][ ][ ][1][ ][ ][ ]
[ ][ ][1][2][ ][ ][ ]
[ ][1][2][1][ ][ ][ ]
[ ][2][2][2][ ][ ][2]
[2][2][1][1][ ][2][1]
[1][2][1][2][ ][1][1]

Result: Player 2 Wins

Simulating game 4/10 (Player 1 Depth: 3, Player 2 Depth: 2)
Player 1 Move (Score: 100):
Current player: 2
[ ][ ][ ][ ][ ][ ][ ]
[ ][ ][ ][ ][ ][ ][ ]
[ ][ ][ ][ ][ ][ ][ ]
[ ][ ][ ][ ][ ][ ][ ]
[ ][ ][ ][ ][ ][ ][ ]
[ ][1][ ][ ][ ][ ][ ]

Player 2 Move (Score: 100):
Current player: 1
[ ][ ][ ][ ][ ][ ][ ]
[ ][ ][ ][ ][ ][ ][ ]
[ ][ ][ ][ ][ ][ ][ ]
[ ][ ][ ][ ][ ][ ][ ]
[ ][ ][ ][ ][ ][ ][ ]
[ ][1][ ][ ][ ][2][ ]

Player 1 Move (Score: 200):
Current player: 2
[ ][ ][ ][ ][ ][ ][ ]
[ ][ ][ ][ ][ ][ ][ ]
[ ][ ][ ][ ][ ][ ][ ]
[ ][ ][ ][ ][ ][ ][ ]
[ ][ ][ ][ ][ ][1][ ]
[ ][1][ ][ ][ ][2][ ]

Player 2 Move (Score: 30):
Current player: 1
[ ][ ][ ][ ][ ][ ][ ]
[ ][ ][ ][ ][ ][ ][ ]
[ ][ ][ ][ ][ ][ ][ ]
[ ][ ][ ][ ][ ][ ][ ]
[ ][ ][ ][ ][ ][1][ ]
[ ][1][ ][ ][ ][2][2]

Player 1 Move (Score: 200):
Current player: 2
[ ][ ][ ][ ][ ][ ][ ]
[ ][ ][ ][ ][ ][ ][ ]
[ ][ ][ ][ ][ ][ ][ ]
[ ][ ][ ][ ][ ][ ][ ]
[ ][ ][ ][ ][ ][1][ ]
[ ][1][ ][1][ ][2][2]

Player 2 Move (Score: 200):
Current player: 1
[ ][ ][ ][ ][ ][ ][ ]
[ ][ ][ ][ ][ ][ ][ ]
[ ][ ][ ][ ][ ][ ][ ]
[ ][ ][ ][ ][ ][ ][ ]
[ ][ ][ ][ ][ ][1][ ]
[ ][1][2][1][ ][2][2]

Player 1 Move (Score: 330):
Current player: 2
[ ][ ][ ][ ][ ][ ][ ]
[ ][ ][ ][ ][ ][ ][ ]
[ ][ ][ ][ ][ ][ ][ ]
[ ][ ][ ][ ][ ][ ][ ]
[ ][ ][1][ ][ ][1][ ]
[ ][1][2][1][ ][2][2]

Player 2 Move (Score: 330):
Current player: 1
[ ][ ][ ][ ][ ][ ][ ]
[ ][ ][ ][ ][ ][ ][ ]
[ ][ ][ ][ ][ ][ ][ ]
[ ][ ][ ][ ][ ][ ][ ]
[ ][ ][1][ ][ ][1][2]
[ ][1][2][1][ ][2][2]

Player 1 Move (Score: 10430):
Current player: 2
[ ][ ][ ][ ][ ][ ][ ]
[ ][ ][ ][ ][ ][ ][ ]
[ ][ ][ ][ ][ ][ ][ ]
[ ][ ][ ][ ][ ][ ][ ]
[ ][ ][1][1][ ][1][2]
[ ][1][2][1][ ][2][2]

Player 2 Move (Score: 10430):
Current player: 1
[ ][ ][ ][ ][ ][ ][ ]
[ ][ ][ ][ ][ ][ ][ ]
[ ][ ][ ][ ][ ][ ][ ]
[ ][ ][ ][ ][ ][ ][2]
[ ][ ][1][1][ ][1][2]
[ ][1][2][1][ ][2][2]

Player 1 Move (Score: 12200):
Current player: 2
[ ][ ][ ][ ][ ][ ][ ]
[ ][ ][ ][ ][ ][ ][ ]
[ ][ ][ ][ ][ ][ ][1]
[ ][ ][ ][ ][ ][ ][2]
[ ][ ][1][1][ ][1][2]
[ ][1][2][1][ ][2][2]

Player 2 Move (Score: 12200):
Current player: 1
[ ][ ][ ][ ][ ][ ][ ]
[ ][ ][ ][ ][ ][ ][ ]
[ ][ ][ ][ ][ ][ ][1]
[ ][ ][ ][2][ ][ ][2]
[ ][ ][1][1][ ][1][2]
[ ][1][2][1][ ][2][2]

Player 1 Move (Score: 20100):
Current player: 2
[ ][ ][ ][ ][ ][ ][ ]
[ ][ ][ ][ ][ ][ ][ ]
[ ][ ][ ][ ][ ][ ][1]
[ ][ ][1][2][ ][ ][2]
[ ][ ][1][1][ ][1][2]
[ ][1][2][1][ ][2][2]

Player 2 Move (Score: 20100):
Current player: 1
[ ][ ][ ][ ][ ][ ][ ]
[ ][ ][ ][ ][ ][ ][ ]
[ ][ ][2][ ][ ][ ][1]
[ ][ ][1][2][ ][ ][2]
[ ][ ][1][1][ ][1][2]
[ ][1][2][1][ ][2][2]

Player 1 Move (Score: 31850):
Current player: 2
[ ][ ][ ][ ][ ][ ][ ]
[ ][ ][ ][ ][ ][ ][ ]
[ ][ ][2][ ][ ][ ][1]
[ ][ ][1][2][ ][ ][2]
[ ][1][1][1][ ][1][2]
[ ][1][2][1][ ][2][2]

Player 2 Move (Score: 31850):
Current player: 1
[ ][ ][ ][ ][ ][ ][ ]
[ ][ ][ ][ ][ ][ ][ ]
[ ][ ][2][2][ ][ ][1]
[ ][ ][1][2][ ][ ][2]
[ ][1][1][1][ ][1][2]
[ ][1][2][1][ ][2][2]

Player 1 Move (Score: 31850):
Current player: 2
[ ][ ][ ][ ][ ][ ][ ]
[ ][ ][ ][ ][ ][ ][ ]
[ ][ ][2][2][ ][ ][1]
[ ][ ][1][2][ ][1][2]
[ ][1][1][1][ ][1][2]
[ ][1][2][1][ ][2][2]

Player 2 Move (Score: 22050):
Current player: 1
[ ][ ][ ][ ][ ][ ][ ]
[ ][ ][ ][2][ ][ ][ ]
[ ][ ][2][2][ ][ ][1]
[ ][ ][1][2][ ][1][2]
[ ][1][1][1][ ][1][2]
[ ][1][2][1][ ][2][2]

Player 1 Move (Score: 11770):
Current player: 2
[ ][ ][ ][1][ ][ ][ ]
[ ][ ][ ][2][ ][ ][ ]
[ ][ ][2][2][ ][ ][1]
[ ][ ][1][2][ ][1][2]
[ ][1][1][1][ ][1][2]
[ ][1][2][1][ ][2][2]

Player 2 Move (Score: 11770):
Current player: 1
[ ][ ][ ][1][ ][ ][ ]
[ ][ ][ ][2][ ][ ][ ]
[ ][ ][2][2][ ][ ][1]
[ ][2][1][2][ ][1][2]
[ ][1][1][1][ ][1][2]
[ ][1][2][1][ ][2][2]

Player 1 Move (Score: 1978000):
Current player: 2
[ ][ ][ ][1][ ][ ][ ]
[ ][ ][ ][2][ ][ ][ ]
[ ][1][2][2][ ][ ][1]
[ ][2][1][2][ ][1][2]
[ ][1][1][1][ ][1][2]
[ ][1][2][1][ ][2][2]

Player 2 Move (Score: 1978000):
Current player: 1
[ ][ ][ ][1][ ][ ][ ]
[ ][2][ ][2][ ][ ][ ]
[ ][1][2][2][ ][ ][1]
[ ][2][1][2][ ][1][2]
[ ][1][1][1][ ][1][2]
[ ][1][2][1][ ][2][2]

Player 1 Move (Score: 1988000):
Current player: 2
[ ][ ][ ][1][ ][ ][ ]
[ ][2][1][2][ ][ ][ ]
[ ][1][2][2][ ][ ][1]
[ ][2][1][2][ ][1][2]
[ ][1][1][1][ ][1][2]
[ ][1][2][1][ ][2][2]

Player 2 Move (Score: 1988000):
Current player: 1
[ ][ ][ ][1][ ][ ][ ]
[ ][2][1][2][ ][ ][ ]
[ ][1][2][2][ ][2][1]
[ ][2][1][2][ ][1][2]
[ ][1][1][1][ ][1][2]
[ ][1][2][1][ ][2][2]

Player 1 Move (Score: 1988100):
Current player: 2
[ ][ ][1][1][ ][ ][ ]
[ ][2][1][2][ ][ ][ ]
[ ][1][2][2][ ][2][1]
[ ][2][1][2][ ][1][2]
[ ][1][1][1][ ][1][2]
[ ][1][2][1][ ][2][2]

Player 2 Move (Score: 1988100):
Current player: 1
[ ][2][1][1][ ][ ][ ]
[ ][2][1][2][ ][ ][ ]
[ ][1][2][2][ ][2][1]
[ ][2][1][2][ ][1][2]
[ ][1][1][1][ ][1][2]
[ ][1][2][1][ ][2][2]

Player 1 Move (Score: 1988100):
Current player: 2
[ ][2][1][1][ ][ ][ ]
[ ][2][1][2][ ][ ][ ]
[ ][1][2][2][ ][2][1]
[ ][2][1][2][ ][1][2]
[ ][1][1][1][ ][1][2]
[ ][1][2][1][1][2][2]

Result: Player 1 Wins

Simulating game 5/10 (Player 1 Depth: 3, Player 2 Depth: 2)
Player 1 Move (Score: 100):
Current player: 2
[ ][ ][ ][ ][ ][ ][ ]
[ ][ ][ ][ ][ ][ ][ ]
[ ][ ][ ][ ][ ][ ][ ]
[ ][ ][ ][ ][ ][ ][ ]
[ ][ ][ ][ ][ ][ ][ ]
[ ][ ][ ][ ][1][ ][ ]

Player 2 Move (Score: 100):
Current player: 1
[ ][ ][ ][ ][ ][ ][ ]
[ ][ ][ ][ ][ ][ ][ ]
[ ][ ][ ][ ][ ][ ][ ]
[ ][ ][ ][ ][ ][ ][ ]
[ ][ ][ ][ ][ ][ ][ ]
[ ][ ][2][ ][1][ ][ ]

Player 1 Move (Score: 400):
Current player: 2
[ ][ ][ ][ ][ ][ ][ ]
[ ][ ][ ][ ][ ][ ][ ]
[ ][ ][ ][ ][ ][ ][ ]
[ ][ ][ ][ ][ ][ ][ ]
[ ][ ][ ][ ][1][ ][ ]
[ ][ ][2][ ][1][ ][ ]

Player 2 Move (Score: 400):
Current player: 1
[ ][ ][ ][ ][ ][ ][ ]
[ ][ ][ ][ ][ ][ ][ ]
[ ][ ][ ][ ][ ][ ][ ]
[ ][ ][ ][ ][2][ ][ ]
[ ][ ][ ][ ][1][ ][ ]
[ ][ ][2][ ][1][ ][ ]

Player 1 Move (Score: 530):
Current player: 2
[ ][ ][ ][ ][ ][ ][ ]
[ ][ ][ ][ ][ ][ ][ ]
[ ][ ][ ][ ][ ][ ][ ]
[ ][ ][ ][ ][2][ ][ ]
[ ][ ][ ][ ][1][ ][ ]
[ ][ ][2][ ][1][1][ ]

Player 2 Move (Score: 530):
Current player: 1
[ ][ ][ ][ ][ ][ ][ ]
[ ][ ][ ][ ][ ][ ][ ]
[ ][ ][ ][ ][ ][ ][ ]
[ ][ ][ ][ ][2][ ][ ]
[ ][ ][ ][ ][1][ ][ ]
[ ][ ][2][ ][1][1][2]

Player 1 Move (Score: 10270):
Current player: 2
[ ][ ][ ][ ][ ][ ][ ]
[ ][ ][ ][ ][ ][ ][ ]
[ ][ ][ ][ ][ ][ ][ ]
[ ][ ][ ][ ][2][ ][ ]
[ ][ ][ ][ ][1][1][ ]
[ ][ ][2][ ][1][1][2]

Player 2 Move (Score: 10270):
Current player: 1
[ ][ ][ ][ ][ ][ ][ ]
[ ][ ][ ][ ][ ][ ][ ]
[ ][ ][ ][ ][ ][ ][ ]
[ ][ ][ ][ ][2][2][ ]
[ ][ ][ ][ ][1][1][ ]
[ ][ ][2][ ][1][1][2]

Player 1 Move (Score: 10270):
Current player: 2
[ ][ ][ ][ ][ ][ ][ ]
[ ][ ][ ][ ][ ][ ][ ]
[ ][ ][ ][ ][ ][1][ ]
[ ][ ][ ][ ][2][2][ ]
[ ][ ][ ][ ][1][1][ ]
[ ][ ][2][ ][1][1][2]

Player 2 Move (Score: 300):
Current player: 1
[ ][ ][ ][ ][ ][ ][ ]
[ ][ ][ ][ ][ ][ ][ ]
[ ][ ][ ][ ][ ][1][ ]
[ ][ ][ ][ ][2][2][ ]
[ ][ ][ ][ ][1][1][2]
[ ][ ][2][ ][1][1][2]

Player 1 Move (Score: 400):
Current player: 2
[ ][ ][ ][ ][ ][ ][ ]
[ ][ ][ ][ ][ ][ ][ ]
[ ][ ][ ][ ][1][1][ ]
[ ][ ][ ][ ][2][2][ ]
[ ][ ][ ][ ][1][1][2]
[ ][ ][2][ ][1][1][2]

Player 2 Move (Score: 400):
Current player: 1
[ ][ ][ ][ ][ ][ ][ ]
[ ][ ][ ][ ][ ][ ][ ]
[ ][ ][ ][ ][1][1][ ]
[ ][ ][ ][ ][2][2][ ]
[ ][ ][2][ ][1][1][2]
[ ][ ][2][ ][1][1][2]

Player 1 Move (Score: 500):
Current player: 2
[ ][ ][ ][ ][ ][ ][ ]
[ ][ ][ ][ ][ ][ ][ ]
[ ][ ][ ][ ][1][1][ ]
[ ][ ][ ][ ][2][2][1]
[ ][ ][2][ ][1][1][2]
[ ][ ][2][ ][1][1][2]

Player 2 Move (Score: 500):
Current player: 1
[ ][ ][ ][ ][ ][ ][ ]
[ ][ ][ ][ ][ ][ ][ ]
[ ][ ][ ][ ][1][1][2]
[ ][ ][ ][ ][2][2][1]
[ ][ ][2][ ][1][1][2]
[ ][ ][2][ ][1][1][2]

Player 1 Move (Score: 10000):
Current player: 2
[ ][ ][ ][ ][ ][ ][ ]
[ ][ ][ ][ ][1][ ][ ]
[ ][ ][ ][ ][1][1][2]
[ ][ ][ ][ ][2][2][1]
[ ][ ][2][ ][1][1][2]
[ ][ ][2][ ][1][1][2]

Player 2 Move (Score: 10000):
Current player: 1
[ ][ ][ ][ ][ ][ ][ ]
[ ][ ][ ][ ][1][ ][ ]
[ ][ ][ ][ ][1][1][2]
[ ][ ][2][ ][2][2][1]
[ ][ ][2][ ][1][1][2]
[ ][ ][2][ ][1][1][2]

Player 1 Move (Score: 10000):
Current player: 2
[ ][ ][ ][ ][ ][ ][ ]
[ ][ ][ ][ ][1][ ][ ]
[ ][ ][ ][ ][1][1][2]
[ ][ ][2][ ][2][2][1]
[ ][ ][2][ ][1][1][2]
[ ][ ][2][1][1][1][2]

Player 2 Move (Score: -2000100):
Current player: 1
[ ][ ][ ][ ][ ][ ][ ]
[ ][ ][ ][ ][1][ ][ ]
[ ][ ][2][ ][1][1][2]
[ ][ ][2][ ][2][2][1]
[ ][ ][2][ ][1][1][2]
[ ][ ][2][1][1][1][2]

Result: Player 2 Wins

Simulating game 6/10 (Player 1 Depth: 3, Player 2 Depth: 2)
Player 1 Move (Score: 100):
Current player: 2
[ ][ ][ ][ ][ ][ ][ ]
[ ][ ][ ][ ][ ][ ][ ]
[ ][ ][ ][ ][ ][ ][ ]
[ ][ ][ ][ ][ ][ ][ ]
[ ][ ][ ][ ][ ][ ][ ]
[ ][ ][1][ ][ ][ ][ ]

Player 2 Move (Score: 100):
Current player: 1
[ ][ ][ ][ ][ ][ ][ ]
[ ][ ][ ][ ][ ][ ][ ]
[ ][ ][ ][ ][ ][ ][ ]
[ ][ ][ ][ ][ ][ ][ ]
[ ][ ][ ][ ][ ][ ][ ]
[ ][2][1][ ][ ][ ][ ]

Player 1 Move (Score: 200):
Current player: 2
[ ][ ][ ][ ][ ][ ][ ]
[ ][ ][ ][ ][ ][ ][ ]
[ ][ ][ ][ ][ ][ ][ ]
[ ][ ][ ][ ][ ][ ][ ]
[ ][ ][1][ ][ ][ ][ ]
[ ][2][1][ ][ ][ ][ ]

Player 2 Move (Score: 200):
Current player: 1
[ ][ ][ ][ ][ ][ ][ ]
[ ][ ][ ][ ][ ][ ][ ]
[ ][ ][ ][ ][ ][ ][ ]
[ ][ ][2][ ][ ][ ][ ]
[ ][ ][1][ ][ ][ ][ ]
[ ][2][1][ ][ ][ ][ ]

Player 1 Move (Score: 450):
Current player: 2
[ ][ ][ ][ ][ ][ ][ ]
[ ][ ][ ][ ][ ][ ][ ]
[ ][ ][ ][ ][ ][ ][ ]
[ ][ ][2][ ][ ][ ][ ]
[ ][ ][1][ ][ ][ ][ ]
[ ][2][1][1][ ][ ][ ]

Player 2 Move (Score: 450):
Current player: 1
[ ][ ][ ][ ][ ][ ][ ]
[ ][ ][ ][ ][ ][ ][ ]
[ ][ ][ ][ ][ ][ ][ ]
[ ][ ][2][ ][ ][ ][ ]
[ ][ ][1][ ][ ][ ][ ]
[ ][2][1][1][ ][2][ ]

Player 1 Move (Score: 10270):
Current player: 2
[ ][ ][ ][ ][ ][ ][ ]
[ ][ ][ ][ ][ ][ ][ ]
[ ][ ][ ][ ][ ][ ][ ]
[ ][ ][2][ ][ ][ ][ ]
[ ][ ][1][1][ ][ ][ ]
[ ][2][1][1][ ][2][ ]

Player 2 Move (Score: 10270):
Current player: 1
[ ][ ][ ][ ][ ][ ][ ]
[ ][ ][ ][ ][ ][ ][ ]
[ ][ ][ ][ ][ ][ ][ ]
[ ][ ][2][ ][ ][ ][ ]
[ ][2][1][1][ ][ ][ ]
[ ][2][1][1][ ][2][ ]

Player 1 Move (Score: 10100):
Current player: 2
[ ][ ][ ][ ][ ][ ][ ]
[ ][ ][ ][ ][ ][ ][ ]
[ ][ ][ ][ ][ ][ ][ ]
[ ][1][2][ ][ ][ ][ ]
[ ][2][1][1][ ][ ][ ]
[ ][2][1][1][ ][2][ ]

Player 2 Move (Score: 10100):
Current player: 1
[ ][ ][ ][ ][ ][ ][ ]
[ ][ ][ ][ ][ ][ ][ ]
[ ][ ][ ][ ][ ][ ][ ]
[ ][1][2][ ][ ][ ][ ]
[ ][2][1][1][ ][ ][ ]
[ ][2][1][1][2][2][ ]

Player 1 Move (Score: 20370):
Current player: 2
[ ][ ][ ][ ][ ][ ][ ]
[ ][ ][ ][ ][ ][ ][ ]
[ ][ ][ ][ ][ ][ ][ ]
[ ][1][2][ ][ ][ ][ ]
[ ][2][1][1][1][ ][ ]
[ ][2][1][1][2][2][ ]

Player 2 Move (Score: 20370):
Current player: 1
[ ][ ][ ][ ][ ][ ][ ]
[ ][ ][ ][ ][ ][ ][ ]
[ ][ ][ ][ ][ ][ ][ ]
[ ][1][2][ ][ ][ ][ ]
[ ][2][1][1][1][2][ ]
[ ][2][1][1][2][2][ ]

Player 1 Move (Score: 20700):
Current player: 2
[ ][ ][ ][ ][ ][ ][ ]
[ ][ ][ ][ ][ ][ ][ ]
[ ][ ][ ][ ][ ][ ][ ]
[ ][1][2][ ][1][ ][ ]
[ ][2][1][1][1][2][ ]
[ ][2][1][1][2][2][ ]

Player 2 Move (Score: 20700):
Current player: 1
[ ][ ][ ][ ][ ][ ][ ]
[ ][ ][ ][ ][ ][ ][ ]
[ ][ ][ ][ ][ ][ ][ ]
[ ][1][2][ ][1][ ][ ]
[ ][2][1][1][1][2][ ]
[2][2][1][1][2][2][ ]

Player 1 Move (Score: 40900):
Current player: 2
[ ][ ][ ][ ][ ][ ][ ]
[ ][ ][ ][ ][ ][ ][ ]
[ ][ ][ ][ ][1][ ][ ]
[ ][1][2][ ][1][ ][ ]
[ ][2][1][1][1][2][ ]
[2][2][1][1][2][2][ ]

Player 2 Move (Score: 40900):
Current player: 1
[ ][ ][ ][ ][ ][ ][ ]
[ ][ ][ ][ ][2][ ][ ]
[ ][ ][ ][ ][1][ ][ ]
[ ][1][2][ ][1][ ][ ]
[ ][2][1][1][1][2][ ]
[2][2][1][1][2][2][ ]

Player 1 Move (Score: 50730):
Current player: 2
[ ][ ][ ][ ][ ][ ][ ]
[ ][ ][ ][ ][2][ ][ ]
[ ][ ][ ][ ][1][ ][ ]
[ ][1][2][ ][1][1][ ]
[ ][2][1][1][1][2][ ]
[2][2][1][1][2][2][ ]

Player 2 Move (Score: 50730):
Current player: 1
[ ][ ][ ][ ][ ][ ][ ]
[ ][ ][ ][ ][2][ ][ ]
[ ][ ][ ][ ][1][2][ ]
[ ][1][2][ ][1][1][ ]
[ ][2][1][1][1][2][ ]
[2][2][1][1][2][2][ ]

Player 1 Move (Score: 30560):
Current player: 2
[ ][ ][ ][ ][ ][ ][ ]
[ ][ ][ ][ ][2][ ][ ]
[ ][ ][1][ ][1][2][ ]
[ ][1][2][ ][1][1][ ]
[ ][2][1][1][1][2][ ]
[2][2][1][1][2][2][ ]

Player 2 Move (Score: 30560):
Current player: 1
[ ][ ][ ][ ][ ][ ][ ]
[ ][ ][ ][ ][2][ ][ ]
[ ][ ][1][ ][1][2][ ]
[ ][1][2][2][1][1][ ]
[ ][2][1][1][1][2][ ]
[2][2][1][1][2][2][ ]

Player 1 Move (Score: 64000):
Current player: 2
[ ][ ][ ][ ][ ][ ][ ]
[ ][ ][ ][ ][2][ ][ ]
[ ][ ][1][1][1][2][ ]
[ ][1][2][2][1][1][ ]
[ ][2][1][1][1][2][ ]
[2][2][1][1][2][2][ ]

Player 2 Move (Score: 64000):
Current player: 1
[ ][ ][ ][ ][ ][ ][ ]
[ ][ ][ ][ ][2][ ][ ]
[ ][2][1][1][1][2][ ]
[ ][1][2][2][1][1][ ]
[ ][2][1][1][1][2][ ]
[2][2][1][1][2][2][ ]

Player 1 Move (Score: 1042000):
Current player: 2
[ ][ ][ ][ ][ ][ ][ ]
[ ][ ][ ][1][2][ ][ ]
[ ][2][1][1][1][2][ ]
[ ][1][2][2][1][1][ ]
[ ][2][1][1][1][2][ ]
[2][2][1][1][2][2][ ]

Player 2 Move (Score: 1042000):
Current player: 1
[ ][ ][ ][ ][2][ ][ ]
[ ][ ][ ][1][2][ ][ ]
[ ][2][1][1][1][2][ ]
[ ][1][2][2][1][1][ ]
[ ][2][1][1][1][2][ ]
[2][2][1][1][2][2][ ]

Player 1 Move (Score: 1049900):
Current player: 2
[ ][ ][ ][ ][2][ ][ ]
[ ][ ][1][1][2][ ][ ]
[ ][2][1][1][1][2][ ]
[ ][1][2][2][1][1][ ]
[ ][2][1][1][1][2][ ]
[2][2][1][1][2][2][ ]

Player 2 Move (Score: 1049900):
Current player: 1
[ ][ ][ ][ ][2][ ][ ]
[ ][ ][1][1][2][ ][ ]
[ ][2][1][1][1][2][ ]
[ ][1][2][2][1][1][ ]
[2][2][1][1][1][2][ ]
[2][2][1][1][2][2][ ]

Player 1 Move (Score: 1049900):
Current player: 2
[ ][ ][1][ ][2][ ][ ]
[ ][ ][1][1][2][ ][ ]
[ ][2][1][1][1][2][ ]
[ ][1][2][2][1][1][ ]
[2][2][1][1][1][2][ ]
[2][2][1][1][2][2][ ]

Result: Player 1 Wins

Simulating game 7/10 (Player 1 Depth: 3, Player 2 Depth: 2)
Player 1 Move (Score: 100):
Current player: 2
[ ][ ][ ][ ][ ][ ][ ]
[ ][ ][ ][ ][ ][ ][ ]
[ ][ ][ ][ ][ ][ ][ ]
[ ][ ][ ][ ][ ][ ][ ]
[ ][ ][ ][ ][ ][ ][ ]
[ ][ ][ ][ ][ ][1][ ]

Player 2 Move (Score: 100):
Current player: 1
[ ][ ][ ][ ][ ][ ][ ]
[ ][ ][ ][ ][ ][ ][ ]
[ ][ ][ ][ ][ ][ ][ ]
[ ][ ][ ][ ][ ][ ][ ]
[ ][ ][ ][ ][ ][ ][ ]
[ ][ ][ ][2][ ][1][ ]

Player 1 Move (Score: 300):
Current player: 2
[ ][ ][ ][ ][ ][ ][ ]
[ ][ ][ ][ ][ ][ ][ ]
[ ][ ][ ][ ][ ][ ][ ]
[ ][ ][ ][ ][ ][ ][ ]
[ ][ ][ ][ ][ ][1][ ]
[ ][ ][ ][2][ ][1][ ]

Player 2 Move (Score: 300):
Current player: 1
[ ][ ][ ][ ][ ][ ][ ]
[ ][ ][ ][ ][ ][ ][ ]
[ ][ ][ ][ ][ ][ ][ ]
[ ][ ][ ][ ][ ][2][ ]
[ ][ ][ ][ ][ ][1][ ]
[ ][ ][ ][2][ ][1][ ]

Player 1 Move (Score: 170):
Current player: 2
[ ][ ][ ][ ][ ][ ][ ]
[ ][ ][ ][ ][ ][ ][ ]
[ ][ ][ ][ ][ ][1][ ]
[ ][ ][ ][ ][ ][2][ ]
[ ][ ][ ][ ][ ][1][ ]
[ ][ ][ ][2][ ][1][ ]

Player 2 Move (Score: 100):
Current player: 1
[ ][ ][ ][ ][ ][ ][ ]
[ ][ ][ ][ ][ ][ ][ ]
[ ][ ][ ][ ][ ][1][ ]
[ ][ ][ ][ ][ ][2][ ]
[ ][ ][ ][ ][ ][1][ ]
[ ][ ][ ][2][ ][1][2]

Player 1 Move (Score: 100):
Current player: 2
[ ][ ][ ][ ][ ][ ][ ]
[ ][ ][ ][ ][ ][ ][ ]
[ ][ ][ ][ ][ ][1][ ]
[ ][ ][ ][ ][ ][2][ ]
[ ][ ][ ][ ][ ][1][1]
[ ][ ][ ][2][ ][1][2]

Player 2 Move (Score: 100):
Current player: 1
[ ][ ][ ][ ][ ][ ][ ]
[ ][ ][ ][ ][ ][ ][ ]
[ ][ ][ ][ ][ ][1][ ]
[ ][ ][ ][ ][ ][2][ ]
[ ][ ][ ][ ][ ][1][1]
[ ][ ][ ][2][2][1][2]

Player 1 Move (Score: 29900):
Current player: 2
[ ][ ][ ][ ][ ][ ][ ]
[ ][ ][ ][ ][ ][ ][ ]
[ ][ ][ ][ ][ ][1][ ]
[ ][ ][ ][ ][ ][2][ ]
[ ][ ][ ][ ][1][1][1]
[ ][ ][ ][2][2][1][2]

Player 2 Move (Score: 29900):
Current player: 1
[ ][ ][ ][ ][ ][ ][ ]
[ ][ ][ ][ ][ ][ ][ ]
[ ][ ][ ][ ][ ][1][ ]
[ ][ ][ ][ ][ ][2][ ]
[ ][ ][ ][2][1][1][1]
[ ][ ][ ][2][2][1][2]

Player 1 Move (Score: 30000):
Current player: 2
[ ][ ][ ][ ][ ][ ][ ]
[ ][ ][ ][ ][ ][ ][ ]
[ ][ ][ ][ ][ ][1][ ]
[ ][ ][ ][1][ ][2][ ]
[ ][ ][ ][2][1][1][1]
[ ][ ][ ][2][2][1][2]

Player 2 Move (Score: 30000):
Current player: 1
[ ][ ][ ][ ][ ][ ][ ]
[ ][ ][ ][ ][ ][ ][ ]
[ ][ ][ ][2][ ][1][ ]
[ ][ ][ ][1][ ][2][ ]
[ ][ ][ ][2][1][1][1]
[ ][ ][ ][2][2][1][2]

Player 1 Move (Score: 30200):
Current player: 2
[ ][ ][ ][ ][ ][ ][ ]
[ ][ ][ ][ ][ ][ ][ ]
[ ][ ][ ][2][ ][1][ ]
[ ][ ][ ][1][ ][2][1]
[ ][ ][ ][2][1][1][1]
[ ][ ][ ][2][2][1][2]

Player 2 Move (Score: 30200):
Current player: 1
[ ][ ][ ][ ][ ][ ][ ]
[ ][ ][ ][ ][ ][ ][ ]
[ ][ ][ ][2][ ][1][ ]
[ ][ ][ ][1][ ][2][1]
[ ][ ][ ][2][1][1][1]
[ ][ ][2][2][2][1][2]

Player 1 Move (Score: 39900):
Current player: 2
[ ][ ][ ][ ][ ][ ][ ]
[ ][ ][ ][ ][ ][ ][ ]
[ ][ ][ ][2][ ][1][ ]
[ ][ ][ ][1][ ][2][1]
[ ][ ][ ][2][1][1][1]
[ ][1][2][2][2][1][2]

Player 2 Move (Score: 39900):
Current player: 1
[ ][ ][ ][ ][ ][ ][ ]
[ ][ ][ ][ ][ ][ ][ ]
[ ][ ][ ][2][ ][1][ ]
[ ][ ][ ][1][ ][2][1]
[ ][ ][2][2][1][1][1]
[ ][1][2][2][2][1][2]

Player 1 Move (Score: 30500):
Current player: 2
[ ][ ][ ][ ][ ][ ][ ]
[ ][ ][ ][ ][ ][ ][ ]
[ ][ ][ ][2][ ][1][ ]
[ ][ ][ ][1][1][2][1]
[ ][ ][2][2][1][1][1]
[ ][1][2][2][2][1][2]

Player 2 Move (Score: 30500):
Current player: 1
[ ][ ][ ][ ][ ][ ][ ]
[ ][ ][ ][ ][ ][ ][ ]
[ ][ ][ ][2][ ][1][ ]
[ ][ ][ ][1][1][2][1]
[ ][2][2][2][1][1][1]
[ ][1][2][2][2][1][2]

Player 1 Move (Score: 1030200):
Current player: 2
[ ][ ][ ][ ][ ][ ][ ]
[ ][ ][ ][ ][ ][ ][ ]
[ ][ ][ ][2][ ][1][ ]
[ ][1][ ][1][1][2][1]
[ ][2][2][2][1][1][1]
[ ][1][2][2][2][1][2]

Player 2 Move (Score: 1030200):
Current player: 1
[ ][ ][ ][ ][ ][ ][ ]
[ ][ ][ ][ ][ ][ ][ ]
[ ][ ][ ][2][2][1][ ]
[ ][1][ ][1][1][2][1]
[ ][2][2][2][1][1][1]
[ ][1][2][2][2][1][2]

Player 1 Move (Score: 1030200):
Current player: 2
[ ][ ][ ][ ][ ][ ][ ]
[ ][ ][ ][ ][ ][1][ ]
[ ][ ][ ][2][2][1][ ]
[ ][1][ ][1][1][2][1]
[ ][2][2][2][1][1][1]
[ ][1][2][2][2][1][2]

Player 2 Move (Score: 1020300):
Current player: 1
[ ][ ][ ][ ][ ][ ][ ]
[ ][ ][ ][2][ ][1][ ]
[ ][ ][ ][2][2][1][ ]
[ ][1][ ][1][1][2][1]
[ ][2][2][2][1][1][1]
[ ][1][2][2][2][1][2]

Player 1 Move (Score: 1020300):
Current player: 2
[ ][ ][ ][ ][ ][1][ ]
[ ][ ][ ][2][ ][1][ ]
[ ][ ][ ][2][2][1][ ]
[ ][1][ ][1][1][2][1]
[ ][2][2][2][1][1][1]
[ ][1][2][2][2][1][2]

Player 2 Move (Score: 1020100):
Current player: 1
[ ][ ][ ][ ][ ][1][ ]
[ ][ ][ ][2][2][1][ ]
[ ][ ][ ][2][2][1][ ]
[ ][1][ ][1][1][2][1]
[ ][2][2][2][1][1][1]
[ ][1][2][2][2][1][2]

Player 1 Move (Score: 1020100):
Current player: 2
[ ][ ][ ][ ][ ][1][ ]
[ ][ ][ ][2][2][1][ ]
[ ][ ][ ][2][2][1][ ]
[ ][1][1][1][1][2][1]
[ ][2][2][2][1][1][1]
[ ][1][2][2][2][1][2]

Result: Player 1 Wins

Simulating game 8/10 (Player 1 Depth: 3, Player 2 Depth: 2)
Player 1 Move (Score: 100):
Current player: 2
[ ][ ][ ][ ][ ][ ][ ]
[ ][ ][ ][ ][ ][ ][ ]
[ ][ ][ ][ ][ ][ ][ ]
[ ][ ][ ][ ][ ][ ][ ]
[ ][ ][ ][ ][ ][ ][ ]
[1][ ][ ][ ][ ][ ][ ]

Player 2 Move (Score: 100):
Current player: 1
[ ][ ][ ][ ][ ][ ][ ]
[ ][ ][ ][ ][ ][ ][ ]
[ ][ ][ ][ ][ ][ ][ ]
[ ][ ][ ][ ][ ][ ][ ]
[ ][ ][ ][ ][ ][ ][ ]
[1][ ][ ][ ][ ][ ][2]

Player 1 Move (Score: 200):
Current player: 2
[ ][ ][ ][ ][ ][ ][ ]
[ ][ ][ ][ ][ ][ ][ ]
[ ][ ][ ][ ][ ][ ][ ]
[ ][ ][ ][ ][ ][ ][ ]
[ ][ ][ ][ ][ ][ ][ ]
[1][1][ ][ ][ ][ ][2]

Player 2 Move (Score: 200):
Current player: 1
[ ][ ][ ][ ][ ][ ][ ]
[ ][ ][ ][ ][ ][ ][ ]
[ ][ ][ ][ ][ ][ ][ ]
[ ][ ][ ][ ][ ][ ][ ]
[ ][ ][ ][ ][ ][ ][ ]
[1][1][2][ ][ ][ ][2]

Player 1 Move (Score: 330):
Current player: 2
[ ][ ][ ][ ][ ][ ][ ]
[ ][ ][ ][ ][ ][ ][ ]
[ ][ ][ ][ ][ ][ ][ ]
[ ][ ][ ][ ][ ][ ][ ]
[ ][1][ ][ ][ ][ ][ ]
[1][1][2][ ][ ][ ][2]

Player 2 Move (Score: 330):
Current player: 1
[ ][ ][ ][ ][ ][ ][ ]
[ ][ ][ ][ ][ ][ ][ ]
[ ][ ][ ][ ][ ][ ][ ]
[ ][2][ ][ ][ ][ ][ ]
[ ][1][ ][ ][ ][ ][ ]
[1][1][2][ ][ ][ ][2]

Player 1 Move (Score: 10200):
Current player: 2
[ ][ ][ ][ ][ ][ ][ ]
[ ][ ][ ][ ][ ][ ][ ]
[ ][ ][ ][ ][ ][ ][ ]
[ ][2][ ][ ][ ][ ][ ]
[1][1][ ][ ][ ][ ][ ]
[1][1][2][ ][ ][ ][2]

Player 2 Move (Score: 10200):
Current player: 1
[ ][ ][ ][ ][ ][ ][ ]
[ ][ ][ ][ ][ ][ ][ ]
[ ][ ][ ][ ][ ][ ][ ]
[ ][2][ ][ ][ ][ ][ ]
[1][1][ ][ ][ ][ ][ ]
[1][1][2][2][ ][ ][2]

Player 1 Move (Score: 10200):
Current player: 2
[ ][ ][ ][ ][ ][ ][ ]
[ ][ ][ ][ ][ ][ ][ ]
[ ][ ][ ][ ][ ][ ][ ]
[ ][2][ ][ ][ ][ ][ ]
[1][1][ ][ ][ ][ ][ ]
[1][1][2][2][1][ ][2]

Player 2 Move (Score: 300):
Current player: 1
[ ][ ][ ][ ][ ][ ][ ]
[ ][ ][ ][ ][ ][ ][ ]
[ ][ ][ ][ ][ ][ ][ ]
[ ][2][ ][ ][ ][ ][ ]
[1][1][2][ ][ ][ ][ ]
[1][1][2][2][1][ ][2]

Player 1 Move (Score: 10000):
Current player: 2
[ ][ ][ ][ ][ ][ ][ ]
[ ][ ][ ][ ][ ][ ][ ]
[ ][ ][ ][ ][ ][ ][ ]
[ ][2][1][ ][ ][ ][ ]
[1][1][2][ ][ ][ ][ ]
[1][1][2][2][1][ ][2]

Player 2 Move (Score: 10000):
Current player: 1
[ ][ ][ ][ ][ ][ ][ ]
[ ][ ][ ][ ][ ][ ][ ]
[ ][ ][ ][ ][ ][ ][ ]
[ ][2][1][ ][ ][ ][ ]
[1][1][2][2][ ][ ][ ]
[1][1][2][2][1][ ][2]

Player 1 Move (Score: 100):
Current player: 2
[ ][ ][ ][ ][ ][ ][ ]
[ ][ ][ ][ ][ ][ ][ ]
[ ][ ][ ][ ][ ][ ][ ]
[ ][2][1][ ][ ][ ][ ]
[1][1][2][2][ ][ ][ ]
[1][1][2][2][1][1][2]

Player 2 Move (Score: 100):
Current player: 1
[ ][ ][ ][ ][ ][ ][ ]
[ ][ ][ ][ ][ ][ ][ ]
[ ][ ][ ][ ][ ][ ][ ]
[ ][2][1][ ][ ][ ][ ]
[1][1][2][2][2][ ][ ]
[1][1][2][2][1][1][2]

Player 1 Move (Score: 0):
Current player: 2
[ ][ ][ ][ ][ ][ ][ ]
[ ][ ][ ][ ][ ][ ][ ]
[ ][ ][ ][ ][ ][ ][ ]
[ ][2][1][ ][ ][ ][ ]
[1][1][2][2][2][1][ ]
[1][1][2][2][1][1][2]

Player 2 Move (Score: 0):
Current player: 1
[ ][ ][ ][ ][ ][ ][ ]
[ ][ ][ ][ ][ ][ ][ ]
[ ][ ][ ][ ][ ][ ][ ]
[ ][2][1][ ][2][ ][ ]
[1][1][2][2][2][1][ ]
[1][1][2][2][1][1][2]

Player 1 Move (Score: -9770):
Current player: 2
[ ][ ][ ][ ][ ][ ][ ]
[ ][ ][ ][ ][ ][ ][ ]
[ ][ ][ ][ ][1][ ][ ]
[ ][2][1][ ][2][ ][ ]
[1][1][2][2][2][1][ ]
[1][1][2][2][1][1][2]

Player 2 Move (Score: -9770):
Current player: 1
[ ][ ][ ][ ][ ][ ][ ]
[ ][ ][ ][ ][ ][ ][ ]
[ ][ ][ ][ ][1][ ][ ]
[ ][2][1][ ][2][2][ ]
[1][1][2][2][2][1][ ]
[1][1][2][2][1][1][2]

Player 1 Move (Score: 0):
Current player: 2
[ ][ ][ ][ ][ ][ ][ ]
[ ][ ][ ][ ][ ][ ][ ]
[ ][ ][ ][ ][1][1][ ]
[ ][2][1][ ][2][2][ ]
[1][1][2][2][2][1][ ]
[1][1][2][2][1][1][2]

Player 2 Move (Score: 0):
Current player: 1
[ ][ ][ ][ ][ ][ ][ ]
[ ][ ][ ][ ][ ][ ][ ]
[ ][ ][2][ ][1][1][ ]
[ ][2][1][ ][2][2][ ]
[1][1][2][2][2][1][ ]
[1][1][2][2][1][1][2]

Player 1 Move (Score: 20000):
Current player: 2
[ ][ ][ ][ ][ ][ ][ ]
[ ][ ][ ][ ][ ][1][ ]
[ ][ ][2][ ][1][1][ ]
[ ][2][1][ ][2][2][ ]
[1][1][2][2][2][1][ ]
[1][1][2][2][1][1][2]

Player 2 Move (Score: 20000):
Current player: 1
[ ][ ][ ][ ][ ][ ][ ]
[ ][ ][ ][ ][2][1][ ]
[ ][ ][2][ ][1][1][ ]
[ ][2][1][ ][2][2][ ]
[1][1][2][2][2][1][ ]
[1][1][2][2][1][1][2]

Player 1 Move (Score: 20000):
Current player: 2
[ ][ ][ ][ ][1][ ][ ]
[ ][ ][ ][ ][2][1][ ]
[ ][ ][2][ ][1][1][ ]
[ ][2][1][ ][2][2][ ]
[1][1][2][2][2][1][ ]
[1][1][2][2][1][1][2]

Player 2 Move (Score: 20000):
Current player: 1
[ ][ ][ ][ ][1][ ][ ]
[ ][ ][ ][ ][2][1][ ]
[ ][2][2][ ][1][1][ ]
[ ][2][1][ ][2][2][ ]
[1][1][2][2][2][1][ ]
[1][1][2][2][1][1][2]

Player 1 Move (Score: 19900):
Current player: 2
[ ][ ][ ][ ][1][ ][ ]
[ ][1][ ][ ][2][1][ ]
[ ][2][2][ ][1][1][ ]
[ ][2][1][ ][2][2][ ]
[1][1][2][2][2][1][ ]
[1][1][2][2][1][1][2]

Player 2 Move (Score: 19900):
Current player: 1
[ ][ ][ ][ ][1][ ][ ]
[ ][1][ ][ ][2][1][ ]
[ ][2][2][ ][1][1][ ]
[2][2][1][ ][2][2][ ]
[1][1][2][2][2][1][ ]
[1][1][2][2][1][1][2]

Player 1 Move (Score: 20100):
Current player: 2
[ ][ ][ ][ ][1][ ][ ]
[ ][1][ ][ ][2][1][ ]
[1][2][2][ ][1][1][ ]
[2][2][1][ ][2][2][ ]
[1][1][2][2][2][1][ ]
[1][1][2][2][1][1][2]

Player 2 Move (Score: 20100):
Current player: 1
[ ][ ][ ][ ][1][ ][ ]
[ ][1][2][ ][2][1][ ]
[1][2][2][ ][1][1][ ]
[2][2][1][ ][2][2][ ]
[1][1][2][2][2][1][ ]
[1][1][2][2][1][1][2]

Player 1 Move (Score: 20130):
Current player: 2
[ ][ ][ ][ ][1][1][ ]
[ ][1][2][ ][2][1][ ]
[1][2][2][ ][1][1][ ]
[2][2][1][ ][2][2][ ]
[1][1][2][2][2][1][ ]
[1][1][2][2][1][1][2]

Player 2 Move (Score: 20130):
Current player: 1
[ ][ ][ ][ ][1][1][ ]
[ ][1][2][ ][2][1][ ]
[1][2][2][ ][1][1][ ]
[2][2][1][ ][2][2][ ]
[1][1][2][2][2][1][2]
[1][1][2][2][1][1][2]

Player 1 Move (Score: 10130):
Current player: 2
[ ][1][ ][ ][1][1][ ]
[ ][1][2][ ][2][1][ ]
[1][2][2][ ][1][1][ ]
[2][2][1][ ][2][2][ ]
[1][1][2][2][2][1][2]
[1][1][2][2][1][1][2]

Player 2 Move (Score: 10130):
Current player: 1
[ ][1][ ][ ][1][1][ ]
[ ][1][2][ ][2][1][ ]
[1][2][2][ ][1][1][ ]
[2][2][1][ ][2][2][2]
[1][1][2][2][2][1][2]
[1][1][2][2][1][1][2]

Player 1 Move (Score: -1999970):
Current player: 2
[ ][1][ ][ ][1][1][ ]
[ ][1][2][ ][2][1][ ]
[1][2][2][ ][1][1][1]
[2][2][1][ ][2][2][2]
[1][1][2][2][2][1][2]
[1][1][2][2][1][1][2]

Player 2 Move (Score: -1999970):
Current player: 1
[ ][1][ ][ ][1][1][ ]
[ ][1][2][ ][2][1][ ]
[1][2][2][ ][1][1][1]
[2][2][1][2][2][2][2]
[1][1][2][2][2][1][2]
[1][1][2][2][1][1][2]

Result: Player 2 Wins

Simulating game 9/10 (Player 1 Depth: 3, Player 2 Depth: 2)
Player 1 Move (Score: 100):
Current player: 2
[ ][ ][ ][ ][ ][ ][ ]
[ ][ ][ ][ ][ ][ ][ ]
[ ][ ][ ][ ][ ][ ][ ]
[ ][ ][ ][ ][ ][ ][ ]
[ ][ ][ ][ ][ ][ ][ ]
[1][ ][ ][ ][ ][ ][ ]

Player 2 Move (Score: 100):
Current player: 1
[ ][ ][ ][ ][ ][ ][ ]
[ ][ ][ ][ ][ ][ ][ ]
[ ][ ][ ][ ][ ][ ][ ]
[ ][ ][ ][ ][ ][ ][ ]
[ ][ ][ ][ ][ ][ ][ ]
[1][ ][ ][ ][ ][2][ ]

Player 1 Move (Score: 200):
Current player: 2
[ ][ ][ ][ ][ ][ ][ ]
[ ][ ][ ][ ][ ][ ][ ]
[ ][ ][ ][ ][ ][ ][ ]
[ ][ ][ ][ ][ ][ ][ ]
[ ][ ][ ][ ][ ][ ][ ]
[1][ ][ ][ ][ ][2][1]

Player 2 Move (Score: 0):
Current player: 1
[ ][ ][ ][ ][ ][ ][ ]
[ ][ ][ ][ ][ ][ ][ ]
[ ][ ][ ][ ][ ][ ][ ]
[ ][ ][ ][ ][ ][ ][ ]
[ ][ ][ ][ ][ ][2][ ]
[1][ ][ ][ ][ ][2][1]

Player 1 Move (Score: 100):
Current player: 2
[ ][ ][ ][ ][ ][ ][ ]
[ ][ ][ ][ ][ ][ ][ ]
[ ][ ][ ][ ][ ][ ][ ]
[ ][ ][ ][ ][ ][ ][ ]
[ ][ ][ ][ ][ ][2][ ]
[1][1][ ][ ][ ][2][1]

Player 2 Move (Score: 100):
Current player: 1
[ ][ ][ ][ ][ ][ ][ ]
[ ][ ][ ][ ][ ][ ][ ]
[ ][ ][ ][ ][ ][ ][ ]
[ ][ ][ ][ ][ ][2][ ]
[ ][ ][ ][ ][ ][2][ ]
[1][1][ ][ ][ ][2][1]

Player 1 Move (Score: 200):
Current player: 2
[ ][ ][ ][ ][ ][ ][ ]
[ ][ ][ ][ ][ ][ ][ ]
[ ][ ][ ][ ][ ][ ][ ]
[ ][ ][ ][ ][ ][2][ ]
[ ][ ][ ][ ][ ][2][1]
[1][1][ ][ ][ ][2][1]

Player 2 Move (Score: -2009900):
Current player: 1
[ ][ ][ ][ ][ ][ ][ ]
[ ][ ][ ][ ][ ][ ][ ]
[ ][ ][ ][ ][ ][2][ ]
[ ][ ][ ][ ][ ][2][ ]
[ ][ ][ ][ ][ ][2][1]
[1][1][ ][ ][ ][2][1]

Result: Player 2 Wins

Simulating game 10/10 (Player 1 Depth: 3, Player 2 Depth: 2)
Player 1 Move (Score: 100):
Current player: 2
[ ][ ][ ][ ][ ][ ][ ]
[ ][ ][ ][ ][ ][ ][ ]
[ ][ ][ ][ ][ ][ ][ ]
[ ][ ][ ][ ][ ][ ][ ]
[ ][ ][ ][ ][ ][ ][ ]
[ ][ ][ ][ ][ ][ ][1]

Player 2 Move (Score: 100):
Current player: 1
[ ][ ][ ][ ][ ][ ][ ]
[ ][ ][ ][ ][ ][ ][ ]
[ ][ ][ ][ ][ ][ ][ ]
[ ][ ][ ][ ][ ][ ][ ]
[ ][ ][ ][ ][ ][ ][ ]
[ ][2][ ][ ][ ][ ][1]

Player 1 Move (Score: 400):
Current player: 2
[ ][ ][ ][ ][ ][ ][ ]
[ ][ ][ ][ ][ ][ ][ ]
[ ][ ][ ][ ][ ][ ][ ]
[ ][ ][ ][ ][ ][ ][ ]
[ ][ ][ ][ ][ ][ ][ ]
[ ][2][ ][ ][ ][1][1]

Player 2 Move (Score: 400):
Current player: 1
[ ][ ][ ][ ][ ][ ][ ]
[ ][ ][ ][ ][ ][ ][ ]
[ ][ ][ ][ ][ ][ ][ ]
[ ][ ][ ][ ][ ][ ][ ]
[ ][ ][ ][ ][ ][ ][ ]
[ ][2][ ][ ][2][1][1]

Player 1 Move (Score: 730):
Current player: 2
[ ][ ][ ][ ][ ][ ][ ]
[ ][ ][ ][ ][ ][ ][ ]
[ ][ ][ ][ ][ ][ ][ ]
[ ][ ][ ][ ][ ][ ][ ]
[ ][ ][ ][ ][ ][1][ ]
[ ][2][ ][ ][2][1][1]

Player 2 Move (Score: 730):
Current player: 1
[ ][ ][ ][ ][ ][ ][ ]
[ ][ ][ ][ ][ ][ ][ ]
[ ][ ][ ][ ][ ][ ][ ]
[ ][ ][ ][ ][ ][2][ ]
[ ][ ][ ][ ][ ][1][ ]
[ ][2][ ][ ][2][1][1]

Player 1 Move (Score: 10600):
Current player: 2
[ ][ ][ ][ ][ ][ ][ ]
[ ][ ][ ][ ][ ][ ][ ]
[ ][ ][ ][ ][ ][ ][ ]
[ ][ ][ ][ ][ ][2][ ]
[ ][ ][ ][ ][ ][1][1]
[ ][2][ ][ ][2][1][1]

Player 2 Move (Score: 10600):
Current player: 1
[ ][ ][ ][ ][ ][ ][ ]
[ ][ ][ ][ ][ ][ ][ ]
[ ][ ][ ][ ][ ][ ][ ]
[ ][ ][ ][ ][ ][2][2]
[ ][ ][ ][ ][ ][1][1]
[ ][2][ ][ ][2][1][1]

Player 1 Move (Score: 10500):
Current player: 2
[ ][ ][ ][ ][ ][ ][ ]
[ ][ ][ ][ ][ ][ ][ ]
[ ][ ][ ][ ][ ][ ][1]
[ ][ ][ ][ ][ ][2][2]
[ ][ ][ ][ ][ ][1][1]
[ ][2][ ][ ][2][1][1]

Player 2 Move (Score: 10400):
Current player: 1
[ ][ ][ ][ ][ ][ ][ ]
[ ][ ][ ][ ][ ][ ][ ]
[ ][ ][ ][ ][ ][2][1]
[ ][ ][ ][ ][ ][2][2]
[ ][ ][ ][ ][ ][1][1]
[ ][2][ ][ ][2][1][1]

Player 1 Move (Score: 10300):
Current player: 2
[ ][ ][ ][ ][ ][ ][ ]
[ ][ ][ ][ ][ ][ ][1]
[ ][ ][ ][ ][ ][2][1]
[ ][ ][ ][ ][ ][2][2]
[ ][ ][ ][ ][ ][1][1]
[ ][2][ ][ ][2][1][1]

Player 2 Move (Score: 500):
Current player: 1
[ ][ ][ ][ ][ ][ ][ ]
[ ][ ][ ][ ][ ][2][1]
[ ][ ][ ][ ][ ][2][1]
[ ][ ][ ][ ][ ][2][2]
[ ][ ][ ][ ][ ][1][1]
[ ][2][ ][ ][2][1][1]

Player 1 Move (Score: 10200):
Current player: 2
[ ][ ][ ][ ][ ][1][ ]
[ ][ ][ ][ ][ ][2][1]
[ ][ ][ ][ ][ ][2][1]
[ ][ ][ ][ ][ ][2][2]
[ ][ ][ ][ ][ ][1][1]
[ ][2][ ][ ][2][1][1]

Player 2 Move (Score: 10200):
Current player: 1
[ ][ ][ ][ ][ ][1][2]
[ ][ ][ ][ ][ ][2][1]
[ ][ ][ ][ ][ ][2][1]
[ ][ ][ ][ ][ ][2][2]
[ ][ ][ ][ ][ ][1][1]
[ ][2][ ][ ][2][1][1]

Player 1 Move (Score: 10100):
Current player: 2
[ ][ ][ ][ ][ ][1][2]
[ ][ ][ ][ ][ ][2][1]
[ ][ ][ ][ ][ ][2][1]
[ ][ ][ ][ ][ ][2][2]
[ ][1][ ][ ][ ][1][1]
[ ][2][ ][ ][2][1][1]

Player 2 Move (Score: 10100):
Current player: 1
[ ][ ][ ][ ][ ][1][2]
[ ][ ][ ][ ][ ][2][1]
[ ][ ][ ][ ][ ][2][1]
[ ][ ][ ][ ][ ][2][2]
[ ][1][ ][ ][ ][1][1]
[ ][2][2][ ][2][1][1]

Player 1 Move (Score: 0):
Current player: 2
[ ][ ][ ][ ][ ][1][2]
[ ][ ][ ][ ][ ][2][1]
[ ][ ][ ][ ][ ][2][1]
[ ][ ][ ][ ][ ][2][2]
[ ][1][ ][ ][ ][1][1]
[ ][2][2][1][2][1][1]

Player 2 Move (Score: 0):
Current player: 1
[ ][ ][ ][ ][ ][1][2]
[ ][ ][ ][ ][ ][2][1]
[ ][ ][ ][ ][ ][2][1]
[ ][ ][ ][ ][ ][2][2]
[ ][1][ ][2][ ][1][1]
[ ][2][2][1][2][1][1]

Player 1 Move (Score: 29900):
Current player: 2
[ ][ ][ ][ ][ ][1][2]
[ ][ ][ ][ ][ ][2][1]
[ ][ ][ ][ ][ ][2][1]
[ ][ ][ ][ ][ ][2][2]
[ ][1][ ][2][1][1][1]
[ ][2][2][1][2][1][1]

Player 2 Move (Score: -2010400):
Current player: 1
[ ][ ][ ][ ][ ][1][2]
[ ][ ][ ][ ][ ][2][1]
[ ][ ][ ][ ][ ][2][1]
[ ][ ][ ][ ][2][2][2]
[ ][1][ ][2][1][1][1]
[ ][2][2][1][2][1][1]

Result: Player 2 Wins

