Simulating game 1/10 (Player 1 Depth: 4, Player 2 Depth: 2)
Player 1 Move (Score: 0):
Current player: 2
[ ][ ][ ][ ][ ][ ][ ]
[ ][ ][ ][ ][ ][ ][ ]
[ ][ ][ ][ ][ ][ ][ ]
[ ][ ][ ][ ][ ][ ][ ]
[ ][ ][ ][ ][ ][ ][ ]
[ ][ ][1][ ][ ][ ][ ]

Player 2 Move (Score: 0):
Current player: 1
[ ][ ][ ][ ][ ][ ][ ]
[ ][ ][ ][ ][ ][ ][ ]
[ ][ ][ ][ ][ ][ ][ ]
[ ][ ][ ][ ][ ][ ][ ]
[ ][ ][ ][ ][ ][ ][ ]
[ ][ ][1][ ][2][ ][ ]

Player 1 Move (Score: 0):
Current player: 2
[ ][ ][ ][ ][ ][ ][ ]
[ ][ ][ ][ ][ ][ ][ ]
[ ][ ][ ][ ][ ][ ][ ]
[ ][ ][ ][ ][ ][ ][ ]
[ ][ ][ ][ ][ ][ ][ ]
[ ][ ][1][ ][2][1][ ]

Player 2 Move (Score: 0):
Current player: 1
[ ][ ][ ][ ][ ][ ][ ]
[ ][ ][ ][ ][ ][ ][ ]
[ ][ ][ ][ ][ ][ ][ ]
[ ][ ][ ][ ][ ][ ][ ]
[ ][ ][ ][ ][ ][ ][ ]
[2][ ][1][ ][2][1][ ]

Player 1 Move (Score: 250):
Current player: 2
[ ][ ][ ][ ][ ][ ][ ]
[ ][ ][ ][ ][ ][ ][ ]
[ ][ ][ ][ ][ ][ ][ ]
[ ][ ][ ][ ][ ][ ][ ]
[ ][ ][ ][ ][1][ ][ ]
[2][ ][1][ ][2][1][ ]

Player 2 Move (Score: -300):
Current player: 1
[ ][ ][ ][ ][ ][ ][ ]
[ ][ ][ ][ ][ ][ ][ ]
[ ][ ][ ][ ][ ][ ][ ]
[ ][ ][ ][ ][ ][ ][ ]
[ ][ ][ ][ ][1][2][ ]
[2][ ][1][ ][2][1][ ]

Player 1 Move (Score: 270):
Current player: 2
[ ][ ][ ][ ][ ][ ][ ]
[ ][ ][ ][ ][ ][ ][ ]
[ ][ ][ ][ ][ ][ ][ ]
[ ][ ][ ][ ][1][ ][ ]
[ ][ ][ ][ ][1][2][ ]
[2][ ][1][ ][2][1][ ]

Player 2 Move (Score: -400):
Current player: 1
[ ][ ][ ][ ][ ][ ][ ]
[ ][ ][ ][ ][ ][ ][ ]
[ ][ ][ ][ ][ ][ ][ ]
[ ][ ][ ][ ][1][ ][ ]
[ ][ ][2][ ][1][2][ ]
[2][ ][1][ ][2][1][ ]

Player 1 Move (Score: 430):
Current player: 2
[ ][ ][ ][ ][ ][ ][ ]
[ ][ ][ ][ ][ ][ ][ ]
[ ][ ][ ][ ][ ][ ][ ]
[ ][ ][ ][ ][1][1][ ]
[ ][ ][2][ ][1][2][ ]
[2][ ][1][ ][2][1][ ]

Player 2 Move (Score: -600):
Current player: 1
[ ][ ][ ][ ][ ][ ][ ]
[ ][ ][ ][ ][ ][ ][ ]
[ ][ ][ ][ ][ ][2][ ]
[ ][ ][ ][ ][1][1][ ]
[ ][ ][2][ ][1][2][ ]
[2][ ][1][ ][2][1][ ]

Player 1 Move (Score: 730):
Current player: 2
[ ][ ][ ][ ][ ][ ][ ]
[ ][ ][ ][ ][ ][1][ ]
[ ][ ][ ][ ][ ][2][ ]
[ ][ ][ ][ ][1][1][ ]
[ ][ ][2][ ][1][2][ ]
[2][ ][1][ ][2][1][ ]

Player 2 Move (Score: -600):
Current player: 1
[ ][ ][ ][ ][ ][2][ ]
[ ][ ][ ][ ][ ][1][ ]
[ ][ ][ ][ ][ ][2][ ]
[ ][ ][ ][ ][1][1][ ]
[ ][ ][2][ ][1][2][ ]
[2][ ][1][ ][2][1][ ]

Player 1 Move (Score: 730):
Current player: 2
[ ][ ][ ][ ][ ][2][ ]
[ ][ ][ ][ ][ ][1][ ]
[ ][ ][ ][ ][ ][2][ ]
[ ][ ][ ][ ][1][1][ ]
[ ][ ][2][ ][1][2][ ]
[2][ ][1][1][2][1][ ]

Player 2 Move (Score: -10500):
Current player: 1
[ ][ ][ ][ ][ ][2][ ]
[ ][ ][ ][ ][ ][1][ ]
[ ][ ][ ][ ][ ][2][ ]
[ ][ ][ ][ ][1][1][ ]
[ ][ ][2][ ][1][2][ ]
[2][ ][1][1][2][1][2]

Player 1 Move (Score: 20500):
Current player: 2
[ ][ ][ ][ ][ ][2][ ]
[ ][ ][ ][ ][ ][1][ ]
[ ][ ][ ][ ][1][2][ ]
[ ][ ][ ][ ][1][1][ ]
[ ][ ][2][ ][1][2][ ]
[2][ ][1][1][2][1][2]

Player 2 Move (Score: -21030):
Current player: 1
[ ][ ][ ][ ][ ][2][ ]
[ ][ ][ ][ ][ ][1][ ]
[ ][ ][ ][ ][1][2][ ]
[ ][ ][ ][ ][1][1][ ]
[ ][ ][2][ ][1][2][ ]
[2][2][1][1][2][1][2]

Player 1 Move (Score: 29700):
Current player: 2
[ ][ ][ ][ ][ ][2][ ]
[ ][ ][ ][ ][ ][1][ ]
[ ][ ][ ][ ][1][2][ ]
[ ][ ][ ][ ][1][1][ ]
[ ][ ][2][1][1][2][ ]
[2][2][1][1][2][1][2]

Player 2 Move (Score: -21060):
Current player: 1
[ ][ ][ ][ ][ ][2][ ]
[ ][ ][ ][ ][ ][1][ ]
[ ][ ][ ][ ][1][2][ ]
[ ][ ][ ][ ][1][1][ ]
[2][ ][2][1][1][2][ ]
[2][2][1][1][2][1][2]

Player 1 Move (Score: 72000):
Current player: 2
[ ][ ][ ][ ][ ][2][ ]
[ ][ ][ ][ ][ ][1][ ]
[ ][ ][ ][ ][1][2][ ]
[ ][ ][ ][1][1][1][ ]
[2][ ][2][1][1][2][ ]
[2][2][1][1][2][1][2]

Player 2 Move (Score: -102430):
Current player: 1
[ ][ ][ ][ ][ ][2][ ]
[ ][ ][ ][ ][ ][1][ ]
[ ][ ][ ][ ][1][2][ ]
[ ][ ][ ][1][1][1][ ]
[2][2][2][1][1][2][ ]
[2][2][1][1][2][1][2]

Player 1 Move (Score: -1909800):
Current player: 2
[ ][ ][ ][ ][ ][2][ ]
[ ][ ][ ][ ][ ][1][ ]
[ ][ ][ ][ ][1][2][ ]
[ ][ ][ ][1][1][1][ ]
[2][2][2][1][1][2][1]
[2][2][1][1][2][1][2]

Player 2 Move (Score: -120200):
Current player: 1
[ ][ ][ ][ ][ ][2][ ]
[ ][ ][ ][ ][ ][1][ ]
[ ][ ][ ][ ][1][2][ ]
[ ][ ][ ][1][1][1][2]
[2][2][2][1][1][2][1]
[2][2][1][1][2][1][2]

Player 1 Move (Score: -1919800):
Current player: 2
[ ][ ][ ][ ][ ][2][ ]
[ ][ ][ ][ ][ ][1][ ]
[ ][ ][ ][ ][1][2][ ]
[ ][1][ ][1][1][1][2]
[2][2][2][1][1][2][1]
[2][2][1][1][2][1][2]

Player 2 Move (Score: -120000):
Current player: 1
[ ][ ][ ][ ][ ][2][ ]
[ ][ ][ ][ ][ ][1][ ]
[ ][2][ ][ ][1][2][ ]
[ ][1][ ][1][1][1][2]
[2][2][2][1][1][2][1]
[2][2][1][1][2][1][2]

Player 1 Move (Score: -1919700):
Current player: 2
[ ][ ][ ][ ][ ][2][ ]
[ ][ ][ ][ ][ ][1][ ]
[ ][2][ ][ ][1][2][ ]
[1][1][ ][1][1][1][2]
[2][2][2][1][1][2][1]
[2][2][1][1][2][1][2]

Player 2 Move (Score: -120100):
Current player: 1
[ ][ ][ ][ ][ ][2][ ]
[ ][2][ ][ ][ ][1][ ]
[ ][2][ ][ ][1][2][ ]
[1][1][ ][1][1][1][2]
[2][2][2][1][1][2][1]
[2][2][1][1][2][1][2]

Player 1 Move (Score: -1910000):
Current player: 2
[ ][ ][ ][ ][ ][2][ ]
[ ][2][ ][ ][ ][1][ ]
[1][2][ ][ ][1][2][ ]
[1][1][ ][1][1][1][2]
[2][2][2][1][1][2][1]
[2][2][1][1][2][1][2]

Player 2 Move (Score: -130100):
Current player: 1
[ ][2][ ][ ][ ][2][ ]
[ ][2][ ][ ][ ][1][ ]
[1][2][ ][ ][1][2][ ]
[1][1][ ][1][1][1][2]
[2][2][2][1][1][2][1]
[2][2][1][1][2][1][2]

Player 1 Move (Score: -2110100):
Current player: 2
[ ][2][ ][ ][ ][2][ ]
[1][2][ ][ ][ ][1][ ]
[1][2][ ][ ][1][2][ ]
[1][1][ ][1][1][1][2]
[2][2][2][1][1][2][1]
[2][2][1][1][2][1][2]

Player 2 Move (Score: -2110100):
Current player: 1
[ ][2][ ][ ][ ][2][ ]
[1][2][ ][ ][ ][1][ ]
[1][2][ ][2][1][2][ ]
[1][1][ ][1][1][1][2]
[2][2][2][1][1][2][1]
[2][2][1][1][2][1][2]

Player 1 Move (Score: -2110100):
Current player: 2
[ ][2][ ][ ][ ][2][ ]
[1][2][ ][ ][ ][1][ ]
[1][2][ ][2][1][2][1]
[1][1][ ][1][1][1][2]
[2][2][2][1][1][2][1]
[2][2][1][1][2][1][2]

Result: Player 1 Wins

Simulating game 2/10 (Player 1 Depth: 4, Player 2 Depth: 2)
Player 1 Move (Score: 0):
Current player: 2
[ ][ ][ ][ ][ ][ ][ ]
[ ][ ][ ][ ][ ][ ][ ]
[ ][ ][ ][ ][ ][ ][ ]
[ ][ ][ ][ ][ ][ ][ ]
[ ][ ][ ][ ][ ][ ][ ]
[ ][ ][ ][ ][1][ ][ ]

Player 2 Move (Score: 0):
Current player: 1
[ ][ ][ ][ ][ ][ ][ ]
[ ][ ][ ][ ][ ][ ][ ]
[ ][ ][ ][ ][ ][ ][ ]
[ ][ ][ ][ ][ ][ ][ ]
[ ][ ][ ][ ][ ][ ][ ]
[ ][ ][2][ ][1][ ][ ]

Player 1 Move (Score: -100):
Current player: 2
[ ][ ][ ][ ][ ][ ][ ]
[ ][ ][ ][ ][ ][ ][ ]
[ ][ ][ ][ ][ ][ ][ ]
[ ][ ][ ][ ][ ][ ][ ]
[ ][ ][ ][ ][ ][ ][ ]
[1][ ][2][ ][1][ ][ ]

Player 2 Move (Score: 0):
Current player: 1
[ ][ ][ ][ ][ ][ ][ ]
[ ][ ][ ][ ][ ][ ][ ]
[ ][ ][ ][ ][ ][ ][ ]
[ ][ ][ ][ ][ ][ ][ ]
[ ][ ][ ][ ][ ][ ][ ]
[1][2][2][ ][1][ ][ ]

Player 1 Move (Score: 0):
Current player: 2
[ ][ ][ ][ ][ ][ ][ ]
[ ][ ][ ][ ][ ][ ][ ]
[ ][ ][ ][ ][ ][ ][ ]
[ ][ ][ ][ ][ ][ ][ ]
[ ][1][ ][ ][ ][ ][ ]
[1][2][2][ ][1][ ][ ]

Player 2 Move (Score: -100):
Current player: 1
[ ][ ][ ][ ][ ][ ][ ]
[ ][ ][ ][ ][ ][ ][ ]
[ ][ ][ ][ ][ ][ ][ ]
[ ][ ][ ][ ][ ][ ][ ]
[ ][1][ ][ ][2][ ][ ]
[1][2][2][ ][1][ ][ ]

Player 1 Move (Score: 300):
Current player: 2
[ ][ ][ ][ ][ ][ ][ ]
[ ][ ][ ][ ][ ][ ][ ]
[ ][ ][ ][ ][ ][ ][ ]
[ ][ ][ ][ ][ ][ ][ ]
[ ][1][1][ ][2][ ][ ]
[1][2][2][ ][1][ ][ ]

Player 2 Move (Score: -200):
Current player: 1
[ ][ ][ ][ ][ ][ ][ ]
[ ][ ][ ][ ][ ][ ][ ]
[ ][ ][ ][ ][ ][ ][ ]
[ ][2][ ][ ][ ][ ][ ]
[ ][1][1][ ][2][ ][ ]
[1][2][2][ ][1][ ][ ]

Player 1 Move (Score: 10200):
Current player: 2
[ ][ ][ ][ ][ ][ ][ ]
[ ][ ][ ][ ][ ][ ][ ]
[ ][ ][ ][ ][ ][ ][ ]
[ ][2][ ][ ][ ][ ][ ]
[ ][1][1][ ][2][ ][ ]
[1][2][2][1][1][ ][ ]

Player 2 Move (Score: -200):
Current player: 1
[ ][ ][ ][ ][ ][ ][ ]
[ ][ ][ ][ ][ ][ ][ ]
[ ][ ][ ][ ][ ][ ][ ]
[ ][2][ ][ ][ ][ ][ ]
[ ][1][1][ ][2][ ][ ]
[1][2][2][1][1][ ][2]

Player 1 Move (Score: 9900):
Current player: 2
[ ][ ][ ][ ][ ][ ][ ]
[ ][ ][ ][ ][ ][ ][ ]
[ ][ ][ ][ ][ ][ ][ ]
[ ][2][1][ ][ ][ ][ ]
[ ][1][1][ ][2][ ][ ]
[1][2][2][1][1][ ][2]

Player 2 Move (Score: -10300):
Current player: 1
[ ][ ][ ][ ][ ][ ][ ]
[ ][ ][ ][ ][ ][ ][ ]
[ ][ ][ ][ ][ ][ ][ ]
[ ][2][1][ ][ ][ ][ ]
[ ][1][1][ ][2][ ][2]
[1][2][2][1][1][ ][2]

Player 1 Move (Score: 20000):
Current player: 2
[ ][ ][ ][ ][ ][ ][ ]
[ ][ ][ ][ ][ ][ ][ ]
[ ][ ][ ][ ][ ][ ][ ]
[ ][2][1][ ][ ][ ][ ]
[ ][1][1][1][2][ ][2]
[1][2][2][1][1][ ][2]

Player 2 Move (Score: -40300):
Current player: 1
[ ][ ][ ][ ][ ][ ][ ]
[ ][ ][ ][ ][ ][ ][ ]
[ ][ ][ ][ ][ ][ ][ ]
[ ][2][1][ ][2][ ][ ]
[ ][1][1][1][2][ ][2]
[1][2][2][1][1][ ][2]

Player 1 Move (Score: 29720):
Current player: 2
[ ][ ][ ][ ][ ][ ][ ]
[ ][ ][ ][ ][ ][ ][ ]
[ ][ ][ ][ ][ ][ ][ ]
[ ][2][1][1][2][ ][ ]
[ ][1][1][1][2][ ][2]
[1][2][2][1][1][ ][2]

Player 2 Move (Score: -50500):
Current player: 1
[ ][ ][ ][ ][ ][ ][ ]
[ ][ ][ ][ ][ ][ ][ ]
[ ][ ][ ][ ][ ][ ][ ]
[ ][2][1][1][2][ ][ ]
[ ][1][1][1][2][ ][2]
[1][2][2][1][1][2][2]

Player 1 Move (Score: 29850):
Current player: 2
[ ][ ][ ][ ][ ][ ][ ]
[ ][ ][ ][ ][ ][ ][ ]
[ ][ ][ ][ ][ ][ ][ ]
[ ][2][1][1][2][ ][ ]
[ ][1][1][1][2][1][2]
[1][2][2][1][1][2][2]

Player 2 Move (Score: -50300):
Current player: 1
[ ][ ][ ][ ][ ][ ][ ]
[ ][ ][ ][ ][ ][ ][ ]
[ ][ ][ ][ ][ ][ ][ ]
[ ][2][1][1][2][2][ ]
[ ][1][1][1][2][1][2]
[1][2][2][1][1][2][2]

Player 1 Move (Score: 40200):
Current player: 2
[ ][ ][ ][ ][ ][ ][ ]
[ ][ ][ ][ ][ ][ ][ ]
[ ][ ][ ][ ][ ][1][ ]
[ ][2][1][1][2][2][ ]
[ ][1][1][1][2][1][2]
[1][2][2][1][1][2][2]

Player 2 Move (Score: -50100):
Current player: 1
[ ][ ][ ][ ][ ][ ][ ]
[ ][ ][ ][ ][ ][2][ ]
[ ][ ][ ][ ][ ][1][ ]
[ ][2][1][1][2][2][ ]
[ ][1][1][1][2][1][2]
[1][2][2][1][1][2][2]

Player 1 Move (Score: 19900):
Current player: 2
[ ][ ][ ][ ][ ][ ][ ]
[ ][ ][ ][ ][ ][2][ ]
[ ][ ][1][ ][ ][1][ ]
[ ][2][1][1][2][2][ ]
[ ][1][1][1][2][1][2]
[1][2][2][1][1][2][2]

Player 2 Move (Score: -60400):
Current player: 1
[ ][ ][ ][ ][ ][2][ ]
[ ][ ][ ][ ][ ][2][ ]
[ ][ ][1][ ][ ][1][ ]
[ ][2][1][1][2][2][ ]
[ ][1][1][1][2][1][2]
[1][2][2][1][1][2][2]

Player 1 Move (Score: 20100):
Current player: 2
[ ][ ][ ][ ][ ][2][ ]
[ ][ ][ ][ ][ ][2][ ]
[ ][ ][1][ ][ ][1][ ]
[ ][2][1][1][2][2][1]
[ ][1][1][1][2][1][2]
[1][2][2][1][1][2][2]

Player 2 Move (Score: -60400):
Current player: 1
[ ][ ][ ][ ][ ][2][ ]
[ ][ ][ ][ ][ ][2][ ]
[ ][ ][1][ ][ ][1][2]
[ ][2][1][1][2][2][1]
[ ][1][1][1][2][1][2]
[1][2][2][1][1][2][2]

Player 1 Move (Score: 30000):
Current player: 2
[ ][ ][ ][ ][ ][2][ ]
[ ][ ][ ][ ][ ][2][1]
[ ][ ][1][ ][ ][1][2]
[ ][2][1][1][2][2][1]
[ ][1][1][1][2][1][2]
[1][2][2][1][1][2][2]

Player 2 Move (Score: -60600):
Current player: 1
[ ][ ][ ][ ][ ][2][2]
[ ][ ][ ][ ][ ][2][1]
[ ][ ][1][ ][ ][1][2]
[ ][2][1][1][2][2][1]
[ ][1][1][1][2][1][2]
[1][2][2][1][1][2][2]

Player 1 Move (Score: 29900):
Current player: 2
[ ][ ][ ][ ][ ][2][2]
[ ][ ][ ][ ][ ][2][1]
[ ][ ][1][ ][1][1][2]
[ ][2][1][1][2][2][1]
[ ][1][1][1][2][1][2]
[1][2][2][1][1][2][2]

Player 2 Move (Score: -60300):
Current player: 1
[ ][ ][ ][ ][ ][2][2]
[ ][ ][ ][ ][2][2][1]
[ ][ ][1][ ][1][1][2]
[ ][2][1][1][2][2][1]
[ ][1][1][1][2][1][2]
[1][2][2][1][1][2][2]

Player 1 Move (Score: 20000):
Current player: 2
[ ][ ][ ][ ][1][2][2]
[ ][ ][ ][ ][2][2][1]
[ ][ ][1][ ][1][1][2]
[ ][2][1][1][2][2][1]
[ ][1][1][1][2][1][2]
[1][2][2][1][1][2][2]

Player 2 Move (Score: -50300):
Current player: 1
[ ][ ][ ][ ][1][2][2]
[ ][ ][ ][ ][2][2][1]
[ ][ ][1][ ][1][1][2]
[ ][2][1][1][2][2][1]
[2][1][1][1][2][1][2]
[1][2][2][1][1][2][2]

Player 1 Move (Score: 10000):
Current player: 2
[ ][ ][ ][ ][1][2][2]
[ ][ ][ ][ ][2][2][1]
[ ][ ][1][ ][1][1][2]
[1][2][1][1][2][2][1]
[2][1][1][1][2][1][2]
[1][2][2][1][1][2][2]

Player 2 Move (Score: -50200):
Current player: 1
[ ][ ][ ][ ][1][2][2]
[ ][ ][ ][ ][2][2][1]
[2][ ][1][ ][1][1][2]
[1][2][1][1][2][2][1]
[2][1][1][1][2][1][2]
[1][2][2][1][1][2][2]

Player 1 Move (Score: -2050100):
Current player: 2
[ ][ ][ ][ ][1][2][2]
[1][ ][ ][ ][2][2][1]
[2][ ][1][ ][1][1][2]
[1][2][1][1][2][2][1]
[2][1][1][1][2][1][2]
[1][2][2][1][1][2][2]

Player 2 Move (Score: -2050100):
Current player: 1
[2][ ][ ][ ][1][2][2]
[1][ ][ ][ ][2][2][1]
[2][ ][1][ ][1][1][2]
[1][2][1][1][2][2][1]
[2][1][1][1][2][1][2]
[1][2][2][1][1][2][2]

Player 1 Move (Score: -2050100):
Current player: 2
[2][ ][ ][ ][1][2][2]
[1][ ][1][ ][2][2][1]
[2][ ][1][ ][1][1][2]
[1][2][1][1][2][2][1]
[2][1][1][1][2][1][2]
[1][2][2][1][1][2][2]

Result: Player 1 Wins

Simulating game 3/10 (Player 1 Depth: 4, Player 2 Depth: 2)
Player 1 Move (Score: 0):
Current player: 2
[ ][ ][ ][ ][ ][ ][ ]
[ ][ ][ ][ ][ ][ ][ ]
[ ][ ][ ][ ][ ][ ][ ]
[ ][ ][ ][ ][ ][ ][ ]
[ ][ ][ ][ ][ ][ ][ ]
[ ][ ][ ][ ][ ][ ][1]

Player 2 Move (Score: 0):
Current player: 1
[ ][ ][ ][ ][ ][ ][ ]
[ ][ ][ ][ ][ ][ ][ ]
[ ][ ][ ][ ][ ][ ][ ]
[ ][ ][ ][ ][ ][ ][ ]
[ ][ ][ ][ ][ ][ ][ ]
[ ][2][ ][ ][ ][ ][1]

Player 1 Move (Score: -100):
Current player: 2
[ ][ ][ ][ ][ ][ ][ ]
[ ][ ][ ][ ][ ][ ][ ]
[ ][ ][ ][ ][ ][ ][ ]
[ ][ ][ ][ ][ ][ ][ ]
[ ][ ][ ][ ][ ][ ][ ]
[ ][2][ ][ ][1][ ][1]

Player 2 Move (Score: 0):
Current player: 1
[ ][ ][ ][ ][ ][ ][ ]
[ ][ ][ ][ ][ ][ ][ ]
[ ][ ][ ][ ][ ][ ][ ]
[ ][ ][ ][ ][ ][ ][ ]
[ ][ ][ ][ ][ ][ ][ ]
[ ][2][ ][2][1][ ][1]

Player 1 Move (Score: -200):
Current player: 2
[ ][ ][ ][ ][ ][ ][ ]
[ ][ ][ ][ ][ ][ ][ ]
[ ][ ][ ][ ][ ][ ][ ]
[ ][ ][ ][ ][ ][ ][ ]
[ ][ ][ ][ ][ ][ ][1]
[ ][2][ ][2][1][ ][1]

Player 2 Move (Score: -100):
Current player: 1
[ ][ ][ ][ ][ ][ ][ ]
[ ][ ][ ][ ][ ][ ][ ]
[ ][ ][ ][ ][ ][ ][ ]
[ ][ ][ ][ ][ ][ ][ ]
[ ][ ][ ][ ][ ][ ][1]
[ ][2][2][2][1][ ][1]

Player 1 Move (Score: -300):
Current player: 2
[ ][ ][ ][ ][ ][ ][ ]
[ ][ ][ ][ ][ ][ ][ ]
[ ][ ][ ][ ][ ][ ][ ]
[ ][ ][ ][ ][ ][ ][ ]
[ ][ ][ ][ ][ ][ ][1]
[1][2][2][2][1][ ][1]

Player 2 Move (Score: -100):
Current player: 1
[ ][ ][ ][ ][ ][ ][ ]
[ ][ ][ ][ ][ ][ ][ ]
[ ][ ][ ][ ][ ][ ][ ]
[ ][ ][ ][ ][ ][ ][ ]
[ ][ ][ ][ ][2][ ][1]
[1][2][2][2][1][ ][1]

Player 1 Move (Score: -560):
Current player: 2
[ ][ ][ ][ ][ ][ ][ ]
[ ][ ][ ][ ][ ][ ][ ]
[ ][ ][ ][ ][ ][ ][ ]
[ ][ ][ ][ ][ ][ ][1]
[ ][ ][ ][ ][2][ ][1]
[1][2][2][2][1][ ][1]

Player 2 Move (Score: -10000):
Current player: 1
[ ][ ][ ][ ][ ][ ][ ]
[ ][ ][ ][ ][ ][ ][ ]
[ ][ ][ ][ ][ ][ ][ ]
[ ][ ][ ][ ][ ][ ][1]
[ ][2][ ][ ][2][ ][1]
[1][2][2][2][1][ ][1]

Player 1 Move (Score: -300):
Current player: 2
[ ][ ][ ][ ][ ][ ][ ]
[ ][ ][ ][ ][ ][ ][ ]
[ ][ ][ ][ ][ ][ ][ ]
[ ][ ][ ][ ][1][ ][1]
[ ][2][ ][ ][2][ ][1]
[1][2][2][2][1][ ][1]

Player 2 Move (Score: -9900):
Current player: 1
[ ][ ][ ][ ][ ][ ][ ]
[ ][ ][ ][ ][ ][ ][ ]
[ ][ ][ ][ ][2][ ][ ]
[ ][ ][ ][ ][1][ ][1]
[ ][2][ ][ ][2][ ][1]
[1][2][2][2][1][ ][1]

Player 1 Move (Score: -300):
Current player: 2
[ ][ ][ ][ ][ ][ ][ ]
[ ][ ][ ][ ][ ][ ][ ]
[ ][ ][ ][ ][2][ ][ ]
[ ][ ][ ][ ][1][ ][1]
[ ][2][ ][ ][2][ ][1]
[1][2][2][2][1][1][1]

Player 2 Move (Score: -9900):
Current player: 1
[ ][ ][ ][ ][ ][ ][ ]
[ ][ ][ ][ ][ ][ ][ ]
[ ][ ][ ][ ][2][ ][ ]
[ ][ ][ ][ ][1][ ][1]
[ ][2][ ][ ][2][2][1]
[1][2][2][2][1][1][1]

Player 1 Move (Score: -1979900):
Current player: 2
[ ][ ][ ][ ][ ][ ][ ]
[ ][ ][ ][ ][ ][ ][ ]
[ ][ ][ ][ ][2][ ][ ]
[ ][ ][ ][ ][1][ ][1]
[ ][2][ ][1][2][2][1]
[1][2][2][2][1][1][1]

Player 2 Move (Score: -10300):
Current player: 1
[ ][ ][ ][ ][ ][ ][ ]
[ ][ ][ ][ ][ ][ ][ ]
[ ][ ][ ][ ][2][ ][ ]
[ ][ ][ ][ ][1][ ][1]
[2][2][ ][1][2][2][1]
[1][2][2][2][1][1][1]

Player 1 Move (Score: -1970000):
Current player: 2
[ ][ ][ ][ ][ ][ ][ ]
[ ][ ][ ][ ][1][ ][ ]
[ ][ ][ ][ ][2][ ][ ]
[ ][ ][ ][ ][1][ ][1]
[2][2][ ][1][2][2][1]
[1][2][2][2][1][1][1]

Player 2 Move (Score: -10300):
Current player: 1
[ ][ ][ ][ ][2][ ][ ]
[ ][ ][ ][ ][1][ ][ ]
[ ][ ][ ][ ][2][ ][ ]
[ ][ ][ ][ ][1][ ][1]
[2][2][ ][1][2][2][1]
[1][2][2][2][1][1][1]

Player 1 Move (Score: -1969900):
Current player: 2
[ ][ ][ ][ ][2][ ][ ]
[ ][ ][ ][ ][1][ ][ ]
[ ][ ][ ][ ][2][ ][ ]
[ ][1][ ][ ][1][ ][1]
[2][2][ ][1][2][2][1]
[1][2][2][2][1][1][1]

Player 2 Move (Score: -10200):
Current player: 1
[ ][ ][ ][ ][2][ ][ ]
[ ][ ][ ][ ][1][ ][ ]
[ ][2][ ][ ][2][ ][ ]
[ ][1][ ][ ][1][ ][1]
[2][2][ ][1][2][2][1]
[1][2][2][2][1][1][1]

Player 1 Move (Score: -1970000):
Current player: 2
[ ][ ][ ][ ][2][ ][ ]
[ ][ ][ ][ ][1][ ][ ]
[ ][2][ ][ ][2][ ][ ]
[1][1][ ][ ][1][ ][1]
[2][2][ ][1][2][2][1]
[1][2][2][2][1][1][1]

Player 2 Move (Score: -10300):
Current player: 1
[ ][ ][ ][ ][2][ ][ ]
[ ][2][ ][ ][1][ ][ ]
[ ][2][ ][ ][2][ ][ ]
[1][1][ ][ ][1][ ][1]
[2][2][ ][1][2][2][1]
[1][2][2][2][1][1][1]

Player 1 Move (Score: -1969900):
Current player: 2
[ ][ ][ ][ ][2][ ][ ]
[ ][2][ ][ ][1][ ][ ]
[1][2][ ][ ][2][ ][ ]
[1][1][ ][ ][1][ ][1]
[2][2][ ][1][2][2][1]
[1][2][2][2][1][1][1]

Player 2 Move (Score: -10400):
Current player: 1
[ ][2][ ][ ][2][ ][ ]
[ ][2][ ][ ][1][ ][ ]
[1][2][ ][ ][2][ ][ ]
[1][1][ ][ ][1][ ][1]
[2][2][ ][1][2][2][1]
[1][2][2][2][1][1][1]

Player 1 Move (Score: -1960000):
Current player: 2
[ ][2][ ][ ][2][ ][ ]
[1][2][ ][ ][1][ ][ ]
[1][2][ ][ ][2][ ][ ]
[1][1][ ][ ][1][ ][1]
[2][2][ ][1][2][2][1]
[1][2][2][2][1][1][1]

Player 2 Move (Score: -20300):
Current player: 1
[ ][2][ ][ ][2][ ][ ]
[1][2][ ][ ][1][ ][ ]
[1][2][ ][ ][2][ ][ ]
[1][1][ ][ ][1][ ][1]
[2][2][2][1][2][2][1]
[1][2][2][2][1][1][1]

Player 1 Move (Score: -1979700):
Current player: 2
[ ][2][ ][ ][2][ ][ ]
[1][2][ ][ ][1][ ][ ]
[1][2][ ][ ][2][ ][ ]
[1][1][ ][1][1][ ][1]
[2][2][2][1][2][2][1]
[1][2][2][2][1][1][1]

Player 2 Move (Score: -20500):
Current player: 1
[2][2][ ][ ][2][ ][ ]
[1][2][ ][ ][1][ ][ ]
[1][2][ ][ ][2][ ][ ]
[1][1][ ][1][1][ ][1]
[2][2][2][1][2][2][1]
[1][2][2][2][1][1][1]

Player 1 Move (Score: -1990000):
Current player: 2
[2][2][ ][ ][2][ ][ ]
[1][2][ ][ ][1][ ][ ]
[1][2][ ][1][2][ ][ ]
[1][1][ ][1][1][ ][1]
[2][2][2][1][2][2][1]
[1][2][2][2][1][1][1]

Player 2 Move (Score: -40200):
Current player: 1
[2][2][ ][ ][2][ ][ ]
[1][2][ ][ ][1][ ][ ]
[1][2][ ][1][2][ ][ ]
[1][1][ ][1][1][2][1]
[2][2][2][1][2][2][1]
[1][2][2][2][1][1][1]

Player 1 Move (Score: -1979900):
Current player: 2
[2][2][ ][ ][2][ ][ ]
[1][2][ ][ ][1][ ][ ]
[1][2][ ][1][2][1][ ]
[1][1][ ][1][1][2][1]
[2][2][2][1][2][2][1]
[1][2][2][2][1][1][1]

Player 2 Move (Score: -1959900):
Current player: 1
[2][2][ ][ ][2][ ][ ]
[1][2][ ][ ][1][ ][ ]
[1][2][ ][1][2][1][2]
[1][1][ ][1][1][2][1]
[2][2][2][1][2][2][1]
[1][2][2][2][1][1][1]

Result: Player 2 Wins

Simulating game 4/10 (Player 1 Depth: 4, Player 2 Depth: 2)
Player 1 Move (Score: 0):
Current player: 2
[ ][ ][ ][ ][ ][ ][ ]
[ ][ ][ ][ ][ ][ ][ ]
[ ][ ][ ][ ][ ][ ][ ]
[ ][ ][ ][ ][ ][ ][ ]
[ ][ ][ ][ ][ ][ ][ ]
[ ][ ][1][ ][ ][ ][ ]

Player 2 Move (Score: 0):
Current player: 1
[ ][ ][ ][ ][ ][ ][ ]
[ ][ ][ ][ ][ ][ ][ ]
[ ][ ][ ][ ][ ][ ][ ]
[ ][ ][ ][ ][ ][ ][ ]
[ ][ ][ ][ ][ ][ ][ ]
[ ][ ][1][2][ ][ ][ ]

Player 1 Move (Score: -100):
Current player: 2
[ ][ ][ ][ ][ ][ ][ ]
[ ][ ][ ][ ][ ][ ][ ]
[ ][ ][ ][ ][ ][ ][ ]
[ ][ ][ ][ ][ ][ ][ ]
[ ][ ][ ][ ][ ][ ][ ]
[ ][ ][1][2][ ][1][ ]

Player 2 Move (Score: 0):
Current player: 1
[ ][ ][ ][ ][ ][ ][ ]
[ ][ ][ ][ ][ ][ ][ ]
[ ][ ][ ][ ][ ][ ][ ]
[ ][ ][ ][ ][ ][ ][ ]
[ ][ ][ ][ ][ ][ ][ ]
[ ][ ][1][2][2][1][ ]

Player 1 Move (Score: -100):
Current player: 2
[ ][ ][ ][ ][ ][ ][ ]
[ ][ ][ ][ ][ ][ ][ ]
[ ][ ][ ][ ][ ][ ][ ]
[ ][ ][ ][ ][ ][ ][ ]
[ ][ ][ ][ ][1][ ][ ]
[ ][ ][1][2][2][1][ ]

Player 2 Move (Score: -300):
Current player: 1
[ ][ ][ ][ ][ ][ ][ ]
[ ][ ][ ][ ][ ][ ][ ]
[ ][ ][ ][ ][ ][ ][ ]
[ ][ ][ ][ ][ ][ ][ ]
[ ][ ][ ][ ][1][ ][ ]
[ ][ ][1][2][2][1][2]

Player 1 Move (Score: 10000):
Current player: 2
[ ][ ][ ][ ][ ][ ][ ]
[ ][ ][ ][ ][ ][ ][ ]
[ ][ ][ ][ ][ ][ ][ ]
[ ][ ][ ][ ][ ][ ][ ]
[ ][ ][ ][1][1][ ][ ]
[ ][ ][1][2][2][1][2]

Player 2 Move (Score: -530):
Current player: 1
[ ][ ][ ][ ][ ][ ][ ]
[ ][ ][ ][ ][ ][ ][ ]
[ ][ ][ ][ ][ ][ ][ ]
[ ][ ][ ][ ][ ][ ][ ]
[ ][ ][ ][1][1][ ][ ]
[2][ ][1][2][2][1][2]

Player 1 Move (Score: 32730):
Current player: 2
[ ][ ][ ][ ][ ][ ][ ]
[ ][ ][ ][ ][ ][ ][ ]
[ ][ ][ ][ ][ ][ ][ ]
[ ][ ][ ][1][ ][ ][ ]
[ ][ ][ ][1][1][ ][ ]
[2][ ][1][2][2][1][2]

Player 2 Move (Score: -30530):
Current player: 1
[ ][ ][ ][ ][ ][ ][ ]
[ ][ ][ ][ ][ ][ ][ ]
[ ][ ][ ][ ][ ][ ][ ]
[ ][ ][ ][1][ ][ ][ ]
[ ][ ][ ][1][1][ ][ ]
[2][2][1][2][2][1][2]

Player 1 Move (Score: 40950):
Current player: 2
[ ][ ][ ][ ][ ][ ][ ]
[ ][ ][ ][ ][ ][ ][ ]
[ ][ ][ ][ ][ ][ ][ ]
[ ][ ][ ][1][1][ ][ ]
[ ][ ][ ][1][1][ ][ ]
[2][2][1][2][2][1][2]

Player 2 Move (Score: -40780):
Current player: 1
[ ][ ][ ][ ][ ][ ][ ]
[ ][ ][ ][ ][ ][ ][ ]
[ ][ ][ ][ ][ ][ ][ ]
[ ][ ][ ][1][1][ ][ ]
[2][ ][ ][1][1][ ][ ]
[2][2][1][2][2][1][2]

Player 1 Move (Score: 51050):
Current player: 2
[ ][ ][ ][ ][ ][ ][ ]
[ ][ ][ ][ ][ ][ ][ ]
[ ][ ][ ][ ][ ][ ][ ]
[ ][ ][ ][1][1][ ][ ]
[2][ ][ ][1][1][1][ ]
[2][2][1][2][2][1][2]

Player 2 Move (Score: -52850):
Current player: 1
[ ][ ][ ][ ][ ][ ][ ]
[ ][ ][ ][ ][ ][ ][ ]
[ ][ ][ ][ ][2][ ][ ]
[ ][ ][ ][1][1][ ][ ]
[2][ ][ ][1][1][1][ ]
[2][2][1][2][2][1][2]

Player 1 Move (Score: 50960):
Current player: 2
[ ][ ][ ][ ][ ][ ][ ]
[ ][ ][ ][ ][ ][ ][ ]
[ ][ ][ ][1][2][ ][ ]
[ ][ ][ ][1][1][ ][ ]
[2][ ][ ][1][1][1][ ]
[2][2][1][2][2][1][2]

Player 2 Move (Score: -82750):
Current player: 1
[ ][ ][ ][ ][ ][ ][ ]
[ ][ ][ ][ ][2][ ][ ]
[ ][ ][ ][1][2][ ][ ]
[ ][ ][ ][1][1][ ][ ]
[2][ ][ ][1][1][1][ ]
[2][2][1][2][2][1][2]

Player 1 Move (Score: 74250):
Current player: 2
[ ][ ][ ][ ][ ][ ][ ]
[ ][ ][ ][ ][2][ ][ ]
[ ][ ][ ][1][2][ ][ ]
[ ][ ][ ][1][1][1][ ]
[2][ ][ ][1][1][1][ ]
[2][2][1][2][2][1][2]

Player 2 Move (Score: -104700):
Current player: 1
[ ][ ][ ][ ][2][ ][ ]
[ ][ ][ ][ ][2][ ][ ]
[ ][ ][ ][1][2][ ][ ]
[ ][ ][ ][1][1][1][ ]
[2][ ][ ][1][1][1][ ]
[2][2][1][2][2][1][2]

Player 1 Move (Score: 74150):
Current player: 2
[ ][ ][ ][ ][2][ ][ ]
[ ][ ][ ][ ][2][ ][ ]
[ ][ ][ ][1][2][ ][ ]
[1][ ][ ][1][1][1][ ]
[2][ ][ ][1][1][1][ ]
[2][2][1][2][2][1][2]

Player 2 Move (Score: -104800):
Current player: 1
[ ][ ][ ][ ][2][ ][ ]
[ ][ ][ ][ ][2][ ][ ]
[2][ ][ ][1][2][ ][ ]
[1][ ][ ][1][1][1][ ]
[2][ ][ ][1][1][1][ ]
[2][2][1][2][2][1][2]

Player 1 Move (Score: 74100):
Current player: 2
[ ][ ][ ][ ][2][ ][ ]
[1][ ][ ][ ][2][ ][ ]
[2][ ][ ][1][2][ ][ ]
[1][ ][ ][1][1][1][ ]
[2][ ][ ][1][1][1][ ]
[2][2][1][2][2][1][2]

Player 2 Move (Score: -104800):
Current player: 1
[2][ ][ ][ ][2][ ][ ]
[1][ ][ ][ ][2][ ][ ]
[2][ ][ ][1][2][ ][ ]
[1][ ][ ][1][1][1][ ]
[2][ ][ ][1][1][1][ ]
[2][2][1][2][2][1][2]

Player 1 Move (Score: -1897300):
Current player: 2
[2][ ][ ][ ][2][ ][ ]
[1][ ][ ][ ][2][ ][ ]
[2][ ][ ][1][2][ ][ ]
[1][ ][ ][1][1][1][ ]
[2][1][ ][1][1][1][ ]
[2][2][1][2][2][1][2]

Player 2 Move (Score: -104700):
Current player: 1
[2][ ][ ][ ][2][ ][ ]
[1][ ][ ][ ][2][ ][ ]
[2][ ][ ][1][2][ ][ ]
[1][2][ ][1][1][1][ ]
[2][1][ ][1][1][1][ ]
[2][2][1][2][2][1][2]

Player 1 Move (Score: -1917700):
Current player: 2
[2][ ][ ][ ][2][ ][ ]
[1][ ][ ][ ][2][ ][ ]
[2][1][ ][1][2][ ][ ]
[1][2][ ][1][1][1][ ]
[2][1][ ][1][1][1][ ]
[2][2][1][2][2][1][2]

Player 2 Move (Score: -1897300):
Current player: 1
[2][ ][ ][ ][2][ ][ ]
[1][ ][ ][ ][2][ ][ ]
[2][1][ ][1][2][ ][ ]
[1][2][ ][1][1][1][ ]
[2][1][2][1][1][1][ ]
[2][2][1][2][2][1][2]

Result: Player 2 Wins

Simulating game 5/10 (Player 1 Depth: 4, Player 2 Depth: 2)
Player 1 Move (Score: 0):
Current player: 2
[ ][ ][ ][ ][ ][ ][ ]
[ ][ ][ ][ ][ ][ ][ ]
[ ][ ][ ][ ][ ][ ][ ]
[ ][ ][ ][ ][ ][ ][ ]
[ ][ ][ ][ ][ ][ ][ ]
[ ][ ][ ][ ][ ][ ][1]

Player 2 Move (Score: 0):
Current player: 1
[ ][ ][ ][ ][ ][ ][ ]
[ ][ ][ ][ ][ ][ ][ ]
[ ][ ][ ][ ][ ][ ][ ]
[ ][ ][ ][ ][ ][ ][ ]
[ ][ ][ ][ ][ ][ ][ ]
[ ][ ][2][ ][ ][ ][1]

Player 1 Move (Score: -200):
Current player: 2
[ ][ ][ ][ ][ ][ ][ ]
[ ][ ][ ][ ][ ][ ][ ]
[ ][ ][ ][ ][ ][ ][ ]
[ ][ ][ ][ ][ ][ ][ ]
[ ][ ][ ][ ][ ][ ][ ]
[ ][ ][2][1][ ][ ][1]

Player 2 Move (Score: 0):
Current player: 1
[ ][ ][ ][ ][ ][ ][ ]
[ ][ ][ ][ ][ ][ ][ ]
[ ][ ][ ][ ][ ][ ][ ]
[ ][ ][ ][ ][ ][ ][ ]
[ ][ ][ ][ ][ ][ ][ ]
[ ][2][2][1][ ][ ][1]

Player 1 Move (Score: -30):
Current player: 2
[ ][ ][ ][ ][ ][ ][ ]
[ ][ ][ ][ ][ ][ ][ ]
[ ][ ][ ][ ][ ][ ][ ]
[ ][ ][ ][ ][ ][ ][ ]
[ ][ ][1][ ][ ][ ][ ]
[ ][2][2][1][ ][ ][1]

Player 2 Move (Score: -100):
Current player: 1
[ ][ ][ ][ ][ ][ ][ ]
[ ][ ][ ][ ][ ][ ][ ]
[ ][ ][ ][ ][ ][ ][ ]
[ ][ ][ ][ ][ ][ ][ ]
[ ][ ][1][ ][ ][ ][2]
[ ][2][2][1][ ][ ][1]

Player 1 Move (Score: 2200):
Current player: 2
[ ][ ][ ][ ][ ][ ][ ]
[ ][ ][ ][ ][ ][ ][ ]
[ ][ ][ ][ ][ ][ ][ ]
[ ][ ][ ][ ][ ][ ][ ]
[ ][1][1][ ][ ][ ][2]
[ ][2][2][1][ ][ ][1]

Player 2 Move (Score: -230):
Current player: 1
[ ][ ][ ][ ][ ][ ][ ]
[ ][ ][ ][ ][ ][ ][ ]
[ ][ ][ ][ ][ ][ ][ ]
[ ][ ][ ][ ][ ][ ][ ]
[ ][1][1][ ][ ][ ][2]
[ ][2][2][1][2][ ][1]

Player 1 Move (Score: 10200):
Current player: 2
[ ][ ][ ][ ][ ][ ][ ]
[ ][ ][ ][ ][ ][ ][ ]
[ ][ ][ ][ ][ ][ ][ ]
[ ][ ][ ][ ][ ][ ][ ]
[ ][1][1][ ][ ][ ][2]
[ ][2][2][1][2][1][1]

Player 2 Move (Score: -230):
Current player: 1
[ ][ ][ ][ ][ ][ ][ ]
[ ][ ][ ][ ][ ][ ][ ]
[ ][ ][ ][ ][ ][ ][ ]
[ ][2][ ][ ][ ][ ][ ]
[ ][1][1][ ][ ][ ][2]
[ ][2][2][1][2][1][1]

Player 1 Move (Score: 10100):
Current player: 2
[ ][ ][ ][ ][ ][ ][ ]
[ ][ ][ ][ ][ ][ ][ ]
[ ][ ][ ][ ][ ][ ][ ]
[ ][2][ ][ ][ ][ ][ ]
[ ][1][1][1][ ][ ][2]
[ ][2][2][1][2][1][1]

Player 2 Move (Score: -12200):
Current player: 1
[ ][ ][ ][ ][ ][ ][ ]
[ ][ ][ ][ ][ ][ ][ ]
[ ][ ][ ][ ][ ][ ][ ]
[ ][2][ ][ ][ ][ ][ ]
[ ][1][1][1][ ][ ][2]
[2][2][2][1][2][1][1]

Player 1 Move (Score: 10400):
Current player: 2
[ ][ ][ ][ ][ ][ ][ ]
[ ][ ][ ][ ][ ][ ][ ]
[ ][ ][ ][ ][ ][ ][ ]
[ ][2][ ][1][ ][ ][ ]
[ ][1][1][1][ ][ ][2]
[2][2][2][1][2][1][1]

Player 2 Move (Score: -22400):
Current player: 1
[ ][ ][ ][ ][ ][ ][ ]
[ ][ ][ ][ ][ ][ ][ ]
[ ][ ][ ][ ][ ][ ][ ]
[ ][2][2][1][ ][ ][ ]
[ ][1][1][1][ ][ ][2]
[2][2][2][1][2][1][1]

Player 1 Move (Score: 11900):
Current player: 2
[ ][ ][ ][ ][ ][ ][ ]
[ ][ ][ ][ ][ ][ ][ ]
[ ][ ][ ][ ][ ][ ][ ]
[ ][2][2][1][ ][ ][ ]
[ ][1][1][1][ ][1][2]
[2][2][2][1][2][1][1]

Player 2 Move (Score: -22600):
Current player: 1
[ ][ ][ ][ ][ ][ ][ ]
[ ][ ][ ][ ][ ][ ][ ]
[ ][2][ ][ ][ ][ ][ ]
[ ][2][2][1][ ][ ][ ]
[ ][1][1][1][ ][1][2]
[2][2][2][1][2][1][1]

Player 1 Move (Score: 12000):
Current player: 2
[ ][ ][ ][ ][ ][ ][ ]
[ ][ ][ ][ ][ ][ ][ ]
[ ][2][ ][ ][ ][ ][ ]
[ ][2][2][1][ ][ ][1]
[ ][1][1][1][ ][1][2]
[2][2][2][1][2][1][1]

Player 2 Move (Score: -22600):
Current player: 1
[ ][ ][ ][ ][ ][ ][ ]
[ ][ ][ ][ ][ ][ ][ ]
[ ][2][ ][ ][ ][ ][2]
[ ][2][2][1][ ][ ][1]
[ ][1][1][1][ ][1][2]
[2][2][2][1][2][1][1]

Player 1 Move (Score: 12000):
Current player: 2
[ ][ ][ ][ ][ ][ ][ ]
[ ][ ][ ][ ][ ][ ][ ]
[ ][2][1][ ][ ][ ][2]
[ ][2][2][1][ ][ ][1]
[ ][1][1][1][ ][1][2]
[2][2][2][1][2][1][1]

Player 2 Move (Score: -22830):
Current player: 1
[ ][ ][ ][ ][ ][ ][ ]
[ ][ ][ ][ ][ ][ ][2]
[ ][2][1][ ][ ][ ][2]
[ ][2][2][1][ ][ ][1]
[ ][1][1][1][ ][1][2]
[2][2][2][1][2][1][1]

Player 1 Move (Score: 29900):
Current player: 2
[ ][ ][ ][ ][ ][ ][ ]
[ ][1][ ][ ][ ][ ][2]
[ ][2][1][ ][ ][ ][2]
[ ][2][2][1][ ][ ][1]
[ ][1][1][1][ ][1][2]
[2][2][2][1][2][1][1]

Player 2 Move (Score: -44700):
Current player: 1
[ ][ ][ ][ ][ ][ ][2]
[ ][1][ ][ ][ ][ ][2]
[ ][2][1][ ][ ][ ][2]
[ ][2][2][1][ ][ ][1]
[ ][1][1][1][ ][1][2]
[2][2][2][1][2][1][1]

Player 1 Move (Score: 30030):
Current player: 2
[ ][ ][ ][ ][ ][ ][2]
[ ][1][ ][ ][ ][ ][2]
[ ][2][1][ ][ ][ ][2]
[ ][2][2][1][ ][1][1]
[ ][1][1][1][ ][1][2]
[2][2][2][1][2][1][1]

Player 2 Move (Score: -54830):
Current player: 1
[ ][2][ ][ ][ ][ ][2]
[ ][1][ ][ ][ ][ ][2]
[ ][2][1][ ][ ][ ][2]
[ ][2][2][1][ ][1][1]
[ ][1][1][1][ ][1][2]
[2][2][2][1][2][1][1]

Player 1 Move (Score: -2052700):
Current player: 2
[ ][2][ ][ ][ ][ ][2]
[ ][1][ ][ ][ ][ ][2]
[ ][2][1][ ][ ][ ][2]
[ ][2][2][1][ ][1][1]
[1][1][1][1][ ][1][2]
[2][2][2][1][2][1][1]

Result: Player 1 Wins

Simulating game 6/10 (Player 1 Depth: 4, Player 2 Depth: 2)
Player 1 Move (Score: 0):
Current player: 2
[ ][ ][ ][ ][ ][ ][ ]
[ ][ ][ ][ ][ ][ ][ ]
[ ][ ][ ][ ][ ][ ][ ]
[ ][ ][ ][ ][ ][ ][ ]
[ ][ ][ ][ ][ ][ ][ ]
[ ][ ][ ][ ][ ][ ][1]

Player 2 Move (Score: 0):
Current player: 1
[ ][ ][ ][ ][ ][ ][ ]
[ ][ ][ ][ ][ ][ ][ ]
[ ][ ][ ][ ][ ][ ][ ]
[ ][ ][ ][ ][ ][ ][ ]
[ ][ ][ ][ ][ ][ ][ ]
[ ][ ][ ][2][ ][ ][1]

Player 1 Move (Score: -250):
Current player: 2
[ ][ ][ ][ ][ ][ ][ ]
[ ][ ][ ][ ][ ][ ][ ]
[ ][ ][ ][ ][ ][ ][ ]
[ ][ ][ ][ ][ ][ ][ ]
[ ][ ][ ][ ][ ][ ][ ]
[ ][ ][ ][2][1][ ][1]

Player 2 Move (Score: 0):
Current player: 1
[ ][ ][ ][ ][ ][ ][ ]
[ ][ ][ ][ ][ ][ ][ ]
[ ][ ][ ][ ][ ][ ][ ]
[ ][ ][ ][ ][ ][ ][ ]
[ ][ ][ ][ ][ ][ ][2]
[ ][ ][ ][2][1][ ][1]

Player 1 Move (Score: 0):
Current player: 2
[ ][ ][ ][ ][ ][ ][ ]
[ ][ ][ ][ ][ ][ ][ ]
[ ][ ][ ][ ][ ][ ][ ]
[ ][ ][ ][ ][ ][ ][ ]
[ ][ ][ ][ ][ ][ ][2]
[ ][ ][ ][2][1][1][1]

Player 2 Move (Score: 0):
Current player: 1
[ ][ ][ ][ ][ ][ ][ ]
[ ][ ][ ][ ][ ][ ][ ]
[ ][ ][ ][ ][ ][ ][ ]
[ ][ ][ ][ ][ ][ ][ ]
[ ][ ][ ][ ][ ][ ][2]
[ ][ ][2][2][1][1][1]

Player 1 Move (Score: -450):
Current player: 2
[ ][ ][ ][ ][ ][ ][ ]
[ ][ ][ ][ ][ ][ ][ ]
[ ][ ][ ][ ][ ][ ][ ]
[ ][ ][ ][ ][ ][ ][ ]
[ ][ ][ ][ ][ ][ ][2]
[1][ ][2][2][1][1][1]

Player 2 Move (Score: 0):
Current player: 1
[ ][ ][ ][ ][ ][ ][ ]
[ ][ ][ ][ ][ ][ ][ ]
[ ][ ][ ][ ][ ][ ][ ]
[ ][ ][ ][ ][ ][ ][ ]
[ ][ ][ ][ ][ ][ ][2]
[1][2][2][2][1][1][1]

Player 1 Move (Score: 100):
Current player: 2
[ ][ ][ ][ ][ ][ ][ ]
[ ][ ][ ][ ][ ][ ][ ]
[ ][ ][ ][ ][ ][ ][ ]
[ ][ ][ ][ ][ ][ ][1]
[ ][ ][ ][ ][ ][ ][2]
[1][2][2][2][1][1][1]

Player 2 Move (Score: 0):
Current player: 1
[ ][ ][ ][ ][ ][ ][ ]
[ ][ ][ ][ ][ ][ ][ ]
[ ][ ][ ][ ][ ][ ][ ]
[ ][ ][ ][ ][ ][ ][1]
[2][ ][ ][ ][ ][ ][2]
[1][2][2][2][1][1][1]

Player 1 Move (Score: 0):
Current player: 2
[ ][ ][ ][ ][ ][ ][ ]
[ ][ ][ ][ ][ ][ ][ ]
[ ][ ][ ][ ][ ][ ][ ]
[ ][ ][ ][ ][ ][ ][1]
[2][ ][ ][ ][1][ ][2]
[1][2][2][2][1][1][1]

Player 2 Move (Score: -400):
Current player: 1
[ ][ ][ ][ ][ ][ ][ ]
[ ][ ][ ][ ][ ][ ][ ]
[ ][ ][ ][ ][ ][ ][2]
[ ][ ][ ][ ][ ][ ][1]
[2][ ][ ][ ][1][ ][2]
[1][2][2][2][1][1][1]

Player 1 Move (Score: 10400):
Current player: 2
[ ][ ][ ][ ][ ][ ][ ]
[ ][ ][ ][ ][ ][ ][ ]
[ ][ ][ ][ ][ ][ ][2]
[ ][ ][ ][ ][1][ ][1]
[2][ ][ ][ ][1][ ][2]
[1][2][2][2][1][1][1]

Player 2 Move (Score: -10400):
Current player: 1
[ ][ ][ ][ ][ ][ ][ ]
[ ][ ][ ][ ][ ][ ][ ]
[ ][ ][ ][ ][ ][ ][2]
[ ][ ][ ][ ][1][ ][1]
[2][ ][ ][ ][1][2][2]
[1][2][2][2][1][1][1]

Player 1 Move (Score: 10100):
Current player: 2
[ ][ ][ ][ ][ ][ ][ ]
[ ][ ][ ][ ][ ][ ][1]
[ ][ ][ ][ ][ ][ ][2]
[ ][ ][ ][ ][1][ ][1]
[2][ ][ ][ ][1][2][2]
[1][2][2][2][1][1][1]

Player 2 Move (Score: -10400):
Current player: 1
[ ][ ][ ][ ][ ][ ][2]
[ ][ ][ ][ ][ ][ ][1]
[ ][ ][ ][ ][ ][ ][2]
[ ][ ][ ][ ][1][ ][1]
[2][ ][ ][ ][1][2][2]
[1][2][2][2][1][1][1]

Player 1 Move (Score: 10200):
Current player: 2
[ ][ ][ ][ ][ ][ ][2]
[ ][ ][ ][ ][ ][ ][1]
[ ][ ][ ][ ][ ][ ][2]
[ ][ ][ ][ ][1][ ][1]
[2][ ][ ][1][1][2][2]
[1][2][2][2][1][1][1]

Player 2 Move (Score: -10600):
Current player: 1
[ ][ ][ ][ ][ ][ ][2]
[ ][ ][ ][ ][ ][ ][1]
[ ][ ][ ][ ][ ][ ][2]
[2][ ][ ][ ][1][ ][1]
[2][ ][ ][1][1][2][2]
[1][2][2][2][1][1][1]

Player 1 Move (Score: 20500):
Current player: 2
[ ][ ][ ][ ][ ][ ][2]
[ ][ ][ ][ ][ ][ ][1]
[ ][ ][ ][ ][ ][ ][2]
[2][ ][ ][ ][1][1][1]
[2][ ][ ][1][1][2][2]
[1][2][2][2][1][1][1]

Player 2 Move (Score: -20600):
Current player: 1
[ ][ ][ ][ ][ ][ ][2]
[ ][ ][ ][ ][ ][ ][1]
[ ][ ][ ][ ][ ][2][2]
[2][ ][ ][ ][1][1][1]
[2][ ][ ][1][1][2][2]
[1][2][2][2][1][1][1]

Player 1 Move (Score: 300):
Current player: 2
[ ][ ][ ][ ][ ][ ][2]
[ ][ ][ ][ ][ ][1][1]
[ ][ ][ ][ ][ ][2][2]
[2][ ][ ][ ][1][1][1]
[2][ ][ ][1][1][2][2]
[1][2][2][2][1][1][1]

Player 2 Move (Score: -20600):
Current player: 1
[ ][ ][ ][ ][ ][2][2]
[ ][ ][ ][ ][ ][1][1]
[ ][ ][ ][ ][ ][2][2]
[2][ ][ ][ ][1][1][1]
[2][ ][ ][1][1][2][2]
[1][2][2][2][1][1][1]

Player 1 Move (Score: 10200):
Current player: 2
[ ][ ][ ][ ][ ][2][2]
[ ][ ][ ][ ][ ][1][1]
[ ][ ][ ][ ][ ][2][2]
[2][ ][ ][ ][1][1][1]
[2][ ][1][1][1][2][2]
[1][2][2][2][1][1][1]

Player 2 Move (Score: -30600):
Current player: 1
[ ][ ][ ][ ][ ][2][2]
[ ][ ][ ][ ][ ][1][1]
[2][ ][ ][ ][ ][2][2]
[2][ ][ ][ ][1][1][1]
[2][ ][1][1][1][2][2]
[1][2][2][2][1][1][1]

Player 1 Move (Score: 10200):
Current player: 2
[ ][ ][ ][ ][ ][2][2]
[1][ ][ ][ ][ ][1][1]
[2][ ][ ][ ][ ][2][2]
[2][ ][ ][ ][1][1][1]
[2][ ][1][1][1][2][2]
[1][2][2][2][1][1][1]

Player 2 Move (Score: -50400):
Current player: 1
[2][ ][ ][ ][ ][2][2]
[1][ ][ ][ ][ ][1][1]
[2][ ][ ][ ][ ][2][2]
[2][ ][ ][ ][1][1][1]
[2][ ][1][1][1][2][2]
[1][2][2][2][1][1][1]

Player 1 Move (Score: 30000):
Current player: 2
[2][ ][ ][ ][ ][2][2]
[1][ ][ ][ ][ ][1][1]
[2][ ][ ][ ][ ][2][2]
[2][ ][1][ ][1][1][1]
[2][ ][1][1][1][2][2]
[1][2][2][2][1][1][1]

Player 2 Move (Score: -50000):
Current player: 1
[2][ ][ ][ ][ ][2][2]
[1][ ][ ][ ][ ][1][1]
[2][ ][2][ ][ ][2][2]
[2][ ][1][ ][1][1][1]
[2][ ][1][1][1][2][2]
[1][2][2][2][1][1][1]

Player 1 Move (Score: -2050100):
Current player: 2
[2][ ][ ][ ][ ][2][2]
[1][ ][1][ ][ ][1][1]
[2][ ][2][ ][ ][2][2]
[2][ ][1][ ][1][1][1]
[2][ ][1][1][1][2][2]
[1][2][2][2][1][1][1]

Player 2 Move (Score: -2050100):
Current player: 1
[2][ ][2][ ][ ][2][2]
[1][ ][1][ ][ ][1][1]
[2][ ][2][ ][ ][2][2]
[2][ ][1][ ][1][1][1]
[2][ ][1][1][1][2][2]
[1][2][2][2][1][1][1]

Player 1 Move (Score: -2050100):
Current player: 2
[2][ ][2][ ][ ][2][2]
[1][ ][1][ ][ ][1][1]
[2][ ][2][ ][1][2][2]
[2][ ][1][ ][1][1][1]
[2][ ][1][1][1][2][2]
[1][2][2][2][1][1][1]

Result: Player 1 Wins

Simulating game 7/10 (Player 1 Depth: 4, Player 2 Depth: 2)
Player 1 Move (Score: 0):
Current player: 2
[ ][ ][ ][ ][ ][ ][ ]
[ ][ ][ ][ ][ ][ ][ ]
[ ][ ][ ][ ][ ][ ][ ]
[ ][ ][ ][ ][ ][ ][ ]
[ ][ ][ ][ ][ ][ ][ ]
[ ][ ][ ][ ][1][ ][ ]

Player 2 Move (Score: 0):
Current player: 1
[ ][ ][ ][ ][ ][ ][ ]
[ ][ ][ ][ ][ ][ ][ ]
[ ][ ][ ][ ][ ][ ][ ]
[ ][ ][ ][ ][ ][ ][ ]
[ ][ ][ ][ ][ ][ ][ ]
[ ][ ][2][ ][1][ ][ ]

Player 1 Move (Score: -100):
Current player: 2
[ ][ ][ ][ ][ ][ ][ ]
[ ][ ][ ][ ][ ][ ][ ]
[ ][ ][ ][ ][ ][ ][ ]
[ ][ ][ ][ ][ ][ ][ ]
[ ][ ][1][ ][ ][ ][ ]
[ ][ ][2][ ][1][ ][ ]

Player 2 Move (Score: 0):
Current player: 1
[ ][ ][ ][ ][ ][ ][ ]
[ ][ ][ ][ ][ ][ ][ ]
[ ][ ][ ][ ][ ][ ][ ]
[ ][ ][ ][ ][ ][ ][ ]
[ ][ ][1][ ][ ][ ][ ]
[ ][ ][2][ ][1][ ][2]

Player 1 Move (Score: 0):
Current player: 2
[ ][ ][ ][ ][ ][ ][ ]
[ ][ ][ ][ ][ ][ ][ ]
[ ][ ][ ][ ][ ][ ][ ]
[ ][ ][ ][ ][ ][ ][ ]
[ ][ ][1][ ][ ][ ][ ]
[ ][ ][2][ ][1][1][2]

Player 2 Move (Score: 0):
Current player: 1
[ ][ ][ ][ ][ ][ ][ ]
[ ][ ][ ][ ][ ][ ][ ]
[ ][ ][ ][ ][ ][ ][ ]
[ ][ ][ ][ ][ ][ ][ ]
[ ][ ][1][ ][ ][ ][ ]
[ ][2][2][ ][1][1][2]

Player 1 Move (Score: -200):
Current player: 2
[ ][ ][ ][ ][ ][ ][ ]
[ ][ ][ ][ ][ ][ ][ ]
[ ][ ][ ][ ][ ][ ][ ]
[ ][ ][ ][ ][ ][ ][ ]
[ ][ ][1][ ][ ][1][ ]
[ ][2][2][ ][1][1][2]

Player 2 Move (Score: 0):
Current player: 1
[ ][ ][ ][ ][ ][ ][ ]
[ ][ ][ ][ ][ ][ ][ ]
[ ][ ][ ][ ][ ][ ][ ]
[ ][ ][ ][ ][ ][ ][ ]
[ ][ ][1][ ][ ][1][2]
[ ][2][2][ ][1][1][2]

Player 1 Move (Score: -200):
Current player: 2
[ ][ ][ ][ ][ ][ ][ ]
[ ][ ][ ][ ][ ][ ][ ]
[ ][ ][ ][ ][ ][ ][ ]
[ ][ ][ ][ ][ ][ ][1]
[ ][ ][1][ ][ ][1][2]
[ ][2][2][ ][1][1][2]

Player 2 Move (Score: -100):
Current player: 1
[ ][ ][ ][ ][ ][ ][ ]
[ ][ ][ ][ ][ ][ ][ ]
[ ][ ][ ][ ][ ][ ][2]
[ ][ ][ ][ ][ ][ ][1]
[ ][ ][1][ ][ ][1][2]
[ ][2][2][ ][1][1][2]

Player 1 Move (Score: 100):
Current player: 2
[ ][ ][ ][ ][ ][ ][ ]
[ ][ ][ ][ ][ ][ ][ ]
[ ][ ][ ][ ][ ][ ][2]
[ ][ ][ ][ ][ ][ ][1]
[ ][ ][1][ ][ ][1][2]
[ ][2][2][1][1][1][2]

Player 2 Move (Score: -200):
Current player: 1
[ ][ ][ ][ ][ ][ ][ ]
[ ][ ][ ][ ][ ][ ][2]
[ ][ ][ ][ ][ ][ ][2]
[ ][ ][ ][ ][ ][ ][1]
[ ][ ][1][ ][ ][1][2]
[ ][2][2][1][1][1][2]

Player 1 Move (Score: 10300):
Current player: 2
[ ][ ][ ][ ][ ][ ][ ]
[ ][ ][ ][ ][ ][ ][2]
[ ][ ][ ][ ][ ][ ][2]
[ ][ ][ ][ ][ ][1][1]
[ ][ ][1][ ][ ][1][2]
[ ][2][2][1][1][1][2]

Player 2 Move (Score: -10300):
Current player: 1
[ ][ ][ ][ ][ ][ ][ ]
[ ][ ][ ][ ][ ][ ][2]
[ ][ ][ ][ ][ ][ ][2]
[ ][ ][ ][ ][ ][1][1]
[ ][ ][1][ ][2][1][2]
[ ][2][2][1][1][1][2]

Player 1 Move (Score: 10200):
Current player: 2
[ ][ ][ ][ ][ ][ ][ ]
[ ][ ][ ][ ][ ][ ][2]
[ ][ ][ ][ ][ ][ ][2]
[ ][ ][1][ ][ ][1][1]
[ ][ ][1][ ][2][1][2]
[ ][2][2][1][1][1][2]

Player 2 Move (Score: -10400):
Current player: 1
[ ][ ][ ][ ][ ][ ][2]
[ ][ ][ ][ ][ ][ ][2]
[ ][ ][ ][ ][ ][ ][2]
[ ][ ][1][ ][ ][1][1]
[ ][ ][1][ ][2][1][2]
[ ][2][2][1][1][1][2]

Player 1 Move (Score: 30230):
Current player: 2
[ ][ ][ ][ ][ ][ ][2]
[ ][ ][ ][ ][ ][ ][2]
[ ][ ][ ][ ][ ][ ][2]
[ ][ ][1][ ][ ][1][1]
[ ][ ][1][1][2][1][2]
[ ][2][2][1][1][1][2]

Player 2 Move (Score: -30600):
Current player: 1
[ ][ ][ ][ ][ ][ ][2]
[ ][ ][ ][ ][ ][ ][2]
[ ][ ][ ][ ][ ][ ][2]
[ ][ ][1][ ][ ][1][1]
[ ][ ][1][1][2][1][2]
[2][2][2][1][1][1][2]

Player 1 Move (Score: 30730):
Current player: 2
[ ][ ][ ][ ][ ][ ][2]
[ ][ ][ ][ ][ ][ ][2]
[ ][ ][ ][ ][ ][ ][2]
[ ][ ][1][1][ ][1][1]
[ ][ ][1][1][2][1][2]
[2][2][2][1][1][1][2]

Player 2 Move (Score: -40800):
Current player: 1
[ ][ ][ ][ ][ ][ ][2]
[ ][ ][ ][ ][ ][ ][2]
[ ][ ][ ][ ][ ][ ][2]
[ ][ ][1][1][ ][1][1]
[2][ ][1][1][2][1][2]
[2][2][2][1][1][1][2]

Player 1 Move (Score: 30600):
Current player: 2
[ ][ ][ ][ ][ ][ ][2]
[ ][ ][ ][ ][ ][ ][2]
[ ][ ][ ][ ][ ][ ][2]
[ ][ ][1][1][ ][1][1]
[2][1][1][1][2][1][2]
[2][2][2][1][1][1][2]

Player 2 Move (Score: -40900):
Current player: 1
[ ][ ][ ][ ][ ][ ][2]
[ ][ ][ ][ ][ ][ ][2]
[ ][ ][ ][ ][ ][ ][2]
[2][ ][1][1][ ][1][1]
[2][1][1][1][2][1][2]
[2][2][2][1][1][1][2]

Player 1 Move (Score: 30370):
Current player: 2
[ ][ ][ ][ ][ ][ ][2]
[ ][ ][ ][ ][ ][ ][2]
[1][ ][ ][ ][ ][ ][2]
[2][ ][1][1][ ][1][1]
[2][1][1][1][2][1][2]
[2][2][2][1][1][1][2]

Player 2 Move (Score: -40800):
Current player: 1
[ ][ ][ ][ ][ ][ ][2]
[2][ ][ ][ ][ ][ ][2]
[1][ ][ ][ ][ ][ ][2]
[2][ ][1][1][ ][1][1]
[2][1][1][1][2][1][2]
[2][2][2][1][1][1][2]

Player 1 Move (Score: 30270):
Current player: 2
[1][ ][ ][ ][ ][ ][2]
[2][ ][ ][ ][ ][ ][2]
[1][ ][ ][ ][ ][ ][2]
[2][ ][1][1][ ][1][1]
[2][1][1][1][2][1][2]
[2][2][2][1][1][1][2]

Player 2 Move (Score: -50700):
Current player: 1
[1][ ][ ][ ][ ][ ][2]
[2][ ][ ][ ][ ][ ][2]
[1][ ][ ][ ][ ][ ][2]
[2][2][1][1][ ][1][1]
[2][1][1][1][2][1][2]
[2][2][2][1][1][1][2]

Player 1 Move (Score: -2030500):
Current player: 2
[1][ ][ ][ ][ ][ ][2]
[2][ ][ ][ ][ ][ ][2]
[1][ ][1][ ][ ][ ][2]
[2][2][1][1][ ][1][1]
[2][1][1][1][2][1][2]
[2][2][2][1][1][1][2]

Player 2 Move (Score: -2030500):
Current player: 1
[1][ ][ ][ ][ ][ ][2]
[2][ ][ ][ ][ ][ ][2]
[1][2][1][ ][ ][ ][2]
[2][2][1][1][ ][1][1]
[2][1][1][1][2][1][2]
[2][2][2][1][1][1][2]

Player 1 Move (Score: -2030500):
Current player: 2
[1][ ][ ][ ][ ][ ][2]
[2][ ][1][ ][ ][ ][2]
[1][2][1][ ][ ][ ][2]
[2][2][1][1][ ][1][1]
[2][1][1][1][2][1][2]
[2][2][2][1][1][1][2]

Result: Player 1 Wins

Simulating game 8/10 (Player 1 Depth: 4, Player 2 Depth: 2)
Player 1 Move (Score: 0):
Current player: 2
[ ][ ][ ][ ][ ][ ][ ]
[ ][ ][ ][ ][ ][ ][ ]
[ ][ ][ ][ ][ ][ ][ ]
[ ][ ][ ][ ][ ][ ][ ]
[ ][ ][ ][ ][ ][ ][ ]
[ ][ ][ ][ ][ ][ ][1]

Player 2 Move (Score: 0):
Current player: 1
[ ][ ][ ][ ][ ][ ][ ]
[ ][ ][ ][ ][ ][ ][ ]
[ ][ ][ ][ ][ ][ ][ ]
[ ][ ][ ][ ][ ][ ][ ]
[ ][ ][ ][ ][ ][ ][ ]
[ ][2][ ][ ][ ][ ][1]

Player 1 Move (Score: -100):
Current player: 2
[ ][ ][ ][ ][ ][ ][ ]
[ ][ ][ ][ ][ ][ ][ ]
[ ][ ][ ][ ][ ][ ][ ]
[ ][ ][ ][ ][ ][ ][ ]
[ ][ ][ ][ ][ ][ ][ ]
[ ][2][ ][1][ ][ ][1]

Player 2 Move (Score: 0):
Current player: 1
[ ][ ][ ][ ][ ][ ][ ]
[ ][ ][ ][ ][ ][ ][ ]
[ ][ ][ ][ ][ ][ ][ ]
[ ][ ][ ][ ][ ][ ][ ]
[ ][ ][ ][2][ ][ ][ ]
[ ][2][ ][1][ ][ ][1]

Player 1 Move (Score: -200):
Current player: 2
[ ][ ][ ][ ][ ][ ][ ]
[ ][ ][ ][ ][ ][ ][ ]
[ ][ ][ ][ ][ ][ ][ ]
[ ][ ][ ][ ][ ][ ][ ]
[ ][ ][ ][2][ ][ ][ ]
[ ][2][ ][1][1][ ][1]

Player 2 Move (Score: -100):
Current player: 1
[ ][ ][ ][ ][ ][ ][ ]
[ ][ ][ ][ ][ ][ ][ ]
[ ][ ][ ][ ][ ][ ][ ]
[ ][ ][ ][ ][ ][ ][ ]
[ ][ ][ ][2][ ][ ][2]
[ ][2][ ][1][1][ ][1]

Player 1 Move (Score: -100):
Current player: 2
[ ][ ][ ][ ][ ][ ][ ]
[ ][ ][ ][ ][ ][ ][ ]
[ ][ ][ ][ ][ ][ ][ ]
[ ][ ][ ][ ][ ][ ][1]
[ ][ ][ ][2][ ][ ][2]
[ ][2][ ][1][1][ ][1]

Player 2 Move (Score: -100):
Current player: 1
[ ][ ][ ][ ][ ][ ][ ]
[ ][ ][ ][ ][ ][ ][ ]
[ ][ ][ ][ ][ ][ ][2]
[ ][ ][ ][ ][ ][ ][1]
[ ][ ][ ][2][ ][ ][2]
[ ][2][ ][1][1][ ][1]

Player 1 Move (Score: -100):
Current player: 2
[ ][ ][ ][ ][ ][ ][ ]
[ ][ ][ ][ ][ ][ ][1]
[ ][ ][ ][ ][ ][ ][2]
[ ][ ][ ][ ][ ][ ][1]
[ ][ ][ ][2][ ][ ][2]
[ ][2][ ][1][1][ ][1]

Player 2 Move (Score: -100):
Current player: 1
[ ][ ][ ][ ][ ][ ][ ]
[ ][ ][ ][ ][ ][ ][1]
[ ][ ][ ][ ][ ][ ][2]
[ ][ ][ ][ ][ ][ ][1]
[ ][ ][ ][2][ ][ ][2]
[2][2][ ][1][1][ ][1]

Player 1 Move (Score: -130):
Current player: 2
[ ][ ][ ][ ][ ][ ][ ]
[ ][ ][ ][ ][ ][ ][1]
[ ][ ][ ][ ][ ][ ][2]
[ ][ ][ ][ ][ ][ ][1]
[ ][ ][ ][2][1][ ][2]
[2][2][ ][1][1][ ][1]

Player 2 Move (Score: -200):
Current player: 1
[ ][ ][ ][ ][ ][ ][2]
[ ][ ][ ][ ][ ][ ][1]
[ ][ ][ ][ ][ ][ ][2]
[ ][ ][ ][ ][ ][ ][1]
[ ][ ][ ][2][1][ ][2]
[2][2][ ][1][1][ ][1]

Player 1 Move (Score: 330):
Current player: 2
[ ][ ][ ][ ][ ][ ][2]
[ ][ ][ ][ ][ ][ ][1]
[ ][ ][ ][ ][ ][ ][2]
[ ][ ][ ][ ][1][ ][1]
[ ][ ][ ][2][1][ ][2]
[2][2][ ][1][1][ ][1]

Player 2 Move (Score: -10100):
Current player: 1
[ ][ ][ ][ ][ ][ ][2]
[ ][ ][ ][ ][ ][ ][1]
[ ][ ][ ][ ][ ][ ][2]
[ ][ ][ ][2][1][ ][1]
[ ][ ][ ][2][1][ ][2]
[2][2][ ][1][1][ ][1]

Player 1 Move (Score: 30):
Current player: 2
[ ][ ][ ][ ][ ][ ][2]
[ ][ ][ ][ ][ ][ ][1]
[ ][ ][ ][1][ ][ ][2]
[ ][ ][ ][2][1][ ][1]
[ ][ ][ ][2][1][ ][2]
[2][2][ ][1][1][ ][1]

Player 2 Move (Score: -10430):
Current player: 1
[ ][ ][ ][ ][ ][ ][2]
[ ][ ][ ][2][ ][ ][1]
[ ][ ][ ][1][ ][ ][2]
[ ][ ][ ][2][1][ ][1]
[ ][ ][ ][2][1][ ][2]
[2][2][ ][1][1][ ][1]

Player 1 Move (Score: 30):
Current player: 2
[ ][ ][ ][ ][ ][ ][2]
[ ][ ][ ][2][ ][ ][1]
[ ][ ][ ][1][ ][ ][2]
[ ][ ][ ][2][1][ ][1]
[ ][1][ ][2][1][ ][2]
[2][2][ ][1][1][ ][1]

Player 2 Move (Score: -10430):
Current player: 1
[ ][ ][ ][2][ ][ ][2]
[ ][ ][ ][2][ ][ ][1]
[ ][ ][ ][1][ ][ ][2]
[ ][ ][ ][2][1][ ][1]
[ ][1][ ][2][1][ ][2]
[2][2][ ][1][1][ ][1]

Player 1 Move (Score: 300):
Current player: 2
[ ][ ][ ][2][ ][ ][2]
[ ][ ][ ][2][ ][ ][1]
[ ][ ][ ][1][ ][ ][2]
[ ][1][ ][2][1][ ][1]
[ ][1][ ][2][1][ ][2]
[2][2][ ][1][1][ ][1]

Player 2 Move (Score: -10530):
Current player: 1
[ ][ ][ ][2][ ][ ][2]
[ ][ ][ ][2][ ][ ][1]
[ ][ ][ ][1][ ][ ][2]
[ ][1][ ][2][1][ ][1]
[2][1][ ][2][1][ ][2]
[2][2][ ][1][1][ ][1]

Player 1 Move (Score: 300):
Current player: 2
[ ][ ][ ][2][ ][ ][2]
[ ][ ][ ][2][ ][ ][1]
[ ][ ][ ][1][ ][ ][2]
[1][1][ ][2][1][ ][1]
[2][1][ ][2][1][ ][2]
[2][2][ ][1][1][ ][1]

Player 2 Move (Score: -10530):
Current player: 1
[ ][ ][ ][2][ ][ ][2]
[ ][ ][ ][2][ ][ ][1]
[ ][ ][ ][1][ ][ ][2]
[1][1][ ][2][1][ ][1]
[2][1][ ][2][1][ ][2]
[2][2][ ][1][1][2][1]

Player 1 Move (Score: 200):
Current player: 2
[ ][ ][ ][2][ ][ ][2]
[ ][ ][ ][2][ ][ ][1]
[1][ ][ ][1][ ][ ][2]
[1][1][ ][2][1][ ][1]
[2][1][ ][2][1][ ][2]
[2][2][ ][1][1][2][1]

Player 2 Move (Score: -20430):
Current player: 1
[ ][ ][ ][2][ ][ ][2]
[ ][ ][ ][2][ ][ ][1]
[1][ ][ ][1][ ][ ][2]
[1][1][ ][2][1][ ][1]
[2][1][ ][2][1][ ][2]
[2][2][2][1][1][2][1]

Player 1 Move (Score: -1999870):
Current player: 2
[ ][ ][ ][2][ ][ ][2]
[ ][ ][ ][2][ ][ ][1]
[1][1][ ][1][ ][ ][2]
[1][1][ ][2][1][ ][1]
[2][1][ ][2][1][ ][2]
[2][2][2][1][1][2][1]

Player 2 Move (Score: -20430):
Current player: 1
[ ][ ][ ][2][ ][ ][2]
[2][ ][ ][2][ ][ ][1]
[1][1][ ][1][ ][ ][2]
[1][1][ ][2][1][ ][1]
[2][1][ ][2][1][ ][2]
[2][2][2][1][1][2][1]

Player 1 Move (Score: -2009570):
Current player: 2
[1][ ][ ][2][ ][ ][2]
[2][ ][ ][2][ ][ ][1]
[1][1][ ][1][ ][ ][2]
[1][1][ ][2][1][ ][1]
[2][1][ ][2][1][ ][2]
[2][2][2][1][1][2][1]

Player 2 Move (Score: -30530):
Current player: 1
[1][ ][ ][2][ ][ ][2]
[2][ ][ ][2][ ][ ][1]
[1][1][ ][1][ ][ ][2]
[1][1][ ][2][1][ ][1]
[2][1][2][2][1][ ][2]
[2][2][2][1][1][2][1]

Player 1 Move (Score: -1999600):
Current player: 2
[1][ ][ ][2][ ][ ][2]
[2][ ][ ][2][ ][ ][1]
[1][1][ ][1][ ][ ][2]
[1][1][1][2][1][ ][1]
[2][1][2][2][1][ ][2]
[2][2][2][1][1][2][1]

Player 2 Move (Score: -1989470):
Current player: 1
[1][ ][ ][2][ ][ ][2]
[2][ ][ ][2][ ][ ][1]
[1][1][ ][1][2][ ][2]
[1][1][1][2][1][ ][1]
[2][1][2][2][1][ ][2]
[2][2][2][1][1][2][1]

Result: Player 2 Wins

Simulating game 9/10 (Player 1 Depth: 4, Player 2 Depth: 2)
Player 1 Move (Score: 0):
Current player: 2
[ ][ ][ ][ ][ ][ ][ ]
[ ][ ][ ][ ][ ][ ][ ]
[ ][ ][ ][ ][ ][ ][ ]
[ ][ ][ ][ ][ ][ ][ ]
[ ][ ][ ][ ][ ][ ][ ]
[ ][ ][ ][ ][ ][ ][1]

Player 2 Move (Score: 0):
Current player: 1
[ ][ ][ ][ ][ ][ ][ ]
[ ][ ][ ][ ][ ][ ][ ]
[ ][ ][ ][ ][ ][ ][ ]
[ ][ ][ ][ ][ ][ ][ ]
[ ][ ][ ][ ][ ][ ][ ]
[ ][ ][ ][2][ ][ ][1]

Player 1 Move (Score: -250):
Current player: 2
[ ][ ][ ][ ][ ][ ][ ]
[ ][ ][ ][ ][ ][ ][ ]
[ ][ ][ ][ ][ ][ ][ ]
[ ][ ][ ][ ][ ][ ][ ]
[ ][ ][ ][ ][ ][ ][ ]
[ ][ ][1][2][ ][ ][1]

Player 2 Move (Score: 0):
Current player: 1
[ ][ ][ ][ ][ ][ ][ ]
[ ][ ][ ][ ][ ][ ][ ]
[ ][ ][ ][ ][ ][ ][ ]
[ ][ ][ ][ ][ ][ ][ ]
[ ][ ][ ][ ][ ][ ][ ]
[ ][ ][1][2][ ][2][1]

Player 1 Move (Score: 0):
Current player: 2
[ ][ ][ ][ ][ ][ ][ ]
[ ][ ][ ][ ][ ][ ][ ]
[ ][ ][ ][ ][ ][ ][ ]
[ ][ ][ ][ ][ ][ ][ ]
[ ][ ][ ][ ][ ][1][ ]
[ ][ ][1][2][ ][2][1]

Player 2 Move (Score: -300):
Current player: 1
[ ][ ][ ][ ][ ][ ][ ]
[ ][ ][ ][ ][ ][ ][ ]
[ ][ ][ ][ ][ ][ ][ ]
[ ][ ][ ][ ][ ][ ][ ]
[ ][ ][ ][ ][ ][1][ ]
[2][ ][1][2][ ][2][1]

Player 1 Move (Score: 300):
Current player: 2
[ ][ ][ ][ ][ ][ ][ ]
[ ][ ][ ][ ][ ][ ][ ]
[ ][ ][ ][ ][ ][ ][ ]
[ ][ ][ ][ ][ ][ ][ ]
[ ][ ][1][ ][ ][1][ ]
[2][ ][1][2][ ][2][1]

Player 2 Move (Score: -400):
Current player: 1
[ ][ ][ ][ ][ ][ ][ ]
[ ][ ][ ][ ][ ][ ][ ]
[ ][ ][ ][ ][ ][ ][ ]
[ ][ ][ ][ ][ ][2][ ]
[ ][ ][1][ ][ ][1][ ]
[2][ ][1][2][ ][2][1]

Player 1 Move (Score: 400):
Current player: 2
[ ][ ][ ][ ][ ][ ][ ]
[ ][ ][ ][ ][ ][ ][ ]
[ ][ ][ ][ ][ ][ ][ ]
[ ][ ][ ][ ][ ][2][ ]
[ ][ ][1][ ][ ][1][ ]
[2][ ][1][2][1][2][1]

Player 2 Move (Score: -400):
Current player: 1
[ ][ ][ ][ ][ ][ ][ ]
[ ][ ][ ][ ][ ][ ][ ]
[ ][ ][ ][ ][ ][ ][ ]
[ ][ ][ ][ ][ ][2][ ]
[ ][ ][1][ ][ ][1][ ]
[2][2][1][2][1][2][1]

Player 1 Move (Score: 630):
Current player: 2
[ ][ ][ ][ ][ ][ ][ ]
[ ][ ][ ][ ][ ][ ][ ]
[ ][ ][ ][ ][ ][ ][ ]
[ ][ ][1][ ][ ][2][ ]
[ ][ ][1][ ][ ][1][ ]
[2][2][1][2][1][2][1]

Player 2 Move (Score: -10300):
Current player: 1
[ ][ ][ ][ ][ ][ ][ ]
[ ][ ][ ][ ][ ][ ][ ]
[ ][ ][ ][ ][ ][ ][ ]
[ ][ ][1][ ][ ][2][ ]
[ ][2][1][ ][ ][1][ ]
[2][2][1][2][1][2][1]

Player 1 Move (Score: 400):
Current player: 2
[ ][ ][ ][ ][ ][ ][ ]
[ ][ ][ ][ ][ ][ ][ ]
[ ][ ][ ][ ][ ][ ][ ]
[ ][1][1][ ][ ][2][ ]
[ ][2][1][ ][ ][1][ ]
[2][2][1][2][1][2][1]

Player 2 Move (Score: -10530):
Current player: 1
[ ][ ][ ][ ][ ][ ][ ]
[ ][ ][ ][ ][ ][ ][ ]
[ ][ ][ ][ ][ ][ ][ ]
[ ][1][1][ ][ ][2][ ]
[ ][2][1][2][ ][1][ ]
[2][2][1][2][1][2][1]

Player 1 Move (Score: 2600):
Current player: 2
[ ][ ][ ][ ][ ][ ][ ]
[ ][ ][ ][ ][ ][ ][ ]
[ ][ ][ ][ ][ ][ ][ ]
[ ][1][1][1][ ][2][ ]
[ ][2][1][2][ ][1][ ]
[2][2][1][2][1][2][1]

Player 2 Move (Score: -22600):
Current player: 1
[ ][ ][ ][ ][ ][ ][ ]
[ ][ ][ ][ ][ ][ ][ ]
[ ][2][ ][ ][ ][ ][ ]
[ ][1][1][1][ ][2][ ]
[ ][2][1][2][ ][1][ ]
[2][2][1][2][1][2][1]

Player 1 Move (Score: 12500):
Current player: 2
[ ][ ][ ][ ][ ][ ][ ]
[ ][ ][ ][ ][ ][ ][ ]
[ ][2][ ][1][ ][ ][ ]
[ ][1][1][1][ ][2][ ]
[ ][2][1][2][ ][1][ ]
[2][2][1][2][1][2][1]

Player 2 Move (Score: -22700):
Current player: 1
[ ][ ][ ][ ][ ][ ][ ]
[ ][2][ ][ ][ ][ ][ ]
[ ][2][ ][1][ ][ ][ ]
[ ][1][1][1][ ][2][ ]
[ ][2][1][2][ ][1][ ]
[2][2][1][2][1][2][1]

Player 1 Move (Score: 12600):
Current player: 2
[ ][ ][ ][ ][ ][ ][ ]
[ ][2][ ][ ][ ][ ][ ]
[ ][2][ ][1][ ][ ][ ]
[ ][1][1][1][ ][2][ ]
[ ][2][1][2][ ][1][1]
[2][2][1][2][1][2][1]

Player 2 Move (Score: -22800):
Current player: 1
[ ][ ][ ][ ][ ][ ][ ]
[ ][2][ ][ ][ ][ ][ ]
[ ][2][ ][1][ ][ ][ ]
[ ][1][1][1][ ][2][2]
[ ][2][1][2][ ][1][1]
[2][2][1][2][1][2][1]

Player 1 Move (Score: 12600):
Current player: 2
[ ][ ][ ][ ][ ][ ][ ]
[ ][2][ ][ ][ ][ ][ ]
[ ][2][ ][1][ ][ ][ ]
[ ][1][1][1][ ][2][2]
[ ][2][1][2][1][1][1]
[2][2][1][2][1][2][1]

Player 2 Move (Score: -22800):
Current player: 1
[ ][ ][ ][ ][ ][ ][ ]
[ ][2][ ][ ][ ][ ][ ]
[ ][2][ ][1][ ][ ][2]
[ ][1][1][1][ ][2][2]
[ ][2][1][2][1][1][1]
[2][2][1][2][1][2][1]

Player 1 Move (Score: 12600):
Current player: 2
[ ][ ][ ][ ][ ][ ][ ]
[ ][2][ ][ ][ ][ ][1]
[ ][2][ ][1][ ][ ][2]
[ ][1][1][1][ ][2][2]
[ ][2][1][2][1][1][1]
[2][2][1][2][1][2][1]

Player 2 Move (Score: -22800):
Current player: 1
[ ][ ][ ][ ][ ][ ][2]
[ ][2][ ][ ][ ][ ][1]
[ ][2][ ][1][ ][ ][2]
[ ][1][1][1][ ][2][2]
[ ][2][1][2][1][1][1]
[2][2][1][2][1][2][1]

Player 1 Move (Score: 12600):
Current player: 2
[ ][ ][ ][ ][ ][ ][2]
[ ][2][ ][ ][ ][ ][1]
[ ][2][ ][1][ ][ ][2]
[ ][1][1][1][ ][2][2]
[1][2][1][2][1][1][1]
[2][2][1][2][1][2][1]

Player 2 Move (Score: -22900):
Current player: 1
[ ][2][ ][ ][ ][ ][2]
[ ][2][ ][ ][ ][ ][1]
[ ][2][ ][1][ ][ ][2]
[ ][1][1][1][ ][2][2]
[1][2][1][2][1][1][1]
[2][2][1][2][1][2][1]

Player 1 Move (Score: 12600):
Current player: 2
[ ][2][ ][ ][ ][ ][2]
[ ][2][ ][ ][ ][ ][1]
[ ][2][ ][1][ ][1][2]
[ ][1][1][1][ ][2][2]
[1][2][1][2][1][1][1]
[2][2][1][2][1][2][1]

Player 2 Move (Score: -22500):
Current player: 1
[ ][2][ ][ ][ ][ ][2]
[ ][2][ ][2][ ][ ][1]
[ ][2][ ][1][ ][1][2]
[ ][1][1][1][ ][2][2]
[1][2][1][2][1][1][1]
[2][2][1][2][1][2][1]

Player 1 Move (Score: 10500):
Current player: 2
[ ][2][ ][1][ ][ ][2]
[ ][2][ ][2][ ][ ][1]
[ ][2][ ][1][ ][1][2]
[ ][1][1][1][ ][2][2]
[1][2][1][2][1][1][1]
[2][2][1][2][1][2][1]

Player 2 Move (Score: -22200):
Current player: 1
[ ][2][ ][1][ ][ ][2]
[ ][2][ ][2][ ][2][1]
[ ][2][ ][1][ ][1][2]
[ ][1][1][1][ ][2][2]
[1][2][1][2][1][1][1]
[2][2][1][2][1][2][1]

Player 1 Move (Score: 10000):
Current player: 2
[ ][2][ ][1][ ][1][2]
[ ][2][ ][2][ ][2][1]
[ ][2][ ][1][ ][1][2]
[ ][1][1][1][ ][2][2]
[1][2][1][2][1][1][1]
[2][2][1][2][1][2][1]

Player 2 Move (Score: -30100):
Current player: 1
[ ][2][ ][1][ ][1][2]
[ ][2][ ][2][ ][2][1]
[ ][2][ ][1][ ][1][2]
[ ][1][1][1][2][2][2]
[1][2][1][2][1][1][1]
[2][2][1][2][1][2][1]

Player 1 Move (Score: 0):
Current player: 2
[ ][2][ ][1][ ][1][2]
[ ][2][ ][2][ ][2][1]
[ ][2][ ][1][1][1][2]
[ ][1][1][1][2][2][2]
[1][2][1][2][1][1][1]
[2][2][1][2][1][2][1]

Player 2 Move (Score: -30100):
Current player: 1
[ ][2][ ][1][ ][1][2]
[ ][2][ ][2][2][2][1]
[ ][2][ ][1][1][1][2]
[ ][1][1][1][2][2][2]
[1][2][1][2][1][1][1]
[2][2][1][2][1][2][1]

Player 1 Move (Score: 0):
Current player: 2
[ ][2][ ][1][1][1][2]
[ ][2][ ][2][2][2][1]
[ ][2][ ][1][1][1][2]
[ ][1][1][1][2][2][2]
[1][2][1][2][1][1][1]
[2][2][1][2][1][2][1]

Player 2 Move (Score: -20100):
Current player: 1
[ ][2][ ][1][1][1][2]
[ ][2][ ][2][2][2][1]
[ ][2][ ][1][1][1][2]
[2][1][1][1][2][2][2]
[1][2][1][2][1][1][1]
[2][2][1][2][1][2][1]

Player 1 Move (Score: 0):
Current player: 2
[ ][2][ ][1][1][1][2]
[ ][2][ ][2][2][2][1]
[1][2][ ][1][1][1][2]
[2][1][1][1][2][2][2]
[1][2][1][2][1][1][1]
[2][2][1][2][1][2][1]

Player 2 Move (Score: -20100):
Current player: 1
[ ][2][ ][1][1][1][2]
[2][2][ ][2][2][2][1]
[1][2][ ][1][1][1][2]
[2][1][1][1][2][2][2]
[1][2][1][2][1][1][1]
[2][2][1][2][1][2][1]

Player 1 Move (Score: 0):
Current player: 2
[1][2][ ][1][1][1][2]
[2][2][ ][2][2][2][1]
[1][2][ ][1][1][1][2]
[2][1][1][1][2][2][2]
[1][2][1][2][1][1][1]
[2][2][1][2][1][2][1]

Player 2 Move (Score: -10000):
Current player: 1
[1][2][ ][1][1][1][2]
[2][2][ ][2][2][2][1]
[1][2][2][1][1][1][2]
[2][1][1][1][2][2][2]
[1][2][1][2][1][1][1]
[2][2][1][2][1][2][1]

Player 1 Move (Score: 0):
Current player: 2
[1][2][ ][1][1][1][2]
[2][2][1][2][2][2][1]
[1][2][2][1][1][1][2]
[2][1][1][1][2][2][2]
[1][2][1][2][1][1][1]
[2][2][1][2][1][2][1]

Player 2 Move (Score: 0):
Current player: 1
[1][2][2][1][1][1][2]
[2][2][1][2][2][2][1]
[1][2][2][1][1][1][2]
[2][1][1][1][2][2][2]
[1][2][1][2][1][1][1]
[2][2][1][2][1][2][1]

Result: Draw

Simulating game 10/10 (Player 1 Depth: 4, Player 2 Depth: 2)
Player 1 Move (Score: 0):
Current player: 2
[ ][ ][ ][ ][ ][ ][ ]
[ ][ ][ ][ ][ ][ ][ ]
[ ][ ][ ][ ][ ][ ][ ]
[ ][ ][ ][ ][ ][ ][ ]
[ ][ ][ ][ ][ ][ ][ ]
[ ][ ][ ][ ][1][ ][ ]

Player 2 Move (Score: 0):
Current player: 1
[ ][ ][ ][ ][ ][ ][ ]
[ ][ ][ ][ ][ ][ ][ ]
[ ][ ][ ][ ][ ][ ][ ]
[ ][ ][ ][ ][ ][ ][ ]
[ ][ ][ ][ ][2][ ][ ]
[ ][ ][ ][ ][1][ ][ ]

Player 1 Move (Score: -100):
Current player: 2
[ ][ ][ ][ ][ ][ ][ ]
[ ][ ][ ][ ][ ][ ][ ]
[ ][ ][ ][ ][ ][ ][ ]
[ ][ ][ ][ ][ ][ ][ ]
[ ][ ][ ][ ][2][ ][ ]
[ ][ ][ ][ ][1][ ][1]

Player 2 Move (Score: 0):
Current player: 1
[ ][ ][ ][ ][ ][ ][ ]
[ ][ ][ ][ ][ ][ ][ ]
[ ][ ][ ][ ][ ][ ][ ]
[ ][ ][ ][ ][ ][ ][ ]
[ ][ ][ ][ ][2][ ][ ]
[ ][ ][2][ ][1][ ][1]

Player 1 Move (Score: -300):
Current player: 2
[ ][ ][ ][ ][ ][ ][ ]
[ ][ ][ ][ ][ ][ ][ ]
[ ][ ][ ][ ][ ][ ][ ]
[ ][ ][ ][ ][ ][ ][ ]
[ ][ ][ ][ ][2][ ][1]
[ ][ ][2][ ][1][ ][1]

Player 2 Move (Score: -100):
Current player: 1
[ ][ ][ ][ ][ ][ ][ ]
[ ][ ][ ][ ][ ][ ][ ]
[ ][ ][ ][ ][ ][ ][ ]
[ ][ ][ ][ ][ ][ ][ ]
[ ][ ][ ][ ][2][ ][1]
[ ][2][2][ ][1][ ][1]

Player 1 Move (Score: -300):
Current player: 2
[ ][ ][ ][ ][ ][ ][ ]
[ ][ ][ ][ ][ ][ ][ ]
[ ][ ][ ][ ][ ][ ][ ]
[ ][ ][ ][ ][ ][ ][ ]
[ ][ ][ ][ ][2][ ][1]
[1][2][2][ ][1][ ][1]

Player 2 Move (Score: -100):
Current player: 1
[ ][ ][ ][ ][ ][ ][ ]
[ ][ ][ ][ ][ ][ ][ ]
[ ][ ][ ][ ][ ][ ][ ]
[ ][ ][ ][ ][ ][ ][ ]
[ ][ ][ ][ ][2][ ][1]
[1][2][2][2][1][ ][1]

Player 1 Move (Score: -560):
Current player: 2
[ ][ ][ ][ ][ ][ ][ ]
[ ][ ][ ][ ][ ][ ][ ]
[ ][ ][ ][ ][ ][ ][ ]
[ ][ ][ ][ ][ ][ ][ ]
[ ][ ][1][ ][2][ ][1]
[1][2][2][2][1][ ][1]

Player 2 Move (Score: 0):
Current player: 1
[ ][ ][ ][ ][ ][ ][ ]
[ ][ ][ ][ ][ ][ ][ ]
[ ][ ][ ][ ][ ][ ][ ]
[ ][ ][ ][ ][ ][ ][ ]
[ ][2][1][ ][2][ ][1]
[1][2][2][2][1][ ][1]

Player 1 Move (Score: -300):
Current player: 2
[ ][ ][ ][ ][ ][ ][ ]
[ ][ ][ ][ ][ ][ ][ ]
[ ][ ][ ][ ][ ][ ][ ]
[ ][ ][ ][ ][ ][ ][1]
[ ][2][1][ ][2][ ][1]
[1][2][2][2][1][ ][1]

Player 2 Move (Score: -9900):
Current player: 1
[ ][ ][ ][ ][ ][ ][ ]
[ ][ ][ ][ ][ ][ ][ ]
[ ][ ][ ][ ][ ][ ][ ]
[ ][ ][ ][ ][2][ ][1]
[ ][2][1][ ][2][ ][1]
[1][2][2][2][1][ ][1]

Player 1 Move (Score: -500):
Current player: 2
[ ][ ][ ][ ][ ][ ][ ]
[ ][ ][ ][ ][ ][ ][ ]
[ ][ ][ ][ ][ ][ ][ ]
[ ][ ][ ][ ][2][ ][1]
[ ][2][1][1][2][ ][1]
[1][2][2][2][1][ ][1]

Player 2 Move (Score: -10000):
Current player: 1
[ ][ ][ ][ ][ ][ ][ ]
[ ][ ][ ][ ][ ][ ][ ]
[ ][ ][ ][ ][ ][ ][ ]
[ ][ ][ ][ ][2][ ][1]
[2][2][1][1][2][ ][1]
[1][2][2][2][1][ ][1]

Player 1 Move (Score: -100):
Current player: 2
[ ][ ][ ][ ][ ][ ][ ]
[ ][ ][ ][ ][ ][ ][ ]
[ ][ ][ ][ ][ ][ ][ ]
[ ][ ][ ][1][2][ ][1]
[2][2][1][1][2][ ][1]
[1][2][2][2][1][ ][1]

Player 2 Move (Score: -10300):
Current player: 1
[ ][ ][ ][ ][ ][ ][ ]
[ ][ ][ ][ ][ ][ ][ ]
[ ][ ][ ][ ][ ][ ][ ]
[ ][ ][ ][1][2][ ][1]
[2][2][1][1][2][ ][1]
[1][2][2][2][1][2][1]

Player 1 Move (Score: 20300):
Current player: 2
[ ][ ][ ][ ][ ][ ][ ]
[ ][ ][ ][ ][ ][ ][ ]
[ ][ ][ ][ ][1][ ][ ]
[ ][ ][ ][1][2][ ][1]
[2][2][1][1][2][ ][1]
[1][2][2][2][1][2][1]

Player 2 Move (Score: -30500):
Current player: 1
[ ][ ][ ][ ][ ][ ][ ]
[ ][ ][ ][ ][2][ ][ ]
[ ][ ][ ][ ][1][ ][ ]
[ ][ ][ ][1][2][ ][1]
[2][2][1][1][2][ ][1]
[1][2][2][2][1][2][1]

Player 1 Move (Score: 30300):
Current player: 2
[ ][ ][ ][ ][ ][ ][ ]
[ ][ ][ ][ ][2][ ][ ]
[ ][ ][ ][ ][1][ ][ ]
[ ][1][ ][1][2][ ][1]
[2][2][1][1][2][ ][1]
[1][2][2][2][1][2][1]

Player 2 Move (Score: -30500):
Current player: 1
[ ][ ][ ][ ][2][ ][ ]
[ ][ ][ ][ ][2][ ][ ]
[ ][ ][ ][ ][1][ ][ ]
[ ][1][ ][1][2][ ][1]
[2][2][1][1][2][ ][1]
[1][2][2][2][1][2][1]

Player 1 Move (Score: 40380):
Current player: 2
[ ][ ][ ][ ][2][ ][ ]
[ ][ ][ ][ ][2][ ][ ]
[ ][ ][ ][1][1][ ][ ]
[ ][1][ ][1][2][ ][1]
[2][2][1][1][2][ ][1]
[1][2][2][2][1][2][1]

Player 2 Move (Score: -40550):
Current player: 1
[ ][ ][ ][ ][2][ ][ ]
[ ][ ][ ][ ][2][ ][ ]
[ ][ ][ ][1][1][ ][ ]
[ ][1][2][1][2][ ][1]
[2][2][1][1][2][ ][1]
[1][2][2][2][1][2][1]

Player 1 Move (Score: 30400):
Current player: 2
[ ][ ][ ][ ][2][ ][ ]
[ ][ ][ ][ ][2][ ][ ]
[ ][ ][1][1][1][ ][ ]
[ ][1][2][1][2][ ][1]
[2][2][1][1][2][ ][1]
[1][2][2][2][1][2][1]

Player 2 Move (Score: -52700):
Current player: 1
[ ][ ][ ][ ][2][ ][ ]
[ ][ ][2][ ][2][ ][ ]
[ ][ ][1][1][1][ ][ ]
[ ][1][2][1][2][ ][1]
[2][2][1][1][2][ ][1]
[1][2][2][2][1][2][1]

Player 1 Move (Score: 20400):
Current player: 2
[ ][ ][ ][ ][2][ ][ ]
[ ][ ][2][ ][2][ ][ ]
[ ][ ][1][1][1][ ][ ]
[ ][1][2][1][2][ ][1]
[2][2][1][1][2][1][1]
[1][2][2][2][1][2][1]

Player 2 Move (Score: -52700):
Current player: 1
[ ][ ][2][ ][2][ ][ ]
[ ][ ][2][ ][2][ ][ ]
[ ][ ][1][1][1][ ][ ]
[ ][1][2][1][2][ ][1]
[2][2][1][1][2][1][1]
[1][2][2][2][1][2][1]

Player 1 Move (Score: 20400):
Current player: 2
[ ][ ][2][ ][2][ ][ ]
[ ][ ][2][ ][2][ ][ ]
[ ][ ][1][1][1][ ][ ]
[ ][1][2][1][2][1][1]
[2][2][1][1][2][1][1]
[1][2][2][2][1][2][1]

Player 2 Move (Score: -72800):
Current player: 1
[ ][ ][2][ ][2][ ][ ]
[ ][ ][2][ ][2][ ][ ]
[ ][ ][1][1][1][ ][ ]
[2][1][2][1][2][1][1]
[2][2][1][1][2][1][1]
[1][2][2][2][1][2][1]

Player 1 Move (Score: 20300):
Current player: 2
[ ][ ][2][ ][2][ ][ ]
[ ][ ][2][ ][2][ ][ ]
[1][ ][1][1][1][ ][ ]
[2][1][2][1][2][1][1]
[2][2][1][1][2][1][1]
[1][2][2][2][1][2][1]

Player 2 Move (Score: -72700):
Current player: 1
[ ][ ][2][ ][2][ ][ ]
[2][ ][2][ ][2][ ][ ]
[1][ ][1][1][1][ ][ ]
[2][1][2][1][2][1][1]
[2][2][1][1][2][1][1]
[1][2][2][2][1][2][1]

Player 1 Move (Score: -2070500):
Current player: 2
[1][ ][2][ ][2][ ][ ]
[2][ ][2][ ][2][ ][ ]
[1][ ][1][1][1][ ][ ]
[2][1][2][1][2][1][1]
[2][2][1][1][2][1][1]
[1][2][2][2][1][2][1]

Player 2 Move (Score: -2070500):
Current player: 1
[1][ ][2][ ][2][ ][ ]
[2][ ][2][ ][2][ ][ ]
[1][ ][1][1][1][ ][2]
[2][1][2][1][2][1][1]
[2][2][1][1][2][1][1]
[1][2][2][2][1][2][1]

Player 1 Move (Score: -2070200):
Current player: 2
[1][ ][2][ ][2][ ][ ]
[2][ ][2][ ][2][ ][1]
[1][ ][1][1][1][ ][2]
[2][1][2][1][2][1][1]
[2][2][1][1][2][1][1]
[1][2][2][2][1][2][1]

Player 2 Move (Score: -2070200):
Current player: 1
[1][ ][2][ ][2][ ][2]
[2][ ][2][ ][2][ ][1]
[1][ ][1][1][1][ ][2]
[2][1][2][1][2][1][1]
[2][2][1][1][2][1][1]
[1][2][2][2][1][2][1]

Player 1 Move (Score: -2070200):
Current player: 2
[1][ ][2][ ][2][ ][2]
[2][ ][2][ ][2][ ][1]
[1][ ][1][1][1][1][2]
[2][1][2][1][2][1][1]
[2][2][1][1][2][1][1]
[1][2][2][2][1][2][1]

Result: Player 1 Wins

