Simulating game 1/10 (Player 1 Depth: 4, Player 2 Depth: 3)
Player 1 Move (Score: 0):
Current player: 2
[ ][ ][ ][ ][ ][ ][ ]
[ ][ ][ ][ ][ ][ ][ ]
[ ][ ][ ][ ][ ][ ][ ]
[ ][ ][ ][ ][ ][ ][ ]
[ ][ ][ ][ ][ ][ ][ ]
[ ][ ][ ][ ][1][ ][ ]

Player 2 Move (Score: -100):
Current player: 1
[ ][ ][ ][ ][ ][ ][ ]
[ ][ ][ ][ ][ ][ ][ ]
[ ][ ][ ][ ][ ][ ][ ]
[ ][ ][ ][ ][ ][ ][ ]
[ ][ ][ ][ ][2][ ][ ]
[ ][ ][ ][ ][1][ ][ ]

Player 1 Move (Score: -100):
Current player: 2
[ ][ ][ ][ ][ ][ ][ ]
[ ][ ][ ][ ][ ][ ][ ]
[ ][ ][ ][ ][ ][ ][ ]
[ ][ ][ ][ ][ ][ ][ ]
[ ][ ][ ][ ][2][ ][ ]
[ ][ ][ ][ ][1][ ][1]

Player 2 Move (Score: -400):
Current player: 1
[ ][ ][ ][ ][ ][ ][ ]
[ ][ ][ ][ ][ ][ ][ ]
[ ][ ][ ][ ][ ][ ][ ]
[ ][ ][ ][ ][ ][ ][ ]
[ ][ ][ ][ ][2][ ][ ]
[ ][ ][ ][ ][1][2][1]

Player 1 Move (Score: -400):
Current player: 2
[ ][ ][ ][ ][ ][ ][ ]
[ ][ ][ ][ ][ ][ ][ ]
[ ][ ][ ][ ][ ][ ][ ]
[ ][ ][ ][ ][ ][ ][ ]
[ ][ ][ ][ ][2][ ][1]
[ ][ ][ ][ ][1][2][1]

Player 2 Move (Score: -400):
Current player: 1
[ ][ ][ ][ ][ ][ ][ ]
[ ][ ][ ][ ][ ][ ][ ]
[ ][ ][ ][ ][ ][ ][ ]
[ ][ ][ ][ ][ ][ ][ ]
[ ][ ][ ][ ][2][2][1]
[ ][ ][ ][ ][1][2][1]

Player 1 Move (Score: -300):
Current player: 2
[ ][ ][ ][ ][ ][ ][ ]
[ ][ ][ ][ ][ ][ ][ ]
[ ][ ][ ][ ][ ][ ][ ]
[ ][ ][ ][ ][ ][1][ ]
[ ][ ][ ][ ][2][2][1]
[ ][ ][ ][ ][1][2][1]

Player 2 Move (Score: -300):
Current player: 1
[ ][ ][ ][ ][ ][ ][ ]
[ ][ ][ ][ ][ ][ ][ ]
[ ][ ][ ][ ][ ][ ][ ]
[ ][ ][ ][ ][ ][1][2]
[ ][ ][ ][ ][2][2][1]
[ ][ ][ ][ ][1][2][1]

Player 1 Move (Score: -300):
Current player: 2
[ ][ ][ ][ ][ ][ ][ ]
[ ][ ][ ][ ][ ][ ][ ]
[ ][ ][ ][ ][ ][ ][ ]
[ ][ ][ ][ ][1][1][2]
[ ][ ][ ][ ][2][2][1]
[ ][ ][ ][ ][1][2][1]

Player 2 Move (Score: -430):
Current player: 1
[ ][ ][ ][ ][ ][ ][ ]
[ ][ ][ ][ ][ ][ ][ ]
[ ][ ][ ][ ][2][ ][ ]
[ ][ ][ ][ ][1][1][2]
[ ][ ][ ][ ][2][2][1]
[ ][ ][ ][ ][1][2][1]

Player 1 Move (Score: -530):
Current player: 2
[ ][ ][ ][ ][ ][ ][ ]
[ ][ ][ ][ ][ ][ ][ ]
[ ][ ][ ][ ][2][1][ ]
[ ][ ][ ][ ][1][1][2]
[ ][ ][ ][ ][2][2][1]
[ ][ ][ ][ ][1][2][1]

Player 2 Move (Score: -530):
Current player: 1
[ ][ ][ ][ ][ ][ ][ ]
[ ][ ][ ][ ][ ][2][ ]
[ ][ ][ ][ ][2][1][ ]
[ ][ ][ ][ ][1][1][2]
[ ][ ][ ][ ][2][2][1]
[ ][ ][ ][ ][1][2][1]

Player 1 Move (Score: -660):
Current player: 2
[ ][ ][ ][ ][ ][ ][ ]
[ ][ ][ ][ ][ ][2][ ]
[ ][ ][ ][ ][2][1][ ]
[ ][ ][ ][ ][1][1][2]
[ ][ ][ ][ ][2][2][1]
[ ][ ][1][ ][1][2][1]

Player 2 Move (Score: -660):
Current player: 1
[ ][ ][ ][ ][ ][ ][ ]
[ ][ ][ ][ ][ ][2][ ]
[ ][ ][ ][ ][2][1][2]
[ ][ ][ ][ ][1][1][2]
[ ][ ][ ][ ][2][2][1]
[ ][ ][1][ ][1][2][1]

Player 1 Move (Score: -10200):
Current player: 2
[ ][ ][ ][ ][ ][ ][ ]
[ ][ ][ ][ ][ ][2][ ]
[ ][ ][ ][ ][2][1][2]
[ ][ ][ ][ ][1][1][2]
[ ][ ][1][ ][2][2][1]
[ ][ ][1][ ][1][2][1]

Player 2 Move (Score: -10200):
Current player: 1
[ ][ ][ ][ ][ ][ ][ ]
[ ][ ][ ][ ][ ][2][2]
[ ][ ][ ][ ][2][1][2]
[ ][ ][ ][ ][1][1][2]
[ ][ ][1][ ][2][2][1]
[ ][ ][1][ ][1][2][1]

Player 1 Move (Score: -10100):
Current player: 2
[ ][ ][ ][ ][ ][ ][1]
[ ][ ][ ][ ][ ][2][2]
[ ][ ][ ][ ][2][1][2]
[ ][ ][ ][ ][1][1][2]
[ ][ ][1][ ][2][2][1]
[ ][ ][1][ ][1][2][1]

Player 2 Move (Score: -10100):
Current player: 1
[ ][ ][ ][ ][ ][ ][1]
[ ][ ][ ][ ][2][2][2]
[ ][ ][ ][ ][2][1][2]
[ ][ ][ ][ ][1][1][2]
[ ][ ][1][ ][2][2][1]
[ ][ ][1][ ][1][2][1]

Player 1 Move (Score: -10000):
Current player: 2
[ ][ ][ ][ ][ ][ ][1]
[ ][ ][ ][ ][2][2][2]
[ ][ ][ ][ ][2][1][2]
[ ][ ][ ][ ][1][1][2]
[ ][ ][1][ ][2][2][1]
[ ][ ][1][1][1][2][1]

Player 2 Move (Score: -10000):
Current player: 1
[ ][ ][ ][ ][ ][ ][1]
[ ][ ][ ][ ][2][2][2]
[ ][ ][ ][ ][2][1][2]
[ ][ ][ ][ ][1][1][2]
[ ][ ][1][ ][2][2][1]
[ ][2][1][1][1][2][1]

Player 1 Move (Score: -10000):
Current player: 2
[ ][ ][ ][ ][ ][1][1]
[ ][ ][ ][ ][2][2][2]
[ ][ ][ ][ ][2][1][2]
[ ][ ][ ][ ][1][1][2]
[ ][ ][1][ ][2][2][1]
[ ][2][1][1][1][2][1]

Player 2 Move (Score: -10000):
Current player: 1
[ ][ ][ ][ ][2][1][1]
[ ][ ][ ][ ][2][2][2]
[ ][ ][ ][ ][2][1][2]
[ ][ ][ ][ ][1][1][2]
[ ][ ][1][ ][2][2][1]
[ ][2][1][1][1][2][1]

Player 1 Move (Score: -10100):
Current player: 2
[ ][ ][ ][ ][2][1][1]
[ ][ ][ ][ ][2][2][2]
[ ][ ][ ][ ][2][1][2]
[ ][ ][ ][ ][1][1][2]
[ ][1][1][ ][2][2][1]
[ ][2][1][1][1][2][1]

Player 2 Move (Score: -10100):
Current player: 1
[ ][ ][ ][ ][2][1][1]
[ ][ ][ ][ ][2][2][2]
[ ][ ][ ][ ][2][1][2]
[ ][ ][ ][ ][1][1][2]
[ ][1][1][2][2][2][1]
[ ][2][1][1][1][2][1]

Player 1 Move (Score: -10100):
Current player: 2
[ ][ ][ ][ ][2][1][1]
[ ][ ][ ][ ][2][2][2]
[ ][ ][ ][ ][2][1][2]
[ ][ ][ ][1][1][1][2]
[ ][1][1][2][2][2][1]
[ ][2][1][1][1][2][1]

Player 2 Move (Score: -10100):
Current player: 1
[ ][ ][ ][ ][2][1][1]
[ ][ ][ ][ ][2][2][2]
[ ][ ][ ][ ][2][1][2]
[ ][2][ ][1][1][1][2]
[ ][1][1][2][2][2][1]
[ ][2][1][1][1][2][1]

Player 1 Move (Score: -10100):
Current player: 2
[ ][ ][ ][ ][2][1][1]
[ ][ ][ ][ ][2][2][2]
[ ][1][ ][ ][2][1][2]
[ ][2][ ][1][1][1][2]
[ ][1][1][2][2][2][1]
[ ][2][1][1][1][2][1]

Player 2 Move (Score: -10100):
Current player: 1
[ ][ ][ ][ ][2][1][1]
[ ][2][ ][ ][2][2][2]
[ ][1][ ][ ][2][1][2]
[ ][2][ ][1][1][1][2]
[ ][1][1][2][2][2][1]
[ ][2][1][1][1][2][1]

Player 1 Move (Score: -10100):
Current player: 2
[ ][1][ ][ ][2][1][1]
[ ][2][ ][ ][2][2][2]
[ ][1][ ][ ][2][1][2]
[ ][2][ ][1][1][1][2]
[ ][1][1][2][2][2][1]
[ ][2][1][1][1][2][1]

Player 2 Move (Score: -10100):
Current player: 1
[ ][1][ ][ ][2][1][1]
[ ][2][ ][ ][2][2][2]
[ ][1][ ][ ][2][1][2]
[ ][2][ ][1][1][1][2]
[ ][1][1][2][2][2][1]
[2][2][1][1][1][2][1]

Player 1 Move (Score: -10000):
Current player: 2
[ ][1][ ][ ][2][1][1]
[ ][2][ ][ ][2][2][2]
[ ][1][ ][ ][2][1][2]
[ ][2][ ][1][1][1][2]
[1][1][1][2][2][2][1]
[2][2][1][1][1][2][1]

Player 2 Move (Score: -10000):
Current player: 1
[ ][1][ ][ ][2][1][1]
[ ][2][ ][ ][2][2][2]
[ ][1][ ][ ][2][1][2]
[ ][2][2][1][1][1][2]
[1][1][1][2][2][2][1]
[2][2][1][1][1][2][1]

Player 1 Move (Score: -10100):
Current player: 2
[ ][1][ ][ ][2][1][1]
[ ][2][ ][ ][2][2][2]
[ ][1][ ][ ][2][1][2]
[1][2][2][1][1][1][2]
[1][1][1][2][2][2][1]
[2][2][1][1][1][2][1]

Player 2 Move (Score: -10100):
Current player: 1
[ ][1][ ][ ][2][1][1]
[ ][2][ ][ ][2][2][2]
[2][1][ ][ ][2][1][2]
[1][2][2][1][1][1][2]
[1][1][1][2][2][2][1]
[2][2][1][1][1][2][1]

Player 1 Move (Score: -10000):
Current player: 2
[ ][1][ ][ ][2][1][1]
[1][2][ ][ ][2][2][2]
[2][1][ ][ ][2][1][2]
[1][2][2][1][1][1][2]
[1][1][1][2][2][2][1]
[2][2][1][1][1][2][1]

Player 2 Move (Score: -10000):
Current player: 1
[2][1][ ][ ][2][1][1]
[1][2][ ][ ][2][2][2]
[2][1][ ][ ][2][1][2]
[1][2][2][1][1][1][2]
[1][1][1][2][2][2][1]
[2][2][1][1][1][2][1]

Player 1 Move (Score: -10000):
Current player: 2
[2][1][ ][ ][2][1][1]
[1][2][ ][ ][2][2][2]
[2][1][1][ ][2][1][2]
[1][2][2][1][1][1][2]
[1][1][1][2][2][2][1]
[2][2][1][1][1][2][1]

Player 2 Move (Score: -10000):
Current player: 1
[2][1][ ][ ][2][1][1]
[1][2][2][ ][2][2][2]
[2][1][1][ ][2][1][2]
[1][2][2][1][1][1][2]
[1][1][1][2][2][2][1]
[2][2][1][1][1][2][1]

Player 1 Move (Score: 0):
Current player: 2
[2][1][ ][ ][2][1][1]
[1][2][2][ ][2][2][2]
[2][1][1][1][2][1][2]
[1][2][2][1][1][1][2]
[1][1][1][2][2][2][1]
[2][2][1][1][1][2][1]

Player 2 Move (Score: -6000000):
Current player: 1
[2][1][ ][ ][2][1][1]
[1][2][2][2][2][2][2]
[2][1][1][1][2][1][2]
[1][2][2][1][1][1][2]
[1][1][1][2][2][2][1]
[2][2][1][1][1][2][1]

Result: Player 2 Wins

Simulating game 2/10 (Player 1 Depth: 4, Player 2 Depth: 3)
Player 1 Move (Score: 0):
Current player: 2
[ ][ ][ ][ ][ ][ ][ ]
[ ][ ][ ][ ][ ][ ][ ]
[ ][ ][ ][ ][ ][ ][ ]
[ ][ ][ ][ ][ ][ ][ ]
[ ][ ][ ][ ][ ][ ][ ]
[ ][ ][1][ ][ ][ ][ ]

Player 2 Move (Score: 0):
Current player: 1
[ ][ ][ ][ ][ ][ ][ ]
[ ][ ][ ][ ][ ][ ][ ]
[ ][ ][ ][ ][ ][ ][ ]
[ ][ ][ ][ ][ ][ ][ ]
[ ][ ][ ][ ][ ][ ][ ]
[ ][ ][1][ ][ ][2][ ]

Player 1 Move (Score: 0):
Current player: 2
[ ][ ][ ][ ][ ][ ][ ]
[ ][ ][ ][ ][ ][ ][ ]
[ ][ ][ ][ ][ ][ ][ ]
[ ][ ][ ][ ][ ][ ][ ]
[ ][ ][ ][ ][ ][ ][ ]
[ ][ ][1][ ][1][2][ ]

Player 2 Move (Score: -300):
Current player: 1
[ ][ ][ ][ ][ ][ ][ ]
[ ][ ][ ][ ][ ][ ][ ]
[ ][ ][ ][ ][ ][ ][ ]
[ ][ ][ ][ ][ ][ ][ ]
[ ][ ][ ][ ][ ][ ][ ]
[ ][ ][1][ ][1][2][2]

Player 1 Move (Score: -100):
Current player: 2
[ ][ ][ ][ ][ ][ ][ ]
[ ][ ][ ][ ][ ][ ][ ]
[ ][ ][ ][ ][ ][ ][ ]
[ ][ ][ ][ ][ ][ ][ ]
[ ][ ][ ][ ][ ][1][ ]
[ ][ ][1][ ][1][2][2]

Player 2 Move (Score: -200):
Current player: 1
[ ][ ][ ][ ][ ][ ][ ]
[ ][ ][ ][ ][ ][ ][ ]
[ ][ ][ ][ ][ ][ ][ ]
[ ][ ][ ][ ][ ][ ][ ]
[ ][ ][ ][ ][2][1][ ]
[ ][ ][1][ ][1][2][2]

Player 1 Move (Score: -200):
Current player: 2
[ ][ ][ ][ ][ ][ ][ ]
[ ][ ][ ][ ][ ][ ][ ]
[ ][ ][ ][ ][ ][ ][ ]
[ ][ ][ ][ ][1][ ][ ]
[ ][ ][ ][ ][2][1][ ]
[ ][ ][1][ ][1][2][2]

Player 2 Move (Score: -200):
Current player: 1
[ ][ ][ ][ ][ ][ ][ ]
[ ][ ][ ][ ][ ][ ][ ]
[ ][ ][ ][ ][ ][ ][ ]
[ ][ ][ ][ ][1][ ][ ]
[ ][ ][ ][ ][2][1][2]
[ ][ ][1][ ][1][2][2]

Player 1 Move (Score: -100):
Current player: 2
[ ][ ][ ][ ][ ][ ][ ]
[ ][ ][ ][ ][ ][ ][ ]
[ ][ ][ ][ ][ ][ ][ ]
[ ][ ][ ][ ][1][ ][1]
[ ][ ][ ][ ][2][1][2]
[ ][ ][1][ ][1][2][2]

Player 2 Move (Score: -10000):
Current player: 1
[ ][ ][ ][ ][ ][ ][ ]
[ ][ ][ ][ ][ ][ ][ ]
[ ][ ][ ][ ][ ][ ][ ]
[ ][ ][ ][ ][1][2][1]
[ ][ ][ ][ ][2][1][2]
[ ][ ][1][ ][1][2][2]

Player 1 Move (Score: -100):
Current player: 2
[ ][ ][ ][ ][ ][ ][ ]
[ ][ ][ ][ ][ ][ ][ ]
[ ][ ][ ][ ][ ][ ][1]
[ ][ ][ ][ ][1][2][1]
[ ][ ][ ][ ][2][1][2]
[ ][ ][1][ ][1][2][2]

Player 2 Move (Score: -20100):
Current player: 1
[ ][ ][ ][ ][ ][ ][ ]
[ ][ ][ ][ ][ ][ ][ ]
[ ][ ][ ][ ][2][ ][1]
[ ][ ][ ][ ][1][2][1]
[ ][ ][ ][ ][2][1][2]
[ ][ ][1][ ][1][2][2]

Player 1 Move (Score: -10560):
Current player: 2
[ ][ ][ ][ ][ ][ ][ ]
[ ][ ][ ][ ][ ][ ][1]
[ ][ ][ ][ ][2][ ][1]
[ ][ ][ ][ ][1][2][1]
[ ][ ][ ][ ][2][1][2]
[ ][ ][1][ ][1][2][2]

Player 2 Move (Score: -20200):
Current player: 1
[ ][ ][ ][ ][ ][ ][2]
[ ][ ][ ][ ][ ][ ][1]
[ ][ ][ ][ ][2][ ][1]
[ ][ ][ ][ ][1][2][1]
[ ][ ][ ][ ][2][1][2]
[ ][ ][1][ ][1][2][2]

Player 1 Move (Score: -20200):
Current player: 2
[ ][ ][ ][ ][ ][ ][2]
[ ][ ][ ][ ][1][ ][1]
[ ][ ][ ][ ][2][ ][1]
[ ][ ][ ][ ][1][2][1]
[ ][ ][ ][ ][2][1][2]
[ ][ ][1][ ][1][2][2]

Player 2 Move (Score: -20300):
Current player: 1
[ ][ ][ ][ ][ ][ ][2]
[ ][ ][ ][ ][1][ ][1]
[ ][ ][ ][ ][2][ ][1]
[ ][ ][ ][ ][1][2][1]
[ ][ ][ ][ ][2][1][2]
[ ][2][1][ ][1][2][2]

Player 1 Move (Score: -20200):
Current player: 2
[ ][ ][ ][ ][1][ ][2]
[ ][ ][ ][ ][1][ ][1]
[ ][ ][ ][ ][2][ ][1]
[ ][ ][ ][ ][1][2][1]
[ ][ ][ ][ ][2][1][2]
[ ][2][1][ ][1][2][2]

Player 2 Move (Score: -20400):
Current player: 1
[ ][ ][ ][ ][1][ ][2]
[ ][ ][ ][ ][1][ ][1]
[ ][ ][ ][ ][2][ ][1]
[ ][ ][ ][ ][1][2][1]
[ ][ ][2][ ][2][1][2]
[ ][2][1][ ][1][2][2]

Player 1 Move (Score: -20200):
Current player: 2
[ ][ ][ ][ ][1][ ][2]
[ ][ ][ ][ ][1][ ][1]
[ ][ ][ ][ ][2][1][1]
[ ][ ][ ][ ][1][2][1]
[ ][ ][2][ ][2][1][2]
[ ][2][1][ ][1][2][2]

Player 2 Move (Score: -20200):
Current player: 1
[ ][ ][ ][ ][1][ ][2]
[ ][ ][ ][ ][1][2][1]
[ ][ ][ ][ ][2][1][1]
[ ][ ][ ][ ][1][2][1]
[ ][ ][2][ ][2][1][2]
[ ][2][1][ ][1][2][2]

Player 1 Move (Score: -40000):
Current player: 2
[ ][ ][ ][ ][1][ ][2]
[ ][ ][ ][ ][1][2][1]
[ ][ ][ ][ ][2][1][1]
[ ][ ][ ][ ][1][2][1]
[ ][1][2][ ][2][1][2]
[ ][2][1][ ][1][2][2]

Player 2 Move (Score: -40000):
Current player: 1
[ ][ ][ ][ ][1][ ][2]
[ ][ ][ ][ ][1][2][1]
[ ][ ][ ][ ][2][1][1]
[ ][ ][ ][ ][1][2][1]
[ ][1][2][ ][2][1][2]
[ ][2][1][2][1][2][2]

Player 1 Move (Score: -39900):
Current player: 2
[ ][ ][ ][ ][1][ ][2]
[ ][ ][ ][ ][1][2][1]
[ ][ ][ ][ ][2][1][1]
[ ][1][ ][ ][1][2][1]
[ ][1][2][ ][2][1][2]
[ ][2][1][2][1][2][2]

Player 2 Move (Score: -39900):
Current player: 1
[ ][ ][ ][ ][1][ ][2]
[ ][ ][ ][ ][1][2][1]
[ ][2][ ][ ][2][1][1]
[ ][1][ ][ ][1][2][1]
[ ][1][2][ ][2][1][2]
[ ][2][1][2][1][2][2]

Player 1 Move (Score: -49800):
Current player: 2
[ ][ ][ ][ ][1][1][2]
[ ][ ][ ][ ][1][2][1]
[ ][2][ ][ ][2][1][1]
[ ][1][ ][ ][1][2][1]
[ ][1][2][ ][2][1][2]
[ ][2][1][2][1][2][2]

Player 2 Move (Score: -49800):
Current player: 1
[ ][ ][ ][ ][1][1][2]
[ ][ ][ ][ ][1][2][1]
[ ][2][ ][ ][2][1][1]
[ ][1][2][ ][1][2][1]
[ ][1][2][ ][2][1][2]
[ ][2][1][2][1][2][2]

Player 1 Move (Score: -50000):
Current player: 2
[ ][ ][ ][ ][1][1][2]
[ ][ ][ ][ ][1][2][1]
[ ][2][1][ ][2][1][1]
[ ][1][2][ ][1][2][1]
[ ][1][2][ ][2][1][2]
[ ][2][1][2][1][2][2]

Player 2 Move (Score: -50000):
Current player: 1
[ ][ ][ ][ ][1][1][2]
[ ][ ][2][ ][1][2][1]
[ ][2][1][ ][2][1][1]
[ ][1][2][ ][1][2][1]
[ ][1][2][ ][2][1][2]
[ ][2][1][2][1][2][2]

Player 1 Move (Score: -50000):
Current player: 2
[ ][ ][ ][ ][1][1][2]
[ ][1][2][ ][1][2][1]
[ ][2][1][ ][2][1][1]
[ ][1][2][ ][1][2][1]
[ ][1][2][ ][2][1][2]
[ ][2][1][2][1][2][2]

Player 2 Move (Score: -50000):
Current player: 1
[ ][2][ ][ ][1][1][2]
[ ][1][2][ ][1][2][1]
[ ][2][1][ ][2][1][1]
[ ][1][2][ ][1][2][1]
[ ][1][2][ ][2][1][2]
[ ][2][1][2][1][2][2]

Player 1 Move (Score: -40100):
Current player: 2
[ ][2][1][ ][1][1][2]
[ ][1][2][ ][1][2][1]
[ ][2][1][ ][2][1][1]
[ ][1][2][ ][1][2][1]
[ ][1][2][ ][2][1][2]
[ ][2][1][2][1][2][2]

Player 2 Move (Score: -40100):
Current player: 1
[ ][2][1][ ][1][1][2]
[ ][1][2][ ][1][2][1]
[ ][2][1][ ][2][1][1]
[ ][1][2][ ][1][2][1]
[ ][1][2][ ][2][1][2]
[2][2][1][2][1][2][2]

Player 1 Move (Score: -50000):
Current player: 2
[ ][2][1][ ][1][1][2]
[ ][1][2][ ][1][2][1]
[ ][2][1][ ][2][1][1]
[ ][1][2][ ][1][2][1]
[1][1][2][ ][2][1][2]
[2][2][1][2][1][2][2]

Player 2 Move (Score: -50000):
Current player: 1
[ ][2][1][ ][1][1][2]
[ ][1][2][ ][1][2][1]
[ ][2][1][ ][2][1][1]
[2][1][2][ ][1][2][1]
[1][1][2][ ][2][1][2]
[2][2][1][2][1][2][2]

Player 1 Move (Score: -2030100):
Current player: 2
[ ][2][1][ ][1][1][2]
[ ][1][2][ ][1][2][1]
[1][2][1][ ][2][1][1]
[2][1][2][ ][1][2][1]
[1][1][2][ ][2][1][2]
[2][2][1][2][1][2][2]

Player 2 Move (Score: -2030100):
Current player: 1
[ ][2][1][ ][1][1][2]
[2][1][2][ ][1][2][1]
[1][2][1][ ][2][1][1]
[2][1][2][ ][1][2][1]
[1][1][2][ ][2][1][2]
[2][2][1][2][1][2][2]

Player 1 Move (Score: -2030100):
Current player: 2
[1][2][1][ ][1][1][2]
[2][1][2][ ][1][2][1]
[1][2][1][ ][2][1][1]
[2][1][2][ ][1][2][1]
[1][1][2][ ][2][1][2]
[2][2][1][2][1][2][2]

Player 2 Move (Score: -2030100):
Current player: 1
[1][2][1][ ][1][1][2]
[2][1][2][ ][1][2][1]
[1][2][1][ ][2][1][1]
[2][1][2][ ][1][2][1]
[1][1][2][2][2][1][2]
[2][2][1][2][1][2][2]

Result: Player 2 Wins

Simulating game 3/10 (Player 1 Depth: 4, Player 2 Depth: 3)
Player 1 Move (Score: 0):
Current player: 2
[ ][ ][ ][ ][ ][ ][ ]
[ ][ ][ ][ ][ ][ ][ ]
[ ][ ][ ][ ][ ][ ][ ]
[ ][ ][ ][ ][ ][ ][ ]
[ ][ ][ ][ ][ ][ ][ ]
[ ][ ][ ][1][ ][ ][ ]

Player 2 Move (Score: 0):
Current player: 1
[ ][ ][ ][ ][ ][ ][ ]
[ ][ ][ ][ ][ ][ ][ ]
[ ][ ][ ][ ][ ][ ][ ]
[ ][ ][ ][ ][ ][ ][ ]
[ ][ ][ ][ ][ ][ ][ ]
[ ][ ][2][1][ ][ ][ ]

Player 1 Move (Score: 0):
Current player: 2
[ ][ ][ ][ ][ ][ ][ ]
[ ][ ][ ][ ][ ][ ][ ]
[ ][ ][ ][ ][ ][ ][ ]
[ ][ ][ ][ ][ ][ ][ ]
[ ][ ][ ][ ][ ][ ][ ]
[ ][ ][2][1][1][ ][ ]

Player 2 Move (Score: -100):
Current player: 1
[ ][ ][ ][ ][ ][ ][ ]
[ ][ ][ ][ ][ ][ ][ ]
[ ][ ][ ][ ][ ][ ][ ]
[ ][ ][ ][ ][ ][ ][ ]
[ ][ ][ ][ ][ ][ ][ ]
[ ][ ][2][1][1][ ][2]

Player 1 Move (Score: 170):
Current player: 2
[ ][ ][ ][ ][ ][ ][ ]
[ ][ ][ ][ ][ ][ ][ ]
[ ][ ][ ][ ][ ][ ][ ]
[ ][ ][ ][ ][ ][ ][ ]
[ ][ ][ ][1][ ][ ][ ]
[ ][ ][2][1][1][ ][2]

Player 2 Move (Score: 170):
Current player: 1
[ ][ ][ ][ ][ ][ ][ ]
[ ][ ][ ][ ][ ][ ][ ]
[ ][ ][ ][ ][ ][ ][ ]
[ ][ ][ ][2][ ][ ][ ]
[ ][ ][ ][1][ ][ ][ ]
[ ][ ][2][1][1][ ][2]

Player 1 Move (Score: 200):
Current player: 2
[ ][ ][ ][ ][ ][ ][ ]
[ ][ ][ ][ ][ ][ ][ ]
[ ][ ][ ][ ][ ][ ][ ]
[ ][ ][ ][2][ ][ ][ ]
[ ][ ][ ][1][ ][ ][1]
[ ][ ][2][1][1][ ][2]

Player 2 Move (Score: -330):
Current player: 1
[ ][ ][ ][ ][ ][ ][ ]
[ ][ ][ ][ ][ ][ ][ ]
[ ][ ][ ][ ][ ][ ][ ]
[ ][ ][ ][2][ ][ ][ ]
[ ][ ][ ][1][2][ ][1]
[ ][ ][2][1][1][ ][2]

Player 1 Move (Score: -10630):
Current player: 2
[ ][ ][ ][ ][ ][ ][ ]
[ ][ ][ ][ ][ ][ ][ ]
[ ][ ][ ][ ][ ][ ][ ]
[ ][ ][ ][2][ ][ ][ ]
[ ][ ][ ][1][2][ ][1]
[ ][ ][2][1][1][1][2]

Player 2 Move (Score: -10630):
Current player: 1
[ ][ ][ ][ ][ ][ ][ ]
[ ][ ][ ][ ][ ][ ][ ]
[ ][ ][ ][ ][ ][ ][ ]
[ ][ ][ ][2][2][ ][ ]
[ ][ ][ ][1][2][ ][1]
[ ][ ][2][1][1][1][2]

Player 1 Move (Score: -12300):
Current player: 2
[ ][ ][ ][ ][ ][ ][ ]
[ ][ ][ ][ ][ ][ ][ ]
[ ][ ][ ][ ][1][ ][ ]
[ ][ ][ ][2][2][ ][ ]
[ ][ ][ ][1][2][ ][1]
[ ][ ][2][1][1][1][2]

Player 2 Move (Score: -12300):
Current player: 1
[ ][ ][ ][ ][ ][ ][ ]
[ ][ ][ ][ ][ ][ ][ ]
[ ][ ][ ][2][1][ ][ ]
[ ][ ][ ][2][2][ ][ ]
[ ][ ][ ][1][2][ ][1]
[ ][ ][2][1][1][1][2]

Player 1 Move (Score: -20100):
Current player: 2
[ ][ ][ ][ ][ ][ ][ ]
[ ][ ][ ][ ][ ][ ][ ]
[ ][ ][ ][2][1][ ][ ]
[ ][ ][ ][2][2][ ][ ]
[ ][ ][ ][1][2][1][1]
[ ][ ][2][1][1][1][2]

Player 2 Move (Score: -20100):
Current player: 1
[ ][ ][ ][ ][ ][ ][ ]
[ ][ ][ ][ ][ ][ ][ ]
[ ][ ][ ][2][1][ ][ ]
[ ][ ][ ][2][2][2][ ]
[ ][ ][ ][1][2][1][1]
[ ][ ][2][1][1][1][2]

Player 1 Move (Score: -10610):
Current player: 2
[ ][ ][ ][ ][ ][ ][ ]
[ ][ ][ ][ ][ ][ ][ ]
[ ][ ][ ][2][1][ ][ ]
[ ][ ][ ][2][2][2][1]
[ ][ ][ ][1][2][1][1]
[ ][ ][2][1][1][1][2]

Player 2 Move (Score: -10610):
Current player: 1
[ ][ ][ ][ ][ ][ ][ ]
[ ][ ][ ][2][ ][ ][ ]
[ ][ ][ ][2][1][ ][ ]
[ ][ ][ ][2][2][2][1]
[ ][ ][ ][1][2][1][1]
[ ][ ][2][1][1][1][2]

Player 1 Move (Score: -10560):
Current player: 2
[ ][ ][ ][1][ ][ ][ ]
[ ][ ][ ][2][ ][ ][ ]
[ ][ ][ ][2][1][ ][ ]
[ ][ ][ ][2][2][2][1]
[ ][ ][ ][1][2][1][1]
[ ][ ][2][1][1][1][2]

Player 2 Move (Score: -10560):
Current player: 1
[ ][ ][ ][1][ ][ ][ ]
[ ][ ][ ][2][ ][ ][ ]
[ ][ ][ ][2][1][2][ ]
[ ][ ][ ][2][2][2][1]
[ ][ ][ ][1][2][1][1]
[ ][ ][2][1][1][1][2]

Player 1 Move (Score: -10400):
Current player: 2
[ ][ ][ ][1][ ][ ][ ]
[ ][ ][ ][2][ ][1][ ]
[ ][ ][ ][2][1][2][ ]
[ ][ ][ ][2][2][2][1]
[ ][ ][ ][1][2][1][1]
[ ][ ][2][1][1][1][2]

Player 2 Move (Score: -10600):
Current player: 1
[ ][ ][ ][1][ ][ ][ ]
[ ][ ][ ][2][2][1][ ]
[ ][ ][ ][2][1][2][ ]
[ ][ ][ ][2][2][2][1]
[ ][ ][ ][1][2][1][1]
[ ][ ][2][1][1][1][2]

Player 1 Move (Score: -10700):
Current player: 2
[ ][ ][ ][1][ ][1][ ]
[ ][ ][ ][2][2][1][ ]
[ ][ ][ ][2][1][2][ ]
[ ][ ][ ][2][2][2][1]
[ ][ ][ ][1][2][1][1]
[ ][ ][2][1][1][1][2]

Player 2 Move (Score: -10700):
Current player: 1
[ ][ ][ ][1][ ][1][ ]
[ ][ ][ ][2][2][1][ ]
[ ][ ][ ][2][1][2][2]
[ ][ ][ ][2][2][2][1]
[ ][ ][ ][1][2][1][1]
[ ][ ][2][1][1][1][2]

Player 1 Move (Score: -400):
Current player: 2
[ ][ ][ ][1][1][1][ ]
[ ][ ][ ][2][2][1][ ]
[ ][ ][ ][2][1][2][2]
[ ][ ][ ][2][2][2][1]
[ ][ ][ ][1][2][1][1]
[ ][ ][2][1][1][1][2]

Player 2 Move (Score: -400):
Current player: 1
[ ][ ][ ][1][1][1][ ]
[ ][ ][ ][2][2][1][2]
[ ][ ][ ][2][1][2][2]
[ ][ ][ ][2][2][2][1]
[ ][ ][ ][1][2][1][1]
[ ][ ][2][1][1][1][2]

Player 1 Move (Score: -200):
Current player: 2
[ ][ ][ ][1][1][1][ ]
[ ][ ][ ][2][2][1][2]
[ ][ ][ ][2][1][2][2]
[ ][ ][ ][2][2][2][1]
[ ][ ][ ][1][2][1][1]
[ ][1][2][1][1][1][2]

Player 2 Move (Score: -200):
Current player: 1
[ ][ ][ ][1][1][1][2]
[ ][ ][ ][2][2][1][2]
[ ][ ][ ][2][1][2][2]
[ ][ ][ ][2][2][2][1]
[ ][ ][ ][1][2][1][1]
[ ][1][2][1][1][1][2]

Player 1 Move (Score: -200):
Current player: 2
[ ][ ][ ][1][1][1][2]
[ ][ ][ ][2][2][1][2]
[ ][ ][ ][2][1][2][2]
[ ][ ][ ][2][2][2][1]
[ ][ ][ ][1][2][1][1]
[1][1][2][1][1][1][2]

Player 2 Move (Score: -200):
Current player: 1
[ ][ ][ ][1][1][1][2]
[ ][ ][ ][2][2][1][2]
[ ][ ][ ][2][1][2][2]
[ ][ ][ ][2][2][2][1]
[ ][2][ ][1][2][1][1]
[1][1][2][1][1][1][2]

Player 1 Move (Score: -300):
Current player: 2
[ ][ ][ ][1][1][1][2]
[ ][ ][ ][2][2][1][2]
[ ][ ][ ][2][1][2][2]
[ ][1][ ][2][2][2][1]
[ ][2][ ][1][2][1][1]
[1][1][2][1][1][1][2]

Player 2 Move (Score: -300):
Current player: 1
[ ][ ][ ][1][1][1][2]
[ ][ ][ ][2][2][1][2]
[ ][ ][ ][2][1][2][2]
[ ][1][ ][2][2][2][1]
[2][2][ ][1][2][1][1]
[1][1][2][1][1][1][2]

Player 1 Move (Score: -300):
Current player: 2
[ ][ ][ ][1][1][1][2]
[ ][ ][ ][2][2][1][2]
[ ][ ][ ][2][1][2][2]
[1][1][ ][2][2][2][1]
[2][2][ ][1][2][1][1]
[1][1][2][1][1][1][2]

Player 2 Move (Score: -300):
Current player: 1
[ ][ ][ ][1][1][1][2]
[ ][ ][ ][2][2][1][2]
[ ][2][ ][2][1][2][2]
[1][1][ ][2][2][2][1]
[2][2][ ][1][2][1][1]
[1][1][2][1][1][1][2]

Player 1 Move (Score: -100):
Current player: 2
[ ][ ][ ][1][1][1][2]
[ ][1][ ][2][2][1][2]
[ ][2][ ][2][1][2][2]
[1][1][ ][2][2][2][1]
[2][2][ ][1][2][1][1]
[1][1][2][1][1][1][2]

Player 2 Move (Score: -100):
Current player: 1
[ ][ ][ ][1][1][1][2]
[ ][1][ ][2][2][1][2]
[2][2][ ][2][1][2][2]
[1][1][ ][2][2][2][1]
[2][2][ ][1][2][1][1]
[1][1][2][1][1][1][2]

Player 1 Move (Score: -1990000):
Current player: 2
[ ][ ][ ][1][1][1][2]
[1][1][ ][2][2][1][2]
[2][2][ ][2][1][2][2]
[1][1][ ][2][2][2][1]
[2][2][ ][1][2][1][1]
[1][1][2][1][1][1][2]

Player 2 Move (Score: -1990000):
Current player: 1
[ ][ ][ ][1][1][1][2]
[1][1][ ][2][2][1][2]
[2][2][ ][2][1][2][2]
[1][1][ ][2][2][2][1]
[2][2][2][1][2][1][1]
[1][1][2][1][1][1][2]

Player 1 Move (Score: -1990000):
Current player: 2
[ ][ ][ ][1][1][1][2]
[1][1][ ][2][2][1][2]
[2][2][ ][2][1][2][2]
[1][1][1][2][2][2][1]
[2][2][2][1][2][1][1]
[1][1][2][1][1][1][2]

Player 2 Move (Score: -1990000):
Current player: 1
[ ][ ][ ][1][1][1][2]
[1][1][ ][2][2][1][2]
[2][2][2][2][1][2][2]
[1][1][1][2][2][2][1]
[2][2][2][1][2][1][1]
[1][1][2][1][1][1][2]

Result: Player 2 Wins

Simulating game 4/10 (Player 1 Depth: 4, Player 2 Depth: 3)
Player 1 Move (Score: 0):
Current player: 2
[ ][ ][ ][ ][ ][ ][ ]
[ ][ ][ ][ ][ ][ ][ ]
[ ][ ][ ][ ][ ][ ][ ]
[ ][ ][ ][ ][ ][ ][ ]
[ ][ ][ ][ ][ ][ ][ ]
[ ][ ][1][ ][ ][ ][ ]

Player 2 Move (Score: 0):
Current player: 1
[ ][ ][ ][ ][ ][ ][ ]
[ ][ ][ ][ ][ ][ ][ ]
[ ][ ][ ][ ][ ][ ][ ]
[ ][ ][ ][ ][ ][ ][ ]
[ ][ ][ ][ ][ ][ ][ ]
[ ][ ][1][2][ ][ ][ ]

Player 1 Move (Score: -100):
Current player: 2
[ ][ ][ ][ ][ ][ ][ ]
[ ][ ][ ][ ][ ][ ][ ]
[ ][ ][ ][ ][ ][ ][ ]
[ ][ ][ ][ ][ ][ ][ ]
[ ][ ][1][ ][ ][ ][ ]
[ ][ ][1][2][ ][ ][ ]

Player 2 Move (Score: -100):
Current player: 1
[ ][ ][ ][ ][ ][ ][ ]
[ ][ ][ ][ ][ ][ ][ ]
[ ][ ][ ][ ][ ][ ][ ]
[ ][ ][ ][ ][ ][ ][ ]
[ ][ ][1][ ][ ][ ][ ]
[ ][ ][1][2][2][ ][ ]

Player 1 Move (Score: -200):
Current player: 2
[ ][ ][ ][ ][ ][ ][ ]
[ ][ ][ ][ ][ ][ ][ ]
[ ][ ][ ][ ][ ][ ][ ]
[ ][ ][1][ ][ ][ ][ ]
[ ][ ][1][ ][ ][ ][ ]
[ ][ ][1][2][2][ ][ ]

Player 2 Move (Score: -200):
Current player: 1
[ ][ ][ ][ ][ ][ ][ ]
[ ][ ][ ][ ][ ][ ][ ]
[ ][ ][ ][ ][ ][ ][ ]
[ ][ ][1][ ][ ][ ][ ]
[ ][ ][1][2][ ][ ][ ]
[ ][ ][1][2][2][ ][ ]

Player 1 Move (Score: 350):
Current player: 2
[ ][ ][ ][ ][ ][ ][ ]
[ ][ ][ ][ ][ ][ ][ ]
[ ][ ][ ][ ][ ][ ][ ]
[ ][ ][1][ ][ ][ ][ ]
[ ][ ][1][2][ ][ ][ ]
[ ][ ][1][2][2][ ][1]

Player 2 Move (Score: -70):
Current player: 1
[ ][ ][ ][ ][ ][ ][ ]
[ ][ ][ ][ ][ ][ ][ ]
[ ][ ][ ][ ][ ][ ][ ]
[ ][ ][1][ ][ ][ ][ ]
[ ][ ][1][2][2][ ][ ]
[ ][ ][1][2][2][ ][1]

Player 1 Move (Score: 12000):
Current player: 2
[ ][ ][ ][ ][ ][ ][ ]
[ ][ ][ ][ ][ ][ ][ ]
[ ][ ][ ][ ][ ][ ][ ]
[ ][ ][1][ ][1][ ][ ]
[ ][ ][1][2][2][ ][ ]
[ ][ ][1][2][2][ ][1]

Player 2 Move (Score: -33690):
Current player: 1
[ ][ ][ ][ ][ ][ ][ ]
[ ][ ][ ][ ][ ][ ][ ]
[ ][ ][ ][ ][ ][ ][ ]
[ ][ ][1][2][1][ ][ ]
[ ][ ][1][2][2][ ][ ]
[ ][ ][1][2][2][ ][1]

Player 1 Move (Score: -1999800):
Current player: 2
[ ][ ][ ][ ][ ][ ][ ]
[ ][ ][ ][ ][ ][ ][ ]
[ ][ ][1][ ][ ][ ][ ]
[ ][ ][1][2][1][ ][ ]
[ ][ ][1][2][2][ ][ ]
[ ][ ][1][2][2][ ][1]

Result: Player 1 Wins

Simulating game 5/10 (Player 1 Depth: 4, Player 2 Depth: 3)
Player 1 Move (Score: 0):
Current player: 2
[ ][ ][ ][ ][ ][ ][ ]
[ ][ ][ ][ ][ ][ ][ ]
[ ][ ][ ][ ][ ][ ][ ]
[ ][ ][ ][ ][ ][ ][ ]
[ ][ ][ ][ ][ ][ ][ ]
[ ][ ][ ][ ][ ][1][ ]

Player 2 Move (Score: -30):
Current player: 1
[ ][ ][ ][ ][ ][ ][ ]
[ ][ ][ ][ ][ ][ ][ ]
[ ][ ][ ][ ][ ][ ][ ]
[ ][ ][ ][ ][ ][ ][ ]
[ ][ ][ ][ ][ ][ ][ ]
[ ][ ][ ][2][ ][1][ ]

Player 1 Move (Score: -100):
Current player: 2
[ ][ ][ ][ ][ ][ ][ ]
[ ][ ][ ][ ][ ][ ][ ]
[ ][ ][ ][ ][ ][ ][ ]
[ ][ ][ ][ ][ ][ ][ ]
[ ][ ][ ][ ][ ][1][ ]
[ ][ ][ ][2][ ][1][ ]

Player 2 Move (Score: -100):
Current player: 1
[ ][ ][ ][ ][ ][ ][ ]
[ ][ ][ ][ ][ ][ ][ ]
[ ][ ][ ][ ][ ][ ][ ]
[ ][ ][ ][ ][ ][ ][ ]
[ ][ ][ ][ ][ ][1][ ]
[ ][ ][ ][2][2][1][ ]

Player 1 Move (Score: 0):
Current player: 2
[ ][ ][ ][ ][ ][ ][ ]
[ ][ ][ ][ ][ ][ ][ ]
[ ][ ][ ][ ][ ][ ][ ]
[ ][ ][ ][ ][ ][ ][ ]
[ ][ ][ ][ ][ ][1][ ]
[ ][ ][ ][2][2][1][1]

Player 2 Move (Score: -9370):
Current player: 1
[ ][ ][ ][ ][ ][ ][ ]
[ ][ ][ ][ ][ ][ ][ ]
[ ][ ][ ][ ][ ][ ][ ]
[ ][ ][ ][ ][ ][2][ ]
[ ][ ][ ][ ][ ][1][ ]
[ ][ ][ ][2][2][1][1]

Player 1 Move (Score: -100):
Current player: 2
[ ][ ][ ][ ][ ][ ][ ]
[ ][ ][ ][ ][ ][ ][ ]
[ ][ ][ ][ ][ ][ ][ ]
[ ][ ][ ][ ][ ][2][ ]
[ ][ ][ ][ ][1][1][ ]
[ ][ ][ ][2][2][1][1]

Player 2 Move (Score: -100):
Current player: 1
[ ][ ][ ][ ][ ][ ][ ]
[ ][ ][ ][ ][ ][ ][ ]
[ ][ ][ ][ ][ ][ ][ ]
[ ][ ][ ][ ][2][2][ ]
[ ][ ][ ][ ][1][1][ ]
[ ][ ][ ][2][2][1][1]

Player 1 Move (Score: -2200):
Current player: 2
[ ][ ][ ][ ][ ][ ][ ]
[ ][ ][ ][ ][ ][ ][ ]
[ ][ ][ ][ ][ ][ ][ ]
[ ][ ][ ][ ][2][2][ ]
[ ][ ][ ][1][1][1][ ]
[ ][ ][ ][2][2][1][1]

Player 2 Move (Score: -2200):
Current player: 1
[ ][ ][ ][ ][ ][ ][ ]
[ ][ ][ ][ ][ ][ ][ ]
[ ][ ][ ][ ][ ][ ][ ]
[ ][ ][ ][2][2][2][ ]
[ ][ ][ ][1][1][1][ ]
[ ][ ][ ][2][2][1][1]

Player 1 Move (Score: -10100):
Current player: 2
[ ][ ][ ][ ][ ][ ][ ]
[ ][ ][ ][ ][ ][ ][ ]
[ ][ ][ ][ ][1][ ][ ]
[ ][ ][ ][2][2][2][ ]
[ ][ ][ ][1][1][1][ ]
[ ][ ][ ][2][2][1][1]

Player 2 Move (Score: -10100):
Current player: 1
[ ][ ][ ][ ][ ][ ][ ]
[ ][ ][ ][ ][ ][ ][ ]
[ ][ ][ ][ ][1][2][ ]
[ ][ ][ ][2][2][2][ ]
[ ][ ][ ][1][1][1][ ]
[ ][ ][ ][2][2][1][1]

Player 1 Move (Score: -10100):
Current player: 2
[ ][ ][ ][ ][ ][ ][ ]
[ ][ ][ ][ ][ ][1][ ]
[ ][ ][ ][ ][1][2][ ]
[ ][ ][ ][2][2][2][ ]
[ ][ ][ ][1][1][1][ ]
[ ][ ][ ][2][2][1][1]

Player 2 Move (Score: -10100):
Current player: 1
[ ][ ][ ][ ][ ][ ][ ]
[ ][ ][ ][ ][ ][1][ ]
[ ][ ][ ][2][1][2][ ]
[ ][ ][ ][2][2][2][ ]
[ ][ ][ ][1][1][1][ ]
[ ][ ][ ][2][2][1][1]

Player 1 Move (Score: -10200):
Current player: 2
[ ][ ][ ][ ][ ][1][ ]
[ ][ ][ ][ ][ ][1][ ]
[ ][ ][ ][2][1][2][ ]
[ ][ ][ ][2][2][2][ ]
[ ][ ][ ][1][1][1][ ]
[ ][ ][ ][2][2][1][1]

Player 2 Move (Score: -10470):
Current player: 1
[ ][ ][ ][ ][ ][1][ ]
[ ][ ][ ][ ][2][1][ ]
[ ][ ][ ][2][1][2][ ]
[ ][ ][ ][2][2][2][ ]
[ ][ ][ ][1][1][1][ ]
[ ][ ][ ][2][2][1][1]

Player 1 Move (Score: -10370):
Current player: 2
[ ][ ][ ][ ][1][1][ ]
[ ][ ][ ][ ][2][1][ ]
[ ][ ][ ][2][1][2][ ]
[ ][ ][ ][2][2][2][ ]
[ ][ ][ ][1][1][1][ ]
[ ][ ][ ][2][2][1][1]

Player 2 Move (Score: -10370):
Current player: 1
[ ][ ][ ][ ][1][1][ ]
[ ][ ][ ][ ][2][1][ ]
[ ][ ][ ][2][1][2][ ]
[ ][ ][ ][2][2][2][ ]
[ ][ ][ ][1][1][1][ ]
[ ][ ][2][2][2][1][1]

Player 1 Move (Score: -10570):
Current player: 2
[ ][ ][ ][ ][1][1][ ]
[ ][ ][ ][ ][2][1][ ]
[ ][ ][ ][2][1][2][ ]
[ ][ ][ ][2][2][2][ ]
[ ][ ][ ][1][1][1][ ]
[ ][1][2][2][2][1][1]

Player 2 Move (Score: -10570):
Current player: 1
[ ][ ][ ][ ][1][1][ ]
[ ][ ][ ][ ][2][1][ ]
[ ][ ][ ][2][1][2][ ]
[ ][ ][ ][2][2][2][ ]
[ ][ ][ ][1][1][1][2]
[ ][1][2][2][2][1][1]

Player 1 Move (Score: -10270):
Current player: 2
[ ][ ][ ][ ][1][1][ ]
[ ][ ][ ][ ][2][1][ ]
[ ][ ][ ][2][1][2][ ]
[ ][ ][ ][2][2][2][1]
[ ][ ][ ][1][1][1][2]
[ ][1][2][2][2][1][1]

Player 2 Move (Score: -10270):
Current player: 1
[ ][ ][ ][ ][1][1][ ]
[ ][ ][ ][ ][2][1][ ]
[ ][ ][ ][2][1][2][2]
[ ][ ][ ][2][2][2][1]
[ ][ ][ ][1][1][1][2]
[ ][1][2][2][2][1][1]

Player 1 Move (Score: -10100):
Current player: 2
[ ][ ][ ][ ][1][1][ ]
[ ][ ][ ][1][2][1][ ]
[ ][ ][ ][2][1][2][2]
[ ][ ][ ][2][2][2][1]
[ ][ ][ ][1][1][1][2]
[ ][1][2][2][2][1][1]

Player 2 Move (Score: -10100):
Current player: 1
[ ][ ][ ][2][1][1][ ]
[ ][ ][ ][1][2][1][ ]
[ ][ ][ ][2][1][2][2]
[ ][ ][ ][2][2][2][1]
[ ][ ][ ][1][1][1][2]
[ ][1][2][2][2][1][1]

Player 1 Move (Score: -10100):
Current player: 2
[ ][ ][ ][2][1][1][ ]
[ ][ ][ ][1][2][1][ ]
[ ][ ][ ][2][1][2][2]
[ ][ ][ ][2][2][2][1]
[ ][ ][ ][1][1][1][2]
[1][1][2][2][2][1][1]

Player 2 Move (Score: -10100):
Current player: 1
[ ][ ][ ][2][1][1][ ]
[ ][ ][ ][1][2][1][ ]
[ ][ ][ ][2][1][2][2]
[ ][ ][ ][2][2][2][1]
[2][ ][ ][1][1][1][2]
[1][1][2][2][2][1][1]

Player 1 Move (Score: -10100):
Current player: 2
[ ][ ][ ][2][1][1][ ]
[ ][ ][ ][1][2][1][ ]
[ ][ ][ ][2][1][2][2]
[1][ ][ ][2][2][2][1]
[2][ ][ ][1][1][1][2]
[1][1][2][2][2][1][1]

Player 2 Move (Score: -10100):
Current player: 1
[ ][ ][ ][2][1][1][ ]
[ ][ ][ ][1][2][1][2]
[ ][ ][ ][2][1][2][2]
[1][ ][ ][2][2][2][1]
[2][ ][ ][1][1][1][2]
[1][1][2][2][2][1][1]

Player 1 Move (Score: -10000):
Current player: 2
[ ][ ][ ][2][1][1][ ]
[ ][ ][ ][1][2][1][2]
[1][ ][ ][2][1][2][2]
[1][ ][ ][2][2][2][1]
[2][ ][ ][1][1][1][2]
[1][1][2][2][2][1][1]

Player 2 Move (Score: -10000):
Current player: 1
[ ][ ][ ][2][1][1][ ]
[2][ ][ ][1][2][1][2]
[1][ ][ ][2][1][2][2]
[1][ ][ ][2][2][2][1]
[2][ ][ ][1][1][1][2]
[1][1][2][2][2][1][1]

Player 1 Move (Score: -10100):
Current player: 2
[ ][ ][ ][2][1][1][1]
[2][ ][ ][1][2][1][2]
[1][ ][ ][2][1][2][2]
[1][ ][ ][2][2][2][1]
[2][ ][ ][1][1][1][2]
[1][1][2][2][2][1][1]

Player 2 Move (Score: -10100):
Current player: 1
[ ][ ][ ][2][1][1][1]
[2][ ][ ][1][2][1][2]
[1][ ][ ][2][1][2][2]
[1][ ][ ][2][2][2][1]
[2][2][ ][1][1][1][2]
[1][1][2][2][2][1][1]

Player 1 Move (Score: -10200):
Current player: 2
[1][ ][ ][2][1][1][1]
[2][ ][ ][1][2][1][2]
[1][ ][ ][2][1][2][2]
[1][ ][ ][2][2][2][1]
[2][2][ ][1][1][1][2]
[1][1][2][2][2][1][1]

Player 2 Move (Score: -10200):
Current player: 1
[1][ ][ ][2][1][1][1]
[2][ ][ ][1][2][1][2]
[1][ ][ ][2][1][2][2]
[1][2][ ][2][2][2][1]
[2][2][ ][1][1][1][2]
[1][1][2][2][2][1][1]

Player 1 Move (Score: -10100):
Current player: 2
[1][ ][ ][2][1][1][1]
[2][ ][ ][1][2][1][2]
[1][1][ ][2][1][2][2]
[1][2][ ][2][2][2][1]
[2][2][ ][1][1][1][2]
[1][1][2][2][2][1][1]

Player 2 Move (Score: -10100):
Current player: 1
[1][ ][ ][2][1][1][1]
[2][2][ ][1][2][1][2]
[1][1][ ][2][1][2][2]
[1][2][ ][2][2][2][1]
[2][2][ ][1][1][1][2]
[1][1][2][2][2][1][1]

Player 1 Move (Score: 0):
Current player: 2
[1][1][ ][2][1][1][1]
[2][2][ ][1][2][1][2]
[1][1][ ][2][1][2][2]
[1][2][ ][2][2][2][1]
[2][2][ ][1][1][1][2]
[1][1][2][2][2][1][1]

Player 2 Move (Score: 0):
Current player: 1
[1][1][ ][2][1][1][1]
[2][2][ ][1][2][1][2]
[1][1][ ][2][1][2][2]
[1][2][ ][2][2][2][1]
[2][2][2][1][1][1][2]
[1][1][2][2][2][1][1]

Player 1 Move (Score: 0):
Current player: 2
[1][1][ ][2][1][1][1]
[2][2][ ][1][2][1][2]
[1][1][ ][2][1][2][2]
[1][2][1][2][2][2][1]
[2][2][2][1][1][1][2]
[1][1][2][2][2][1][1]

Player 2 Move (Score: 0):
Current player: 1
[1][1][ ][2][1][1][1]
[2][2][ ][1][2][1][2]
[1][1][2][2][1][2][2]
[1][2][1][2][2][2][1]
[2][2][2][1][1][1][2]
[1][1][2][2][2][1][1]

Player 1 Move (Score: 0):
Current player: 2
[1][1][ ][2][1][1][1]
[2][2][1][1][2][1][2]
[1][1][2][2][1][2][2]
[1][2][1][2][2][2][1]
[2][2][2][1][1][1][2]
[1][1][2][2][2][1][1]

Player 2 Move (Score: 0):
Current player: 1
[1][1][2][2][1][1][1]
[2][2][1][1][2][1][2]
[1][1][2][2][1][2][2]
[1][2][1][2][2][2][1]
[2][2][2][1][1][1][2]
[1][1][2][2][2][1][1]

Result: Draw

Simulating game 6/10 (Player 1 Depth: 4, Player 2 Depth: 3)
Player 1 Move (Score: 0):
Current player: 2
[ ][ ][ ][ ][ ][ ][ ]
[ ][ ][ ][ ][ ][ ][ ]
[ ][ ][ ][ ][ ][ ][ ]
[ ][ ][ ][ ][ ][ ][ ]
[ ][ ][ ][ ][ ][ ][ ]
[ ][ ][ ][ ][ ][1][ ]

Player 2 Move (Score: -30):
Current player: 1
[ ][ ][ ][ ][ ][ ][ ]
[ ][ ][ ][ ][ ][ ][ ]
[ ][ ][ ][ ][ ][ ][ ]
[ ][ ][ ][ ][ ][ ][ ]
[ ][ ][ ][ ][ ][ ][ ]
[ ][ ][ ][2][ ][1][ ]

Player 1 Move (Score: -100):
Current player: 2
[ ][ ][ ][ ][ ][ ][ ]
[ ][ ][ ][ ][ ][ ][ ]
[ ][ ][ ][ ][ ][ ][ ]
[ ][ ][ ][ ][ ][ ][ ]
[ ][ ][ ][ ][ ][1][ ]
[ ][ ][ ][2][ ][1][ ]

Player 2 Move (Score: -100):
Current player: 1
[ ][ ][ ][ ][ ][ ][ ]
[ ][ ][ ][ ][ ][ ][ ]
[ ][ ][ ][ ][ ][ ][ ]
[ ][ ][ ][ ][ ][ ][ ]
[ ][ ][ ][2][ ][1][ ]
[ ][ ][ ][2][ ][1][ ]

Player 1 Move (Score: -300):
Current player: 2
[ ][ ][ ][ ][ ][ ][ ]
[ ][ ][ ][ ][ ][ ][ ]
[ ][ ][ ][ ][ ][ ][ ]
[ ][ ][ ][ ][ ][ ][ ]
[ ][ ][ ][2][ ][1][ ]
[ ][ ][ ][2][1][1][ ]

Player 2 Move (Score: -9900):
Current player: 1
[ ][ ][ ][ ][ ][ ][ ]
[ ][ ][ ][ ][ ][ ][ ]
[ ][ ][ ][ ][ ][ ][ ]
[ ][ ][ ][ ][ ][2][ ]
[ ][ ][ ][2][ ][1][ ]
[ ][ ][ ][2][1][1][ ]

Player 1 Move (Score: -10000):
Current player: 2
[ ][ ][ ][ ][ ][ ][ ]
[ ][ ][ ][ ][ ][ ][ ]
[ ][ ][ ][ ][ ][1][ ]
[ ][ ][ ][ ][ ][2][ ]
[ ][ ][ ][2][ ][1][ ]
[ ][ ][ ][2][1][1][ ]

Player 2 Move (Score: -10300):
Current player: 1
[ ][ ][ ][ ][ ][ ][ ]
[ ][ ][ ][ ][ ][ ][ ]
[ ][ ][ ][ ][ ][1][ ]
[ ][ ][ ][2][ ][2][ ]
[ ][ ][ ][2][ ][1][ ]
[ ][ ][ ][2][1][1][ ]

Player 1 Move (Score: -10300):
Current player: 2
[ ][ ][ ][ ][ ][ ][ ]
[ ][ ][ ][ ][ ][ ][ ]
[ ][ ][ ][ ][ ][1][ ]
[ ][ ][ ][2][ ][2][ ]
[ ][ ][ ][2][ ][1][ ]
[ ][ ][ ][2][1][1][1]

Player 2 Move (Score: -2010100):
Current player: 1
[ ][ ][ ][ ][ ][ ][ ]
[ ][ ][ ][ ][ ][2][ ]
[ ][ ][ ][ ][ ][1][ ]
[ ][ ][ ][2][ ][2][ ]
[ ][ ][ ][2][ ][1][ ]
[ ][ ][ ][2][1][1][1]

Player 1 Move (Score: -22400):
Current player: 2
[ ][ ][ ][ ][ ][ ][ ]
[ ][ ][ ][ ][ ][2][ ]
[ ][ ][ ][1][ ][1][ ]
[ ][ ][ ][2][ ][2][ ]
[ ][ ][ ][2][ ][1][ ]
[ ][ ][ ][2][1][1][1]

Player 2 Move (Score: -22400):
Current player: 1
[ ][ ][ ][ ][ ][ ][ ]
[ ][ ][ ][ ][ ][2][ ]
[ ][ ][ ][1][ ][1][ ]
[ ][ ][ ][2][ ][2][ ]
[ ][ ][ ][2][2][1][ ]
[ ][ ][ ][2][1][1][1]

Player 1 Move (Score: -22500):
Current player: 2
[ ][ ][ ][ ][ ][ ][ ]
[ ][ ][ ][ ][ ][2][ ]
[ ][ ][ ][1][ ][1][ ]
[ ][ ][ ][2][ ][2][ ]
[ ][ ][ ][2][2][1][1]
[ ][ ][ ][2][1][1][1]

Player 2 Move (Score: -2010500):
Current player: 1
[ ][ ][ ][ ][ ][ ][ ]
[ ][ ][ ][ ][ ][2][ ]
[ ][ ][ ][1][ ][1][ ]
[ ][ ][ ][2][ ][2][2]
[ ][ ][ ][2][2][1][1]
[ ][ ][ ][2][1][1][1]

Player 1 Move (Score: -2010500):
Current player: 2
[ ][ ][ ][ ][ ][ ][ ]
[ ][ ][ ][ ][ ][2][ ]
[ ][ ][ ][1][ ][1][1]
[ ][ ][ ][2][ ][2][2]
[ ][ ][ ][2][2][1][1]
[ ][ ][ ][2][1][1][1]

Player 2 Move (Score: -2010500):
Current player: 1
[ ][ ][ ][ ][ ][ ][ ]
[ ][ ][ ][2][ ][2][ ]
[ ][ ][ ][1][ ][1][1]
[ ][ ][ ][2][ ][2][2]
[ ][ ][ ][2][2][1][1]
[ ][ ][ ][2][1][1][1]

Player 1 Move (Score: -2010500):
Current player: 2
[ ][ ][ ][ ][ ][ ][ ]
[ ][ ][ ][2][ ][2][ ]
[ ][ ][ ][1][ ][1][1]
[ ][ ][ ][2][ ][2][2]
[ ][ ][ ][2][2][1][1]
[1][ ][ ][2][1][1][1]

Player 2 Move (Score: -2010500):
Current player: 1
[ ][ ][ ][ ][ ][ ][ ]
[ ][ ][ ][2][ ][2][ ]
[ ][ ][ ][1][ ][1][1]
[ ][ ][ ][2][2][2][2]
[ ][ ][ ][2][2][1][1]
[1][ ][ ][2][1][1][1]

Result: Player 2 Wins

Simulating game 7/10 (Player 1 Depth: 4, Player 2 Depth: 3)
Player 1 Move (Score: 0):
Current player: 2
[ ][ ][ ][ ][ ][ ][ ]
[ ][ ][ ][ ][ ][ ][ ]
[ ][ ][ ][ ][ ][ ][ ]
[ ][ ][ ][ ][ ][ ][ ]
[ ][ ][ ][ ][ ][ ][ ]
[ ][ ][1][ ][ ][ ][ ]

Player 2 Move (Score: 0):
Current player: 1
[ ][ ][ ][ ][ ][ ][ ]
[ ][ ][ ][ ][ ][ ][ ]
[ ][ ][ ][ ][ ][ ][ ]
[ ][ ][ ][ ][ ][ ][ ]
[ ][ ][ ][ ][ ][ ][ ]
[ ][2][1][ ][ ][ ][ ]

Player 1 Move (Score: 0):
Current player: 2
[ ][ ][ ][ ][ ][ ][ ]
[ ][ ][ ][ ][ ][ ][ ]
[ ][ ][ ][ ][ ][ ][ ]
[ ][ ][ ][ ][ ][ ][ ]
[ ][ ][ ][ ][ ][ ][ ]
[ ][2][1][1][ ][ ][ ]

Player 2 Move (Score: -100):
Current player: 1
[ ][ ][ ][ ][ ][ ][ ]
[ ][ ][ ][ ][ ][ ][ ]
[ ][ ][ ][ ][ ][ ][ ]
[ ][ ][ ][ ][ ][ ][ ]
[ ][2][ ][ ][ ][ ][ ]
[ ][2][1][1][ ][ ][ ]

Player 1 Move (Score: 100):
Current player: 2
[ ][ ][ ][ ][ ][ ][ ]
[ ][ ][ ][ ][ ][ ][ ]
[ ][ ][ ][ ][ ][ ][ ]
[ ][ ][ ][ ][ ][ ][ ]
[ ][2][ ][1][ ][ ][ ]
[ ][2][1][1][ ][ ][ ]

Player 2 Move (Score: 100):
Current player: 1
[ ][ ][ ][ ][ ][ ][ ]
[ ][ ][ ][ ][ ][ ][ ]
[ ][ ][ ][ ][ ][ ][ ]
[ ][ ][ ][ ][ ][ ][ ]
[ ][2][ ][1][ ][ ][ ]
[ ][2][1][1][2][ ][ ]

Player 1 Move (Score: 300):
Current player: 2
[ ][ ][ ][ ][ ][ ][ ]
[ ][ ][ ][ ][ ][ ][ ]
[ ][ ][ ][ ][ ][ ][ ]
[ ][ ][ ][ ][ ][ ][ ]
[ ][2][ ][1][1][ ][ ]
[ ][2][1][1][2][ ][ ]

Player 2 Move (Score: 300):
Current player: 1
[ ][ ][ ][ ][ ][ ][ ]
[ ][ ][ ][ ][ ][ ][ ]
[ ][ ][ ][ ][ ][ ][ ]
[ ][2][ ][ ][ ][ ][ ]
[ ][2][ ][1][1][ ][ ]
[ ][2][1][1][2][ ][ ]

Player 1 Move (Score: 300):
Current player: 2
[ ][ ][ ][ ][ ][ ][ ]
[ ][ ][ ][ ][ ][ ][ ]
[ ][1][ ][ ][ ][ ][ ]
[ ][2][ ][ ][ ][ ][ ]
[ ][2][ ][1][1][ ][ ]
[ ][2][1][1][2][ ][ ]

Player 2 Move (Score: 300):
Current player: 1
[ ][ ][ ][ ][ ][ ][ ]
[ ][ ][ ][ ][ ][ ][ ]
[ ][1][ ][ ][ ][ ][ ]
[ ][2][ ][2][ ][ ][ ]
[ ][2][ ][1][1][ ][ ]
[ ][2][1][1][2][ ][ ]

Player 1 Move (Score: 9870):
Current player: 2
[ ][ ][ ][ ][ ][ ][ ]
[ ][ ][ ][ ][ ][ ][ ]
[ ][1][ ][ ][ ][ ][ ]
[ ][2][ ][2][1][ ][ ]
[ ][2][ ][1][1][ ][ ]
[ ][2][1][1][2][ ][ ]

Player 2 Move (Score: 9870):
Current player: 1
[ ][ ][ ][ ][ ][ ][ ]
[ ][ ][ ][ ][ ][ ][ ]
[ ][1][ ][ ][2][ ][ ]
[ ][2][ ][2][1][ ][ ]
[ ][2][ ][1][1][ ][ ]
[ ][2][1][1][2][ ][ ]

Player 1 Move (Score: 10050):
Current player: 2
[ ][ ][ ][ ][ ][ ][ ]
[ ][ ][ ][ ][ ][ ][ ]
[ ][1][ ][ ][2][ ][ ]
[ ][2][ ][2][1][ ][ ]
[ ][2][1][1][1][ ][ ]
[ ][2][1][1][2][ ][ ]

Player 2 Move (Score: 10050):
Current player: 1
[ ][ ][ ][ ][ ][ ][ ]
[ ][ ][ ][ ][ ][ ][ ]
[ ][1][ ][ ][2][ ][ ]
[ ][2][2][2][1][ ][ ]
[ ][2][1][1][1][ ][ ]
[ ][2][1][1][2][ ][ ]

Player 1 Move (Score: 10000):
Current player: 2
[ ][ ][ ][ ][ ][ ][ ]
[ ][ ][ ][ ][ ][ ][ ]
[ ][1][ ][1][2][ ][ ]
[ ][2][2][2][1][ ][ ]
[ ][2][1][1][1][ ][ ]
[ ][2][1][1][2][ ][ ]

Player 2 Move (Score: 10000):
Current player: 1
[ ][ ][ ][ ][ ][ ][ ]
[ ][ ][ ][ ][ ][ ][ ]
[ ][1][ ][1][2][ ][ ]
[ ][2][2][2][1][ ][ ]
[ ][2][1][1][1][ ][ ]
[ ][2][1][1][2][ ][2]

Player 1 Move (Score: 19900):
Current player: 2
[ ][ ][ ][ ][ ][ ][ ]
[ ][ ][ ][ ][ ][ ][ ]
[ ][1][1][1][2][ ][ ]
[ ][2][2][2][1][ ][ ]
[ ][2][1][1][1][ ][ ]
[ ][2][1][1][2][ ][2]

Player 2 Move (Score: 19900):
Current player: 1
[ ][ ][ ][ ][ ][ ][ ]
[ ][ ][2][ ][ ][ ][ ]
[ ][1][1][1][2][ ][ ]
[ ][2][2][2][1][ ][ ]
[ ][2][1][1][1][ ][ ]
[ ][2][1][1][2][ ][2]

Player 1 Move (Score: 10000):
Current player: 2
[ ][ ][ ][ ][ ][ ][ ]
[ ][ ][2][ ][ ][ ][ ]
[ ][1][1][1][2][ ][ ]
[ ][2][2][2][1][ ][ ]
[ ][2][1][1][1][ ][ ]
[ ][2][1][1][2][1][2]

Player 2 Move (Score: 9670):
Current player: 1
[ ][ ][ ][ ][ ][ ][ ]
[ ][ ][2][2][ ][ ][ ]
[ ][1][1][1][2][ ][ ]
[ ][2][2][2][1][ ][ ]
[ ][2][1][1][1][ ][ ]
[ ][2][1][1][2][1][2]

Player 1 Move (Score: -100):
Current player: 2
[ ][ ][ ][ ][ ][ ][ ]
[ ][ ][2][2][1][ ][ ]
[ ][1][1][1][2][ ][ ]
[ ][2][2][2][1][ ][ ]
[ ][2][1][1][1][ ][ ]
[ ][2][1][1][2][1][2]

Player 2 Move (Score: -100):
Current player: 1
[ ][ ][2][ ][ ][ ][ ]
[ ][ ][2][2][1][ ][ ]
[ ][1][1][1][2][ ][ ]
[ ][2][2][2][1][ ][ ]
[ ][2][1][1][1][ ][ ]
[ ][2][1][1][2][1][2]

Player 1 Move (Score: -300):
Current player: 2
[ ][ ][2][ ][ ][ ][ ]
[ ][1][2][2][1][ ][ ]
[ ][1][1][1][2][ ][ ]
[ ][2][2][2][1][ ][ ]
[ ][2][1][1][1][ ][ ]
[ ][2][1][1][2][1][2]

Player 2 Move (Score: -300):
Current player: 1
[ ][ ][2][2][ ][ ][ ]
[ ][1][2][2][1][ ][ ]
[ ][1][1][1][2][ ][ ]
[ ][2][2][2][1][ ][ ]
[ ][2][1][1][1][ ][ ]
[ ][2][1][1][2][1][2]

Player 1 Move (Score: -10000):
Current player: 2
[ ][ ][2][2][ ][ ][ ]
[ ][1][2][2][1][ ][ ]
[ ][1][1][1][2][ ][ ]
[ ][2][2][2][1][ ][ ]
[ ][2][1][1][1][ ][1]
[ ][2][1][1][2][1][2]

Player 2 Move (Score: -10100):
Current player: 1
[ ][ ][2][2][2][ ][ ]
[ ][1][2][2][1][ ][ ]
[ ][1][1][1][2][ ][ ]
[ ][2][2][2][1][ ][ ]
[ ][2][1][1][1][ ][1]
[ ][2][1][1][2][1][2]

Player 1 Move (Score: -10100):
Current player: 2
[ ][1][2][2][2][ ][ ]
[ ][1][2][2][1][ ][ ]
[ ][1][1][1][2][ ][ ]
[ ][2][2][2][1][ ][ ]
[ ][2][1][1][1][ ][1]
[ ][2][1][1][2][1][2]

Player 2 Move (Score: -10100):
Current player: 1
[ ][1][2][2][2][ ][ ]
[ ][1][2][2][1][ ][ ]
[ ][1][1][1][2][ ][ ]
[ ][2][2][2][1][ ][2]
[ ][2][1][1][1][ ][1]
[ ][2][1][1][2][1][2]

Player 1 Move (Score: -10400):
Current player: 2
[ ][1][2][2][2][ ][ ]
[ ][1][2][2][1][ ][ ]
[ ][1][1][1][2][ ][1]
[ ][2][2][2][1][ ][2]
[ ][2][1][1][1][ ][1]
[ ][2][1][1][2][1][2]

Player 2 Move (Score: -1999800):
Current player: 1
[ ][1][2][2][2][ ][ ]
[ ][1][2][2][1][ ][ ]
[ ][1][1][1][2][ ][1]
[ ][2][2][2][1][ ][2]
[ ][2][1][1][1][2][1]
[ ][2][1][1][2][1][2]

Player 1 Move (Score: -1999800):
Current player: 2
[ ][1][2][2][2][ ][ ]
[ ][1][2][2][1][ ][ ]
[ ][1][1][1][2][ ][1]
[ ][2][2][2][1][1][2]
[ ][2][1][1][1][2][1]
[ ][2][1][1][2][1][2]

Result: Player 1 Wins

Simulating game 8/10 (Player 1 Depth: 4, Player 2 Depth: 3)
Player 1 Move (Score: 0):
Current player: 2
[ ][ ][ ][ ][ ][ ][ ]
[ ][ ][ ][ ][ ][ ][ ]
[ ][ ][ ][ ][ ][ ][ ]
[ ][ ][ ][ ][ ][ ][ ]
[ ][ ][ ][ ][ ][ ][ ]
[ ][ ][ ][ ][ ][ ][1]

Player 2 Move (Score: -50):
Current player: 1
[ ][ ][ ][ ][ ][ ][ ]
[ ][ ][ ][ ][ ][ ][ ]
[ ][ ][ ][ ][ ][ ][ ]
[ ][ ][ ][ ][ ][ ][ ]
[ ][ ][ ][ ][ ][ ][ ]
[ ][ ][2][ ][ ][ ][1]

Player 1 Move (Score: -200):
Current player: 2
[ ][ ][ ][ ][ ][ ][ ]
[ ][ ][ ][ ][ ][ ][ ]
[ ][ ][ ][ ][ ][ ][ ]
[ ][ ][ ][ ][ ][ ][ ]
[ ][ ][1][ ][ ][ ][ ]
[ ][ ][2][ ][ ][ ][1]

Player 2 Move (Score: -9900):
Current player: 1
[ ][ ][ ][ ][ ][ ][ ]
[ ][ ][ ][ ][ ][ ][ ]
[ ][ ][ ][ ][ ][ ][ ]
[ ][ ][ ][ ][ ][ ][ ]
[ ][ ][1][ ][ ][ ][ ]
[ ][ ][2][ ][2][ ][1]

Player 1 Move (Score: -200):
Current player: 2
[ ][ ][ ][ ][ ][ ][ ]
[ ][ ][ ][ ][ ][ ][ ]
[ ][ ][ ][ ][ ][ ][ ]
[ ][ ][ ][ ][ ][ ][ ]
[ ][ ][1][ ][ ][ ][ ]
[ ][ ][2][1][2][ ][1]

Player 2 Move (Score: -200):
Current player: 1
[ ][ ][ ][ ][ ][ ][ ]
[ ][ ][ ][ ][ ][ ][ ]
[ ][ ][ ][ ][ ][ ][ ]
[ ][ ][ ][ ][ ][ ][ ]
[ ][ ][1][ ][ ][ ][2]
[ ][ ][2][1][2][ ][1]

Player 1 Move (Score: 330):
Current player: 2
[ ][ ][ ][ ][ ][ ][ ]
[ ][ ][ ][ ][ ][ ][ ]
[ ][ ][ ][ ][ ][ ][ ]
[ ][ ][ ][ ][ ][ ][ ]
[ ][ ][1][1][ ][ ][2]
[ ][ ][2][1][2][ ][1]

Player 2 Move (Score: 330):
Current player: 1
[ ][ ][ ][ ][ ][ ][ ]
[ ][ ][ ][ ][ ][ ][ ]
[ ][ ][ ][ ][ ][ ][ ]
[ ][ ][ ][ ][ ][ ][ ]
[ ][ ][1][1][2][ ][2]
[ ][ ][2][1][2][ ][1]

Player 1 Move (Score: 350):
Current player: 2
[ ][ ][ ][ ][ ][ ][ ]
[ ][ ][ ][ ][ ][ ][ ]
[ ][ ][ ][ ][ ][ ][ ]
[ ][ ][ ][1][ ][ ][ ]
[ ][ ][1][1][2][ ][2]
[ ][ ][2][1][2][ ][1]

Player 2 Move (Score: 350):
Current player: 1
[ ][ ][ ][ ][ ][ ][ ]
[ ][ ][ ][ ][ ][ ][ ]
[ ][ ][ ][2][ ][ ][ ]
[ ][ ][ ][1][ ][ ][ ]
[ ][ ][1][1][2][ ][2]
[ ][ ][2][1][2][ ][1]

Player 1 Move (Score: 500):
Current player: 2
[ ][ ][ ][ ][ ][ ][ ]
[ ][ ][ ][ ][ ][ ][ ]
[ ][ ][ ][2][ ][ ][ ]
[ ][ ][1][1][ ][ ][ ]
[ ][ ][1][1][2][ ][2]
[ ][ ][2][1][2][ ][1]

Player 2 Move (Score: 500):
Current player: 1
[ ][ ][ ][ ][ ][ ][ ]
[ ][ ][ ][ ][ ][ ][ ]
[ ][ ][2][2][ ][ ][ ]
[ ][ ][1][1][ ][ ][ ]
[ ][ ][1][1][2][ ][2]
[ ][ ][2][1][2][ ][1]

Player 1 Move (Score: 300):
Current player: 2
[ ][ ][ ][ ][ ][ ][ ]
[ ][ ][ ][ ][ ][ ][ ]
[ ][ ][2][2][ ][ ][ ]
[ ][ ][1][1][ ][ ][ ]
[ ][ ][1][1][2][ ][2]
[ ][ ][2][1][2][1][1]

Player 2 Move (Score: 170):
Current player: 1
[ ][ ][ ][ ][ ][ ][ ]
[ ][ ][ ][2][ ][ ][ ]
[ ][ ][2][2][ ][ ][ ]
[ ][ ][1][1][ ][ ][ ]
[ ][ ][1][1][2][ ][2]
[ ][ ][2][1][2][1][1]

Player 1 Move (Score: 20):
Current player: 2
[ ][ ][ ][ ][ ][ ][ ]
[ ][ ][1][2][ ][ ][ ]
[ ][ ][2][2][ ][ ][ ]
[ ][ ][1][1][ ][ ][ ]
[ ][ ][1][1][2][ ][2]
[ ][ ][2][1][2][1][1]

Player 2 Move (Score: 20):
Current player: 1
[ ][ ][2][ ][ ][ ][ ]
[ ][ ][1][2][ ][ ][ ]
[ ][ ][2][2][ ][ ][ ]
[ ][ ][1][1][ ][ ][ ]
[ ][ ][1][1][2][ ][2]
[ ][ ][2][1][2][1][1]

Player 1 Move (Score: 20):
Current player: 2
[ ][ ][2][ ][ ][ ][ ]
[ ][ ][1][2][ ][ ][ ]
[ ][ ][2][2][ ][ ][ ]
[ ][ ][1][1][ ][ ][1]
[ ][ ][1][1][2][ ][2]
[ ][ ][2][1][2][1][1]

Player 2 Move (Score: -9830):
Current player: 1
[ ][ ][2][ ][ ][ ][ ]
[ ][ ][1][2][ ][ ][ ]
[ ][ ][2][2][ ][ ][ ]
[ ][ ][1][1][ ][ ][1]
[ ][ ][1][1][2][ ][2]
[ ][2][2][1][2][1][1]

Player 1 Move (Score: -9730):
Current player: 2
[ ][ ][2][1][ ][ ][ ]
[ ][ ][1][2][ ][ ][ ]
[ ][ ][2][2][ ][ ][ ]
[ ][ ][1][1][ ][ ][1]
[ ][ ][1][1][2][ ][2]
[ ][2][2][1][2][1][1]

Player 2 Move (Score: -9730):
Current player: 1
[ ][ ][2][1][ ][ ][ ]
[ ][ ][1][2][ ][ ][ ]
[ ][ ][2][2][ ][ ][ ]
[ ][ ][1][1][ ][ ][1]
[ ][ ][1][1][2][ ][2]
[2][2][2][1][2][1][1]

Player 1 Move (Score: -9680):
Current player: 2
[ ][ ][2][1][ ][ ][ ]
[ ][ ][1][2][ ][ ][ ]
[ ][ ][2][2][ ][ ][ ]
[ ][ ][1][1][ ][ ][1]
[ ][ ][1][1][2][1][2]
[2][2][2][1][2][1][1]

Player 2 Move (Score: -9680):
Current player: 1
[ ][ ][2][1][ ][ ][ ]
[ ][ ][1][2][ ][ ][ ]
[ ][ ][2][2][ ][ ][ ]
[ ][ ][1][1][ ][2][1]
[ ][ ][1][1][2][1][2]
[2][2][2][1][2][1][1]

Player 1 Move (Score: -9760):
Current player: 2
[ ][ ][2][1][ ][ ][ ]
[ ][ ][1][2][ ][ ][ ]
[ ][ ][2][2][ ][ ][1]
[ ][ ][1][1][ ][2][1]
[ ][ ][1][1][2][1][2]
[2][2][2][1][2][1][1]

Player 2 Move (Score: -9760):
Current player: 1
[ ][ ][2][1][ ][ ][ ]
[ ][ ][1][2][ ][ ][2]
[ ][ ][2][2][ ][ ][1]
[ ][ ][1][1][ ][2][1]
[ ][ ][1][1][2][1][2]
[2][2][2][1][2][1][1]

Player 1 Move (Score: -10030):
Current player: 2
[ ][ ][2][1][ ][ ][1]
[ ][ ][1][2][ ][ ][2]
[ ][ ][2][2][ ][ ][1]
[ ][ ][1][1][ ][2][1]
[ ][ ][1][1][2][1][2]
[2][2][2][1][2][1][1]

Player 2 Move (Score: -10030):
Current player: 1
[ ][ ][2][1][ ][ ][1]
[ ][ ][1][2][ ][ ][2]
[ ][ ][2][2][ ][ ][1]
[ ][ ][1][1][ ][2][1]
[2][ ][1][1][2][1][2]
[2][2][2][1][2][1][1]

Player 1 Move (Score: -10230):
Current player: 2
[ ][ ][2][1][ ][ ][1]
[ ][ ][1][2][ ][ ][2]
[ ][ ][2][2][ ][1][1]
[ ][ ][1][1][ ][2][1]
[2][ ][1][1][2][1][2]
[2][2][2][1][2][1][1]

Player 2 Move (Score: -10230):
Current player: 1
[ ][ ][2][1][ ][ ][1]
[ ][ ][1][2][ ][2][2]
[ ][ ][2][2][ ][1][1]
[ ][ ][1][1][ ][2][1]
[2][ ][1][1][2][1][2]
[2][2][2][1][2][1][1]

Player 1 Move (Score: -2000000):
Current player: 2
[ ][ ][2][1][ ][1][1]
[ ][ ][1][2][ ][2][2]
[ ][ ][2][2][ ][1][1]
[ ][ ][1][1][ ][2][1]
[2][ ][1][1][2][1][2]
[2][2][2][1][2][1][1]

Player 2 Move (Score: -2000000):
Current player: 1
[ ][ ][2][1][ ][1][1]
[ ][ ][1][2][ ][2][2]
[ ][ ][2][2][ ][1][1]
[ ][ ][1][1][2][2][1]
[2][ ][1][1][2][1][2]
[2][2][2][1][2][1][1]

Player 1 Move (Score: -2000000):
Current player: 2
[ ][ ][2][1][ ][1][1]
[ ][ ][1][2][ ][2][2]
[ ][ ][2][2][1][1][1]
[ ][ ][1][1][2][2][1]
[2][ ][1][1][2][1][2]
[2][2][2][1][2][1][1]

Player 2 Move (Score: -2000000):
Current player: 1
[ ][ ][2][1][ ][1][1]
[ ][ ][1][2][2][2][2]
[ ][ ][2][2][1][1][1]
[ ][ ][1][1][2][2][1]
[2][ ][1][1][2][1][2]
[2][2][2][1][2][1][1]

Result: Player 2 Wins

Simulating game 9/10 (Player 1 Depth: 4, Player 2 Depth: 3)
Player 1 Move (Score: 0):
Current player: 2
[ ][ ][ ][ ][ ][ ][ ]
[ ][ ][ ][ ][ ][ ][ ]
[ ][ ][ ][ ][ ][ ][ ]
[ ][ ][ ][ ][ ][ ][ ]
[ ][ ][ ][ ][ ][ ][ ]
[ ][ ][ ][ ][1][ ][ ]

Player 2 Move (Score: -100):
Current player: 1
[ ][ ][ ][ ][ ][ ][ ]
[ ][ ][ ][ ][ ][ ][ ]
[ ][ ][ ][ ][ ][ ][ ]
[ ][ ][ ][ ][ ][ ][ ]
[ ][ ][ ][ ][ ][ ][ ]
[ ][ ][ ][ ][1][ ][2]

Player 1 Move (Score: 0):
Current player: 2
[ ][ ][ ][ ][ ][ ][ ]
[ ][ ][ ][ ][ ][ ][ ]
[ ][ ][ ][ ][ ][ ][ ]
[ ][ ][ ][ ][ ][ ][ ]
[ ][ ][ ][ ][ ][ ][ ]
[ ][ ][1][ ][1][ ][2]

Player 2 Move (Score: 0):
Current player: 1
[ ][ ][ ][ ][ ][ ][ ]
[ ][ ][ ][ ][ ][ ][ ]
[ ][ ][ ][ ][ ][ ][ ]
[ ][ ][ ][ ][ ][ ][ ]
[ ][ ][ ][ ][ ][ ][ ]
[ ][ ][1][2][1][ ][2]

Player 1 Move (Score: 100):
Current player: 2
[ ][ ][ ][ ][ ][ ][ ]
[ ][ ][ ][ ][ ][ ][ ]
[ ][ ][ ][ ][ ][ ][ ]
[ ][ ][ ][ ][ ][ ][ ]
[ ][ ][ ][ ][1][ ][ ]
[ ][ ][1][2][1][ ][2]

Player 2 Move (Score: 0):
Current player: 1
[ ][ ][ ][ ][ ][ ][ ]
[ ][ ][ ][ ][ ][ ][ ]
[ ][ ][ ][ ][ ][ ][ ]
[ ][ ][ ][ ][ ][ ][ ]
[ ][ ][ ][ ][1][ ][2]
[ ][ ][1][2][1][ ][2]

Player 1 Move (Score: 300):
Current player: 2
[ ][ ][ ][ ][ ][ ][ ]
[ ][ ][ ][ ][ ][ ][ ]
[ ][ ][ ][ ][ ][ ][ ]
[ ][ ][ ][ ][ ][ ][ ]
[ ][ ][ ][1][1][ ][2]
[ ][ ][1][2][1][ ][2]

Player 2 Move (Score: 300):
Current player: 1
[ ][ ][ ][ ][ ][ ][ ]
[ ][ ][ ][ ][ ][ ][ ]
[ ][ ][ ][ ][ ][ ][ ]
[ ][ ][ ][ ][ ][ ][2]
[ ][ ][ ][1][1][ ][2]
[ ][ ][1][2][1][ ][2]

Player 1 Move (Score: 10530):
Current player: 2
[ ][ ][ ][ ][ ][ ][ ]
[ ][ ][ ][ ][ ][ ][ ]
[ ][ ][ ][ ][ ][ ][1]
[ ][ ][ ][ ][ ][ ][2]
[ ][ ][ ][1][1][ ][2]
[ ][ ][1][2][1][ ][2]

Player 2 Move (Score: 10530):
Current player: 1
[ ][ ][ ][ ][ ][ ][ ]
[ ][ ][ ][ ][ ][ ][ ]
[ ][ ][ ][ ][ ][ ][1]
[ ][ ][ ][ ][ ][ ][2]
[ ][ ][ ][1][1][ ][2]
[ ][2][1][2][1][ ][2]

Player 1 Move (Score: 22300):
Current player: 2
[ ][ ][ ][ ][ ][ ][ ]
[ ][ ][ ][ ][ ][ ][ ]
[ ][ ][ ][ ][ ][ ][1]
[ ][ ][ ][ ][ ][ ][2]
[ ][ ][1][1][1][ ][2]
[ ][2][1][2][1][ ][2]

Player 2 Move (Score: 22300):
Current player: 1
[ ][ ][ ][ ][ ][ ][ ]
[ ][ ][ ][ ][ ][ ][ ]
[ ][ ][ ][ ][ ][ ][1]
[ ][ ][2][ ][ ][ ][2]
[ ][ ][1][1][1][ ][2]
[ ][2][1][2][1][ ][2]

Player 1 Move (Score: 22100):
Current player: 2
[ ][ ][ ][ ][ ][ ][ ]
[ ][ ][ ][ ][ ][ ][ ]
[ ][ ][ ][ ][ ][ ][1]
[ ][ ][2][1][ ][ ][2]
[ ][ ][1][1][1][ ][2]
[ ][2][1][2][1][ ][2]

Player 2 Move (Score: 22100):
Current player: 1
[ ][ ][ ][ ][ ][ ][ ]
[ ][ ][ ][ ][ ][ ][ ]
[ ][ ][ ][2][ ][ ][1]
[ ][ ][2][1][ ][ ][2]
[ ][ ][1][1][1][ ][2]
[ ][2][1][2][1][ ][2]

Player 1 Move (Score: 9740):
Current player: 2
[ ][ ][ ][ ][ ][ ][ ]
[ ][ ][ ][ ][ ][ ][ ]
[ ][ ][ ][2][ ][ ][1]
[ ][ ][2][1][ ][ ][2]
[ ][ ][1][1][1][ ][2]
[1][2][1][2][1][ ][2]

Player 2 Move (Score: 9740):
Current player: 1
[ ][ ][ ][ ][ ][ ][ ]
[ ][ ][ ][ ][ ][ ][ ]
[ ][ ][2][2][ ][ ][1]
[ ][ ][2][1][ ][ ][2]
[ ][ ][1][1][1][ ][2]
[1][2][1][2][1][ ][2]

Player 1 Move (Score: -10350):
Current player: 2
[ ][ ][ ][ ][ ][ ][ ]
[ ][ ][ ][ ][ ][ ][ ]
[ ][ ][2][2][ ][ ][1]
[ ][ ][2][1][ ][ ][2]
[1][ ][1][1][1][ ][2]
[1][2][1][2][1][ ][2]

Player 2 Move (Score: -10350):
Current player: 1
[ ][ ][ ][ ][ ][ ][ ]
[ ][ ][ ][ ][ ][ ][ ]
[ ][ ][2][2][ ][ ][1]
[ ][ ][2][1][ ][ ][2]
[1][2][1][1][1][ ][2]
[1][2][1][2][1][ ][2]

Player 1 Move (Score: -12300):
Current player: 2
[ ][ ][ ][ ][ ][ ][ ]
[ ][ ][ ][ ][ ][ ][ ]
[ ][ ][2][2][ ][ ][1]
[ ][ ][2][1][1][ ][2]
[1][2][1][1][1][ ][2]
[1][2][1][2][1][ ][2]

Player 2 Move (Score: -12300):
Current player: 1
[ ][ ][ ][ ][ ][ ][ ]
[ ][ ][ ][ ][ ][ ][ ]
[ ][ ][2][2][ ][ ][1]
[2][ ][2][1][1][ ][2]
[1][2][1][1][1][ ][2]
[1][2][1][2][1][ ][2]

Player 1 Move (Score: -12350):
Current player: 2
[ ][ ][ ][ ][ ][ ][ ]
[ ][ ][1][ ][ ][ ][ ]
[ ][ ][2][2][ ][ ][1]
[2][ ][2][1][1][ ][2]
[1][2][1][1][1][ ][2]
[1][2][1][2][1][ ][2]

Player 2 Move (Score: -12350):
Current player: 1
[ ][ ][ ][ ][ ][ ][ ]
[ ][ ][1][ ][ ][ ][2]
[ ][ ][2][2][ ][ ][1]
[2][ ][2][1][1][ ][2]
[1][2][1][1][1][ ][2]
[1][2][1][2][1][ ][2]

Player 1 Move (Score: -12270):
Current player: 2
[ ][ ][ ][ ][ ][ ][ ]
[ ][ ][1][1][ ][ ][2]
[ ][ ][2][2][ ][ ][1]
[2][ ][2][1][1][ ][2]
[1][2][1][1][1][ ][2]
[1][2][1][2][1][ ][2]

Player 2 Move (Score: -12270):
Current player: 1
[ ][ ][ ][ ][ ][ ][ ]
[ ][ ][1][1][ ][ ][2]
[2][ ][2][2][ ][ ][1]
[2][ ][2][1][1][ ][2]
[1][2][1][1][1][ ][2]
[1][2][1][2][1][ ][2]

Player 1 Move (Score: -12270):
Current player: 2
[ ][ ][ ][ ][ ][ ][1]
[ ][ ][1][1][ ][ ][2]
[2][ ][2][2][ ][ ][1]
[2][ ][2][1][1][ ][2]
[1][2][1][1][1][ ][2]
[1][2][1][2][1][ ][2]

Player 2 Move (Score: -12270):
Current player: 1
[ ][ ][2][ ][ ][ ][1]
[ ][ ][1][1][ ][ ][2]
[2][ ][2][2][ ][ ][1]
[2][ ][2][1][1][ ][2]
[1][2][1][1][1][ ][2]
[1][2][1][2][1][ ][2]

Player 1 Move (Score: -12270):
Current player: 2
[ ][ ][2][ ][ ][ ][1]
[ ][ ][1][1][ ][ ][2]
[2][ ][2][2][ ][ ][1]
[2][ ][2][1][1][ ][2]
[1][2][1][1][1][ ][2]
[1][2][1][2][1][1][2]

Player 2 Move (Score: -22270):
Current player: 1
[ ][ ][2][ ][ ][ ][1]
[ ][ ][1][1][ ][ ][2]
[2][ ][2][2][ ][ ][1]
[2][ ][2][1][1][ ][2]
[1][2][1][1][1][2][2]
[1][2][1][2][1][1][2]

Player 1 Move (Score: -22370):
Current player: 2
[ ][ ][2][1][ ][ ][1]
[ ][ ][1][1][ ][ ][2]
[2][ ][2][2][ ][ ][1]
[2][ ][2][1][1][ ][2]
[1][2][1][1][1][2][2]
[1][2][1][2][1][1][2]

Player 2 Move (Score: -22370):
Current player: 1
[ ][ ][2][1][ ][ ][1]
[ ][ ][1][1][ ][ ][2]
[2][ ][2][2][ ][ ][1]
[2][ ][2][1][1][2][2]
[1][2][1][1][1][2][2]
[1][2][1][2][1][1][2]

Player 1 Move (Score: -1989850):
Current player: 2
[ ][ ][2][1][ ][ ][1]
[ ][ ][1][1][ ][ ][2]
[2][ ][2][2][ ][1][1]
[2][ ][2][1][1][2][2]
[1][2][1][1][1][2][2]
[1][2][1][2][1][1][2]

Result: Player 1 Wins

Simulating game 10/10 (Player 1 Depth: 4, Player 2 Depth: 3)
Player 1 Move (Score: 0):
Current player: 2
[ ][ ][ ][ ][ ][ ][ ]
[ ][ ][ ][ ][ ][ ][ ]
[ ][ ][ ][ ][ ][ ][ ]
[ ][ ][ ][ ][ ][ ][ ]
[ ][ ][ ][ ][ ][ ][ ]
[ ][ ][ ][ ][ ][1][ ]

Player 2 Move (Score: -30):
Current player: 1
[ ][ ][ ][ ][ ][ ][ ]
[ ][ ][ ][ ][ ][ ][ ]
[ ][ ][ ][ ][ ][ ][ ]
[ ][ ][ ][ ][ ][ ][ ]
[ ][ ][ ][ ][ ][ ][ ]
[ ][ ][2][ ][ ][1][ ]

Player 1 Move (Score: -100):
Current player: 2
[ ][ ][ ][ ][ ][ ][ ]
[ ][ ][ ][ ][ ][ ][ ]
[ ][ ][ ][ ][ ][ ][ ]
[ ][ ][ ][ ][ ][ ][ ]
[ ][ ][ ][ ][ ][ ][ ]
[ ][ ][2][1][ ][1][ ]

Player 2 Move (Score: -100):
Current player: 1
[ ][ ][ ][ ][ ][ ][ ]
[ ][ ][ ][ ][ ][ ][ ]
[ ][ ][ ][ ][ ][ ][ ]
[ ][ ][ ][ ][ ][ ][ ]
[ ][ ][ ][ ][ ][2][ ]
[ ][ ][2][1][ ][1][ ]

Player 1 Move (Score: -100):
Current player: 2
[ ][ ][ ][ ][ ][ ][ ]
[ ][ ][ ][ ][ ][ ][ ]
[ ][ ][ ][ ][ ][ ][ ]
[ ][ ][ ][ ][ ][ ][ ]
[ ][ ][ ][ ][ ][2][ ]
[ ][ ][2][1][ ][1][1]

Player 2 Move (Score: -300):
Current player: 1
[ ][ ][ ][ ][ ][ ][ ]
[ ][ ][ ][ ][ ][ ][ ]
[ ][ ][ ][ ][ ][ ][ ]
[ ][ ][ ][ ][ ][ ][ ]
[ ][ ][ ][ ][ ][2][2]
[ ][ ][2][1][ ][1][1]

Player 1 Move (Score: -230):
Current player: 2
[ ][ ][ ][ ][ ][ ][ ]
[ ][ ][ ][ ][ ][ ][ ]
[ ][ ][ ][ ][ ][ ][ ]
[ ][ ][ ][ ][ ][1][ ]
[ ][ ][ ][ ][ ][2][2]
[ ][ ][2][1][ ][1][1]

Player 2 Move (Score: -230):
Current player: 1
[ ][ ][ ][ ][ ][ ][ ]
[ ][ ][ ][ ][ ][ ][ ]
[ ][ ][ ][ ][ ][ ][ ]
[ ][ ][ ][ ][ ][1][ ]
[ ][ ][ ][2][ ][2][2]
[ ][ ][2][1][ ][1][1]

Player 1 Move (Score: -330):
Current player: 2
[ ][ ][ ][ ][ ][ ][ ]
[ ][ ][ ][ ][ ][ ][ ]
[ ][ ][ ][ ][ ][ ][ ]
[ ][ ][ ][ ][ ][1][1]
[ ][ ][ ][2][ ][2][2]
[ ][ ][2][1][ ][1][1]

Player 2 Move (Score: -560):
Current player: 1
[ ][ ][ ][ ][ ][ ][ ]
[ ][ ][ ][ ][ ][ ][ ]
[ ][ ][ ][ ][ ][ ][ ]
[ ][ ][ ][2][ ][1][1]
[ ][ ][ ][2][ ][2][2]
[ ][ ][2][1][ ][1][1]

Player 1 Move (Score: -690):
Current player: 2
[ ][ ][ ][ ][ ][ ][ ]
[ ][ ][ ][ ][ ][ ][ ]
[ ][ ][ ][ ][ ][1][ ]
[ ][ ][ ][2][ ][1][1]
[ ][ ][ ][2][ ][2][2]
[ ][ ][2][1][ ][1][1]

Player 2 Move (Score: -690):
Current player: 1
[ ][ ][ ][ ][ ][ ][ ]
[ ][ ][ ][ ][ ][ ][ ]
[ ][ ][ ][ ][ ][1][ ]
[ ][ ][ ][2][ ][1][1]
[ ][ ][2][2][ ][2][2]
[ ][ ][2][1][ ][1][1]

Player 1 Move (Score: -10530):
Current player: 2
[ ][ ][ ][ ][ ][ ][ ]
[ ][ ][ ][ ][ ][1][ ]
[ ][ ][ ][ ][ ][1][ ]
[ ][ ][ ][2][ ][1][1]
[ ][ ][2][2][ ][2][2]
[ ][ ][2][1][ ][1][1]

Player 2 Move (Score: -10530):
Current player: 1
[ ][ ][ ][ ][ ][ ][ ]
[ ][ ][ ][ ][ ][1][ ]
[ ][ ][ ][ ][ ][1][ ]
[ ][ ][ ][2][ ][1][1]
[ ][ ][2][2][ ][2][2]
[ ][ ][2][1][2][1][1]

Player 1 Move (Score: -10810):
Current player: 2
[ ][ ][ ][ ][ ][ ][ ]
[ ][ ][ ][ ][ ][1][ ]
[ ][ ][ ][ ][ ][1][ ]
[ ][ ][ ][2][ ][1][1]
[ ][ ][2][2][1][2][2]
[ ][ ][2][1][2][1][1]

Player 2 Move (Score: -10810):
Current player: 1
[ ][ ][ ][ ][ ][ ][ ]
[ ][ ][ ][ ][ ][1][ ]
[ ][ ][ ][ ][ ][1][ ]
[ ][ ][2][2][ ][1][1]
[ ][ ][2][2][1][2][2]
[ ][ ][2][1][2][1][1]

Player 1 Move (Score: -30550):
Current player: 2
[ ][ ][ ][ ][ ][ ][ ]
[ ][ ][ ][ ][ ][1][ ]
[ ][ ][1][ ][ ][1][ ]
[ ][ ][2][2][ ][1][1]
[ ][ ][2][2][1][2][2]
[ ][ ][2][1][2][1][1]

Player 2 Move (Score: -30550):
Current player: 1
[ ][ ][ ][ ][ ][ ][ ]
[ ][ ][ ][ ][ ][1][ ]
[ ][ ][1][2][ ][1][ ]
[ ][ ][2][2][ ][1][1]
[ ][ ][2][2][1][2][2]
[ ][ ][2][1][2][1][1]

Player 1 Move (Score: -40270):
Current player: 2
[ ][ ][ ][ ][ ][ ][ ]
[ ][ ][ ][1][ ][1][ ]
[ ][ ][1][2][ ][1][ ]
[ ][ ][2][2][ ][1][1]
[ ][ ][2][2][1][2][2]
[ ][ ][2][1][2][1][1]

Player 2 Move (Score: -40270):
Current player: 1
[ ][ ][ ][ ][ ][ ][ ]
[ ][ ][ ][1][ ][1][ ]
[ ][ ][1][2][ ][1][ ]
[ ][ ][2][2][ ][1][1]
[ ][ ][2][2][1][2][2]
[ ][2][2][1][2][1][1]

Player 1 Move (Score: -1947930):
Current player: 2
[ ][ ][ ][ ][ ][ ][ ]
[ ][ ][1][1][ ][1][ ]
[ ][ ][1][2][ ][1][ ]
[ ][ ][2][2][ ][1][1]
[ ][ ][2][2][1][2][2]
[ ][2][2][1][2][1][1]

Player 2 Move (Score: -1947930):
Current player: 1
[ ][ ][ ][ ][ ][ ][ ]
[ ][ ][1][1][ ][1][ ]
[ ][ ][1][2][ ][1][ ]
[ ][ ][2][2][ ][1][1]
[ ][2][2][2][1][2][2]
[ ][2][2][1][2][1][1]

Player 1 Move (Score: -1947930):
Current player: 2
[ ][ ][ ][ ][ ][ ][ ]
[ ][ ][1][1][ ][1][ ]
[ ][ ][1][2][ ][1][1]
[ ][ ][2][2][ ][1][1]
[ ][2][2][2][1][2][2]
[ ][2][2][1][2][1][1]

Result: Player 1 Wins

