Simulating game 1/10 (Player 1 Depth: 5, Player 2 Depth: 2)
Player 1 Move (Score: 0):
Current player: 2
[ ][ ][ ][ ][ ][ ][ ]
[ ][ ][ ][ ][ ][ ][ ]
[ ][ ][ ][ ][ ][ ][ ]
[ ][ ][ ][ ][ ][ ][ ]
[ ][ ][ ][ ][ ][ ][ ]
[ ][ ][ ][ ][ ][ ][1]

Player 2 Move (Score: 0):
Current player: 1
[ ][ ][ ][ ][ ][ ][ ]
[ ][ ][ ][ ][ ][ ][ ]
[ ][ ][ ][ ][ ][ ][ ]
[ ][ ][ ][ ][ ][ ][ ]
[ ][ ][ ][ ][ ][ ][ ]
[ ][ ][ ][ ][2][ ][1]

Player 1 Move (Score: 0):
Current player: 2
[ ][ ][ ][ ][ ][ ][ ]
[ ][ ][ ][ ][ ][ ][ ]
[ ][ ][ ][ ][ ][ ][ ]
[ ][ ][ ][ ][ ][ ][ ]
[ ][ ][ ][ ][ ][ ][ ]
[ ][ ][ ][ ][2][1][1]

Player 2 Move (Score: 0):
Current player: 1
[ ][ ][ ][ ][ ][ ][ ]
[ ][ ][ ][ ][ ][ ][ ]
[ ][ ][ ][ ][ ][ ][ ]
[ ][ ][ ][ ][ ][ ][ ]
[ ][ ][ ][ ][ ][ ][2]
[ ][ ][ ][ ][2][1][1]

Player 1 Move (Score: 0):
Current player: 2
[ ][ ][ ][ ][ ][ ][ ]
[ ][ ][ ][ ][ ][ ][ ]
[ ][ ][ ][ ][ ][ ][ ]
[ ][ ][ ][ ][ ][ ][ ]
[ ][ ][ ][ ][ ][ ][2]
[1][ ][ ][ ][2][1][1]

Player 2 Move (Score: 0):
Current player: 1
[ ][ ][ ][ ][ ][ ][ ]
[ ][ ][ ][ ][ ][ ][ ]
[ ][ ][ ][ ][ ][ ][ ]
[ ][ ][ ][ ][ ][ ][ ]
[ ][ ][ ][ ][2][ ][2]
[1][ ][ ][ ][2][1][1]

Player 1 Move (Score: 0):
Current player: 2
[ ][ ][ ][ ][ ][ ][ ]
[ ][ ][ ][ ][ ][ ][ ]
[ ][ ][ ][ ][ ][ ][ ]
[ ][ ][ ][ ][ ][ ][ ]
[ ][ ][ ][ ][2][ ][2]
[1][ ][1][ ][2][1][1]

Player 2 Move (Score: 100):
Current player: 1
[ ][ ][ ][ ][ ][ ][ ]
[ ][ ][ ][ ][ ][ ][ ]
[ ][ ][ ][ ][ ][ ][ ]
[ ][ ][ ][ ][ ][ ][ ]
[ ][ ][ ][ ][2][ ][2]
[1][2][1][ ][2][1][1]

Player 1 Move (Score: 0):
Current player: 2
[ ][ ][ ][ ][ ][ ][ ]
[ ][ ][ ][ ][ ][ ][ ]
[ ][ ][ ][ ][ ][ ][ ]
[ ][ ][ ][ ][ ][ ][1]
[ ][ ][ ][ ][2][ ][2]
[1][2][1][ ][2][1][1]

Player 2 Move (Score: 100):
Current player: 1
[ ][ ][ ][ ][ ][ ][ ]
[ ][ ][ ][ ][ ][ ][ ]
[ ][ ][ ][ ][ ][ ][ ]
[ ][ ][ ][ ][ ][ ][1]
[ ][ ][2][ ][2][ ][2]
[1][2][1][ ][2][1][1]

Player 1 Move (Score: 0):
Current player: 2
[ ][ ][ ][ ][ ][ ][ ]
[ ][ ][ ][ ][ ][ ][ ]
[ ][ ][ ][ ][ ][ ][ ]
[ ][ ][ ][ ][ ][ ][1]
[ ][ ][2][ ][2][ ][2]
[1][2][1][1][2][1][1]

Player 2 Move (Score: 200):
Current player: 1
[ ][ ][ ][ ][ ][ ][ ]
[ ][ ][ ][ ][ ][ ][ ]
[ ][ ][ ][ ][ ][ ][ ]
[ ][ ][2][ ][ ][ ][1]
[ ][ ][2][ ][2][ ][2]
[1][2][1][1][2][1][1]

Player 1 Move (Score: 100):
Current player: 2
[ ][ ][ ][ ][ ][ ][ ]
[ ][ ][ ][ ][ ][ ][ ]
[ ][ ][ ][ ][ ][ ][ ]
[ ][ ][2][ ][1][ ][1]
[ ][ ][2][ ][2][ ][2]
[1][2][1][1][2][1][1]

Player 2 Move (Score: 100):
Current player: 1
[ ][ ][ ][ ][ ][ ][ ]
[ ][ ][ ][ ][ ][ ][ ]
[ ][ ][ ][ ][2][ ][ ]
[ ][ ][2][ ][1][ ][1]
[ ][ ][2][ ][2][ ][2]
[1][2][1][1][2][1][1]

Player 1 Move (Score: -2000200):
Current player: 2
[ ][ ][ ][ ][ ][ ][ ]
[ ][ ][ ][ ][ ][ ][ ]
[ ][ ][ ][ ][2][ ][ ]
[ ][ ][2][ ][1][ ][1]
[ ][ ][2][ ][2][1][2]
[1][2][1][1][2][1][1]

Player 2 Move (Score: -30200):
Current player: 1
[ ][ ][ ][ ][ ][ ][ ]
[ ][ ][ ][ ][ ][ ][ ]
[ ][ ][ ][ ][2][ ][ ]
[ ][ ][2][ ][1][ ][1]
[2][ ][2][ ][2][1][2]
[1][2][1][1][2][1][1]

Player 1 Move (Score: -30100):
Current player: 2
[ ][ ][ ][ ][ ][ ][ ]
[ ][ ][ ][ ][ ][ ][ ]
[ ][ ][ ][ ][2][ ][1]
[ ][ ][2][ ][1][ ][1]
[2][ ][2][ ][2][1][2]
[1][2][1][1][2][1][1]

Player 2 Move (Score: -30300):
Current player: 1
[ ][ ][ ][ ][ ][ ][ ]
[ ][ ][ ][ ][2][ ][ ]
[ ][ ][ ][ ][2][ ][1]
[ ][ ][2][ ][1][ ][1]
[2][ ][2][ ][2][1][2]
[1][2][1][1][2][1][1]

Player 1 Move (Score: -30200):
Current player: 2
[ ][ ][ ][ ][ ][ ][ ]
[ ][ ][ ][ ][2][ ][ ]
[ ][ ][ ][ ][2][ ][1]
[ ][ ][2][ ][1][ ][1]
[2][1][2][ ][2][1][2]
[1][2][1][1][2][1][1]

Player 2 Move (Score: -30300):
Current player: 1
[ ][ ][ ][ ][2][ ][ ]
[ ][ ][ ][ ][2][ ][ ]
[ ][ ][ ][ ][2][ ][1]
[ ][ ][2][ ][1][ ][1]
[2][1][2][ ][2][1][2]
[1][2][1][1][2][1][1]

Player 1 Move (Score: -30200):
Current player: 2
[ ][ ][ ][ ][2][ ][ ]
[ ][ ][ ][ ][2][ ][ ]
[ ][ ][1][ ][2][ ][1]
[ ][ ][2][ ][1][ ][1]
[2][1][2][ ][2][1][2]
[1][2][1][1][2][1][1]

Player 2 Move (Score: -30200):
Current player: 1
[ ][ ][ ][ ][2][ ][ ]
[ ][ ][2][ ][2][ ][ ]
[ ][ ][1][ ][2][ ][1]
[ ][ ][2][ ][1][ ][1]
[2][1][2][ ][2][1][2]
[1][2][1][1][2][1][1]

Player 1 Move (Score: -30200):
Current player: 2
[ ][ ][1][ ][2][ ][ ]
[ ][ ][2][ ][2][ ][ ]
[ ][ ][1][ ][2][ ][1]
[ ][ ][2][ ][1][ ][1]
[2][1][2][ ][2][1][2]
[1][2][1][1][2][1][1]

Player 2 Move (Score: -30200):
Current player: 1
[ ][ ][1][ ][2][ ][ ]
[ ][ ][2][ ][2][ ][ ]
[ ][ ][1][ ][2][ ][1]
[ ][2][2][ ][1][ ][1]
[2][1][2][ ][2][1][2]
[1][2][1][1][2][1][1]

Player 1 Move (Score: -40200):
Current player: 2
[ ][ ][1][ ][2][ ][ ]
[ ][ ][2][ ][2][ ][ ]
[ ][1][1][ ][2][ ][1]
[ ][2][2][ ][1][ ][1]
[2][1][2][ ][2][1][2]
[1][2][1][1][2][1][1]

Player 2 Move (Score: -30300):
Current player: 1
[ ][ ][1][ ][2][ ][ ]
[ ][ ][2][ ][2][ ][ ]
[ ][1][1][ ][2][ ][1]
[ ][2][2][ ][1][ ][1]
[2][1][2][2][2][1][2]
[1][2][1][1][2][1][1]

Player 1 Move (Score: -40100):
Current player: 2
[ ][ ][1][ ][2][ ][ ]
[ ][ ][2][ ][2][ ][ ]
[ ][1][1][ ][2][ ][1]
[ ][2][2][1][1][ ][1]
[2][1][2][2][2][1][2]
[1][2][1][1][2][1][1]

Player 2 Move (Score: -40200):
Current player: 1
[ ][ ][1][ ][2][ ][ ]
[ ][ ][2][ ][2][ ][ ]
[ ][1][1][ ][2][ ][1]
[2][2][2][1][1][ ][1]
[2][1][2][2][2][1][2]
[1][2][1][1][2][1][1]

Player 1 Move (Score: -40200):
Current player: 2
[ ][ ][1][ ][2][ ][ ]
[ ][ ][2][ ][2][ ][ ]
[1][1][1][ ][2][ ][1]
[2][2][2][1][1][ ][1]
[2][1][2][2][2][1][2]
[1][2][1][1][2][1][1]

Player 2 Move (Score: -40200):
Current player: 1
[ ][ ][1][ ][2][ ][ ]
[2][ ][2][ ][2][ ][ ]
[1][1][1][ ][2][ ][1]
[2][2][2][1][1][ ][1]
[2][1][2][2][2][1][2]
[1][2][1][1][2][1][1]

Player 1 Move (Score: -40100):
Current player: 2
[ ][ ][1][ ][2][ ][ ]
[2][1][2][ ][2][ ][ ]
[1][1][1][ ][2][ ][1]
[2][2][2][1][1][ ][1]
[2][1][2][2][2][1][2]
[1][2][1][1][2][1][1]

Player 2 Move (Score: -60100):
Current player: 1
[ ][2][1][ ][2][ ][ ]
[2][1][2][ ][2][ ][ ]
[1][1][1][ ][2][ ][1]
[2][2][2][1][1][ ][1]
[2][1][2][2][2][1][2]
[1][2][1][1][2][1][1]

Player 1 Move (Score: -2040100):
Current player: 2
[ ][2][1][ ][2][ ][ ]
[2][1][2][ ][2][ ][1]
[1][1][1][ ][2][ ][1]
[2][2][2][1][1][ ][1]
[2][1][2][2][2][1][2]
[1][2][1][1][2][1][1]

Player 2 Move (Score: -2040100):
Current player: 1
[ ][2][1][ ][2][ ][2]
[2][1][2][ ][2][ ][1]
[1][1][1][ ][2][ ][1]
[2][2][2][1][1][ ][1]
[2][1][2][2][2][1][2]
[1][2][1][1][2][1][1]

Player 1 Move (Score: -2040100):
Current player: 2
[1][2][1][ ][2][ ][2]
[2][1][2][ ][2][ ][1]
[1][1][1][ ][2][ ][1]
[2][2][2][1][1][ ][1]
[2][1][2][2][2][1][2]
[1][2][1][1][2][1][1]

Result: Player 1 Wins

Simulating game 2/10 (Player 1 Depth: 5, Player 2 Depth: 2)
Player 1 Move (Score: 0):
Current player: 2
[ ][ ][ ][ ][ ][ ][ ]
[ ][ ][ ][ ][ ][ ][ ]
[ ][ ][ ][ ][ ][ ][ ]
[ ][ ][ ][ ][ ][ ][ ]
[ ][ ][ ][ ][ ][ ][ ]
[ ][ ][ ][ ][ ][1][ ]

Player 2 Move (Score: 0):
Current player: 1
[ ][ ][ ][ ][ ][ ][ ]
[ ][ ][ ][ ][ ][ ][ ]
[ ][ ][ ][ ][ ][ ][ ]
[ ][ ][ ][ ][ ][ ][ ]
[ ][ ][ ][ ][ ][2][ ]
[ ][ ][ ][ ][ ][1][ ]

Player 1 Move (Score: 0):
Current player: 2
[ ][ ][ ][ ][ ][ ][ ]
[ ][ ][ ][ ][ ][ ][ ]
[ ][ ][ ][ ][ ][ ][ ]
[ ][ ][ ][ ][ ][ ][ ]
[ ][ ][ ][ ][ ][2][ ]
[1][ ][ ][ ][ ][1][ ]

Player 2 Move (Score: 0):
Current player: 1
[ ][ ][ ][ ][ ][ ][ ]
[ ][ ][ ][ ][ ][ ][ ]
[ ][ ][ ][ ][ ][ ][ ]
[ ][ ][ ][ ][ ][ ][ ]
[ ][ ][ ][ ][ ][2][ ]
[1][ ][ ][2][ ][1][ ]

Player 1 Move (Score: 0):
Current player: 2
[ ][ ][ ][ ][ ][ ][ ]
[ ][ ][ ][ ][ ][ ][ ]
[ ][ ][ ][ ][ ][ ][ ]
[ ][ ][ ][ ][ ][ ][ ]
[ ][ ][ ][1][ ][2][ ]
[1][ ][ ][2][ ][1][ ]

Player 2 Move (Score: 0):
Current player: 1
[ ][ ][ ][ ][ ][ ][ ]
[ ][ ][ ][ ][ ][ ][ ]
[ ][ ][ ][ ][ ][ ][ ]
[ ][ ][ ][ ][ ][2][ ]
[ ][ ][ ][1][ ][2][ ]
[1][ ][ ][2][ ][1][ ]

Player 1 Move (Score: 0):
Current player: 2
[ ][ ][ ][ ][ ][ ][ ]
[ ][ ][ ][ ][ ][ ][ ]
[ ][ ][ ][ ][ ][ ][ ]
[ ][ ][ ][ ][ ][2][ ]
[ ][ ][ ][1][ ][2][ ]
[1][ ][ ][2][1][1][ ]

Player 2 Move (Score: -100):
Current player: 1
[ ][ ][ ][ ][ ][ ][ ]
[ ][ ][ ][ ][ ][ ][ ]
[ ][ ][ ][ ][ ][ ][ ]
[ ][ ][ ][2][ ][2][ ]
[ ][ ][ ][1][ ][2][ ]
[1][ ][ ][2][1][1][ ]

Player 1 Move (Score: -200):
Current player: 2
[ ][ ][ ][ ][ ][ ][ ]
[ ][ ][ ][ ][ ][ ][ ]
[ ][ ][ ][ ][ ][1][ ]
[ ][ ][ ][2][ ][2][ ]
[ ][ ][ ][1][ ][2][ ]
[1][ ][ ][2][1][1][ ]

Player 2 Move (Score: -200):
Current player: 1
[ ][ ][ ][ ][ ][ ][ ]
[ ][ ][ ][ ][ ][2][ ]
[ ][ ][ ][ ][ ][1][ ]
[ ][ ][ ][2][ ][2][ ]
[ ][ ][ ][1][ ][2][ ]
[1][ ][ ][2][1][1][ ]

Player 1 Move (Score: -200):
Current player: 2
[ ][ ][ ][ ][ ][ ][ ]
[ ][ ][ ][ ][ ][2][ ]
[ ][ ][ ][1][ ][1][ ]
[ ][ ][ ][2][ ][2][ ]
[ ][ ][ ][1][ ][2][ ]
[1][ ][ ][2][1][1][ ]

Player 2 Move (Score: -200):
Current player: 1
[ ][ ][ ][ ][ ][ ][ ]
[ ][ ][ ][ ][ ][2][ ]
[ ][ ][ ][1][ ][1][ ]
[ ][ ][ ][2][ ][2][ ]
[2][ ][ ][1][ ][2][ ]
[1][ ][ ][2][1][1][ ]

Player 1 Move (Score: -200):
Current player: 2
[ ][ ][ ][ ][ ][ ][ ]
[ ][ ][ ][1][ ][2][ ]
[ ][ ][ ][1][ ][1][ ]
[ ][ ][ ][2][ ][2][ ]
[2][ ][ ][1][ ][2][ ]
[1][ ][ ][2][1][1][ ]

Player 2 Move (Score: -200):
Current player: 1
[ ][ ][ ][ ][ ][ ][ ]
[ ][ ][ ][1][ ][2][ ]
[ ][ ][ ][1][ ][1][ ]
[ ][ ][ ][2][ ][2][ ]
[2][ ][ ][1][ ][2][ ]
[1][2][ ][2][1][1][ ]

Player 1 Move (Score: -200):
Current player: 2
[ ][ ][ ][ ][ ][ ][ ]
[ ][ ][ ][1][ ][2][ ]
[ ][ ][ ][1][ ][1][ ]
[ ][ ][ ][2][ ][2][ ]
[2][1][ ][1][ ][2][ ]
[1][2][ ][2][1][1][ ]

Player 2 Move (Score: -200):
Current player: 1
[ ][ ][ ][ ][ ][ ][ ]
[ ][ ][ ][1][ ][2][ ]
[ ][ ][ ][1][ ][1][ ]
[ ][ ][ ][2][ ][2][ ]
[2][1][ ][1][ ][2][ ]
[1][2][ ][2][1][1][2]

Player 1 Move (Score: -100):
Current player: 2
[ ][ ][ ][ ][ ][ ][ ]
[ ][ ][ ][1][ ][2][ ]
[ ][ ][ ][1][ ][1][ ]
[ ][ ][ ][2][ ][2][ ]
[2][1][ ][1][ ][2][ ]
[1][2][1][2][1][1][2]

Player 2 Move (Score: -200):
Current player: 1
[ ][ ][ ][2][ ][ ][ ]
[ ][ ][ ][1][ ][2][ ]
[ ][ ][ ][1][ ][1][ ]
[ ][ ][ ][2][ ][2][ ]
[2][1][ ][1][ ][2][ ]
[1][2][1][2][1][1][2]

Player 1 Move (Score: -100):
Current player: 2
[ ][ ][ ][2][ ][ ][ ]
[ ][ ][ ][1][ ][2][ ]
[ ][ ][ ][1][ ][1][ ]
[ ][ ][ ][2][ ][2][ ]
[2][1][ ][1][ ][2][1]
[1][2][1][2][1][1][2]

Player 2 Move (Score: -200):
Current player: 1
[ ][ ][ ][2][ ][2][ ]
[ ][ ][ ][1][ ][2][ ]
[ ][ ][ ][1][ ][1][ ]
[ ][ ][ ][2][ ][2][ ]
[2][1][ ][1][ ][2][1]
[1][2][1][2][1][1][2]

Player 1 Move (Score: -300):
Current player: 2
[ ][ ][ ][2][ ][2][ ]
[ ][ ][ ][1][ ][2][ ]
[ ][ ][ ][1][ ][1][ ]
[ ][ ][ ][2][ ][2][ ]
[2][1][ ][1][1][2][1]
[1][2][1][2][1][1][2]

Player 2 Move (Score: -300):
Current player: 1
[ ][ ][ ][2][ ][2][ ]
[ ][ ][ ][1][ ][2][ ]
[ ][ ][ ][1][ ][1][ ]
[2][ ][ ][2][ ][2][ ]
[2][1][ ][1][1][2][1]
[1][2][1][2][1][1][2]

Player 1 Move (Score: -500):
Current player: 2
[ ][ ][ ][2][ ][2][ ]
[ ][ ][ ][1][ ][2][ ]
[ ][ ][ ][1][ ][1][ ]
[2][ ][ ][2][ ][2][1]
[2][1][ ][1][1][2][1]
[1][2][1][2][1][1][2]

Player 2 Move (Score: -200):
Current player: 1
[ ][ ][ ][2][ ][2][ ]
[ ][ ][ ][1][ ][2][ ]
[ ][ ][ ][1][ ][1][2]
[2][ ][ ][2][ ][2][1]
[2][1][ ][1][1][2][1]
[1][2][1][2][1][1][2]

Player 1 Move (Score: -300):
Current player: 2
[ ][ ][ ][2][ ][2][ ]
[ ][ ][ ][1][ ][2][ ]
[1][ ][ ][1][ ][1][2]
[2][ ][ ][2][ ][2][1]
[2][1][ ][1][1][2][1]
[1][2][1][2][1][1][2]

Player 2 Move (Score: -300):
Current player: 1
[ ][ ][ ][2][ ][2][ ]
[ ][ ][ ][1][ ][2][ ]
[1][ ][ ][1][ ][1][2]
[2][2][ ][2][ ][2][1]
[2][1][ ][1][1][2][1]
[1][2][1][2][1][1][2]

Player 1 Move (Score: -2000400):
Current player: 2
[ ][ ][ ][2][ ][2][ ]
[ ][ ][ ][1][ ][2][ ]
[1][ ][ ][1][ ][1][2]
[2][2][ ][2][ ][2][1]
[2][1][1][1][1][2][1]
[1][2][1][2][1][1][2]

Result: Player 1 Wins

Simulating game 3/10 (Player 1 Depth: 5, Player 2 Depth: 2)
Player 1 Move (Score: 0):
Current player: 2
[ ][ ][ ][ ][ ][ ][ ]
[ ][ ][ ][ ][ ][ ][ ]
[ ][ ][ ][ ][ ][ ][ ]
[ ][ ][ ][ ][ ][ ][ ]
[ ][ ][ ][ ][ ][ ][ ]
[ ][ ][ ][ ][ ][1][ ]

Player 2 Move (Score: 0):
Current player: 1
[ ][ ][ ][ ][ ][ ][ ]
[ ][ ][ ][ ][ ][ ][ ]
[ ][ ][ ][ ][ ][ ][ ]
[ ][ ][ ][ ][ ][ ][ ]
[ ][ ][ ][ ][ ][ ][ ]
[ ][ ][2][ ][ ][1][ ]

Player 1 Move (Score: 0):
Current player: 2
[ ][ ][ ][ ][ ][ ][ ]
[ ][ ][ ][ ][ ][ ][ ]
[ ][ ][ ][ ][ ][ ][ ]
[ ][ ][ ][ ][ ][ ][ ]
[ ][ ][1][ ][ ][ ][ ]
[ ][ ][2][ ][ ][1][ ]

Player 2 Move (Score: 0):
Current player: 1
[ ][ ][ ][ ][ ][ ][ ]
[ ][ ][ ][ ][ ][ ][ ]
[ ][ ][ ][ ][ ][ ][ ]
[ ][ ][ ][ ][ ][ ][ ]
[ ][ ][1][ ][ ][2][ ]
[ ][ ][2][ ][ ][1][ ]

Player 1 Move (Score: 0):
Current player: 2
[ ][ ][ ][ ][ ][ ][ ]
[ ][ ][ ][ ][ ][ ][ ]
[ ][ ][ ][ ][ ][ ][ ]
[ ][ ][ ][ ][ ][1][ ]
[ ][ ][1][ ][ ][2][ ]
[ ][ ][2][ ][ ][1][ ]

Player 2 Move (Score: 0):
Current player: 1
[ ][ ][ ][ ][ ][ ][ ]
[ ][ ][ ][ ][ ][ ][ ]
[ ][ ][ ][ ][ ][ ][ ]
[ ][ ][2][ ][ ][1][ ]
[ ][ ][1][ ][ ][2][ ]
[ ][ ][2][ ][ ][1][ ]

Player 1 Move (Score: 0):
Current player: 2
[ ][ ][ ][ ][ ][ ][ ]
[ ][ ][ ][ ][ ][ ][ ]
[ ][ ][1][ ][ ][ ][ ]
[ ][ ][2][ ][ ][1][ ]
[ ][ ][1][ ][ ][2][ ]
[ ][ ][2][ ][ ][1][ ]

Player 2 Move (Score: 0):
Current player: 1
[ ][ ][ ][ ][ ][ ][ ]
[ ][ ][2][ ][ ][ ][ ]
[ ][ ][1][ ][ ][ ][ ]
[ ][ ][2][ ][ ][1][ ]
[ ][ ][1][ ][ ][2][ ]
[ ][ ][2][ ][ ][1][ ]

Player 1 Move (Score: 0):
Current player: 2
[ ][ ][ ][ ][ ][ ][ ]
[ ][ ][2][ ][ ][ ][ ]
[ ][ ][1][ ][ ][ ][ ]
[ ][ ][2][ ][ ][1][ ]
[ ][ ][1][ ][ ][2][ ]
[ ][ ][2][1][ ][1][ ]

Player 2 Move (Score: -100):
Current player: 1
[ ][ ][ ][ ][ ][ ][ ]
[ ][ ][2][ ][ ][ ][ ]
[ ][ ][1][ ][ ][2][ ]
[ ][ ][2][ ][ ][1][ ]
[ ][ ][1][ ][ ][2][ ]
[ ][ ][2][1][ ][1][ ]

Player 1 Move (Score: -100):
Current player: 2
[ ][ ][ ][ ][ ][ ][ ]
[ ][ ][2][ ][ ][ ][ ]
[ ][ ][1][ ][ ][2][ ]
[ ][ ][2][ ][ ][1][ ]
[ ][ ][1][ ][ ][2][ ]
[1][ ][2][1][ ][1][ ]

Player 2 Move (Score: -100):
Current player: 1
[ ][ ][ ][ ][ ][ ][ ]
[ ][ ][2][ ][ ][2][ ]
[ ][ ][1][ ][ ][2][ ]
[ ][ ][2][ ][ ][1][ ]
[ ][ ][1][ ][ ][2][ ]
[1][ ][2][1][ ][1][ ]

Player 1 Move (Score: -200):
Current player: 2
[ ][ ][ ][ ][ ][ ][ ]
[ ][ ][2][ ][ ][2][ ]
[ ][ ][1][ ][ ][2][ ]
[ ][ ][2][ ][ ][1][ ]
[ ][ ][1][1][ ][2][ ]
[1][ ][2][1][ ][1][ ]

Player 2 Move (Score: -330):
Current player: 1
[ ][ ][ ][ ][ ][2][ ]
[ ][ ][2][ ][ ][2][ ]
[ ][ ][1][ ][ ][2][ ]
[ ][ ][2][ ][ ][1][ ]
[ ][ ][1][1][ ][2][ ]
[1][ ][2][1][ ][1][ ]

Player 1 Move (Score: -400):
Current player: 2
[ ][ ][ ][ ][ ][2][ ]
[ ][ ][2][ ][ ][2][ ]
[ ][ ][1][ ][ ][2][ ]
[ ][ ][2][ ][ ][1][ ]
[ ][ ][1][1][ ][2][ ]
[1][ ][2][1][ ][1][1]

Player 2 Move (Score: -400):
Current player: 1
[ ][ ][2][ ][ ][2][ ]
[ ][ ][2][ ][ ][2][ ]
[ ][ ][1][ ][ ][2][ ]
[ ][ ][2][ ][ ][1][ ]
[ ][ ][1][1][ ][2][ ]
[1][ ][2][1][ ][1][1]

Player 1 Move (Score: -600):
Current player: 2
[ ][ ][2][ ][ ][2][ ]
[ ][ ][2][ ][ ][2][ ]
[ ][ ][1][ ][ ][2][ ]
[ ][ ][2][ ][ ][1][ ]
[ ][ ][1][1][ ][2][ ]
[1][1][2][1][ ][1][1]

Player 2 Move (Score: -500):
Current player: 1
[ ][ ][2][ ][ ][2][ ]
[ ][ ][2][ ][ ][2][ ]
[ ][ ][1][ ][ ][2][ ]
[ ][ ][2][ ][ ][1][ ]
[ ][ ][1][1][ ][2][2]
[1][1][2][1][ ][1][1]

Player 1 Move (Score: -500):
Current player: 2
[ ][ ][2][ ][ ][2][ ]
[ ][ ][2][ ][ ][2][ ]
[ ][ ][1][ ][ ][2][ ]
[ ][ ][2][ ][ ][1][1]
[ ][ ][1][1][ ][2][2]
[1][1][2][1][ ][1][1]

Player 2 Move (Score: -600):
Current player: 1
[ ][ ][2][ ][ ][2][ ]
[ ][ ][2][ ][ ][2][ ]
[ ][ ][1][ ][ ][2][ ]
[ ][ ][2][ ][ ][1][1]
[ ][ ][1][1][ ][2][2]
[1][1][2][1][2][1][1]

Player 1 Move (Score: -10200):
Current player: 2
[ ][ ][2][ ][ ][2][ ]
[ ][ ][2][ ][ ][2][ ]
[ ][ ][1][ ][ ][2][ ]
[ ][ ][2][ ][ ][1][1]
[1][ ][1][1][ ][2][2]
[1][1][2][1][2][1][1]

Player 2 Move (Score: -500):
Current player: 1
[ ][ ][2][ ][ ][2][ ]
[ ][ ][2][ ][ ][2][ ]
[ ][ ][1][ ][ ][2][2]
[ ][ ][2][ ][ ][1][1]
[1][ ][1][1][ ][2][2]
[1][1][2][1][2][1][1]

Player 1 Move (Score: -10200):
Current player: 2
[ ][ ][2][ ][ ][2][ ]
[ ][ ][2][ ][ ][2][ ]
[ ][ ][1][ ][ ][2][2]
[ ][ ][2][ ][ ][1][1]
[1][ ][1][1][1][2][2]
[1][1][2][1][2][1][1]

Player 2 Move (Score: -10300):
Current player: 1
[ ][ ][2][ ][ ][2][ ]
[ ][ ][2][ ][ ][2][ ]
[ ][ ][1][ ][ ][2][2]
[ ][ ][2][ ][2][1][1]
[1][ ][1][1][1][2][2]
[1][1][2][1][2][1][1]

Player 1 Move (Score: -10100):
Current player: 2
[ ][ ][2][ ][ ][2][ ]
[ ][ ][2][ ][ ][2][1]
[ ][ ][1][ ][ ][2][2]
[ ][ ][2][ ][2][1][1]
[1][ ][1][1][1][2][2]
[1][1][2][1][2][1][1]

Player 2 Move (Score: -10200):
Current player: 1
[ ][ ][2][ ][ ][2][2]
[ ][ ][2][ ][ ][2][1]
[ ][ ][1][ ][ ][2][2]
[ ][ ][2][ ][2][1][1]
[1][ ][1][1][1][2][2]
[1][1][2][1][2][1][1]

Player 1 Move (Score: -10300):
Current player: 2
[ ][ ][2][ ][ ][2][2]
[ ][ ][2][ ][ ][2][1]
[ ][ ][1][ ][1][2][2]
[ ][ ][2][ ][2][1][1]
[1][ ][1][1][1][2][2]
[1][1][2][1][2][1][1]

Player 2 Move (Score: -10300):
Current player: 1
[ ][ ][2][ ][ ][2][2]
[ ][ ][2][ ][2][2][1]
[ ][ ][1][ ][1][2][2]
[ ][ ][2][ ][2][1][1]
[1][ ][1][1][1][2][2]
[1][1][2][1][2][1][1]

Player 1 Move (Score: -1999900):
Current player: 2
[ ][ ][2][ ][1][2][2]
[ ][ ][2][ ][2][2][1]
[ ][ ][1][ ][1][2][2]
[ ][ ][2][ ][2][1][1]
[1][ ][1][1][1][2][2]
[1][1][2][1][2][1][1]

Player 2 Move (Score: -10300):
Current player: 1
[ ][ ][2][ ][1][2][2]
[ ][ ][2][ ][2][2][1]
[ ][ ][1][ ][1][2][2]
[ ][ ][2][ ][2][1][1]
[1][2][1][1][1][2][2]
[1][1][2][1][2][1][1]

Player 1 Move (Score: -1999800):
Current player: 2
[ ][ ][2][ ][1][2][2]
[ ][ ][2][ ][2][2][1]
[ ][ ][1][ ][1][2][2]
[1][ ][2][ ][2][1][1]
[1][2][1][1][1][2][2]
[1][1][2][1][2][1][1]

Player 2 Move (Score: -10300):
Current player: 1
[ ][ ][2][ ][1][2][2]
[ ][ ][2][ ][2][2][1]
[ ][ ][1][ ][1][2][2]
[1][ ][2][2][2][1][1]
[1][2][1][1][1][2][2]
[1][1][2][1][2][1][1]

Player 1 Move (Score: -1999800):
Current player: 2
[ ][ ][2][ ][1][2][2]
[ ][ ][2][ ][2][2][1]
[ ][ ][1][1][1][2][2]
[1][ ][2][2][2][1][1]
[1][2][1][1][1][2][2]
[1][1][2][1][2][1][1]

Player 2 Move (Score: -1999800):
Current player: 1
[ ][ ][2][ ][1][2][2]
[ ][ ][2][2][2][2][1]
[ ][ ][1][1][1][2][2]
[1][ ][2][2][2][1][1]
[1][2][1][1][1][2][2]
[1][1][2][1][2][1][1]

Result: Player 2 Wins

Simulating game 4/10 (Player 1 Depth: 5, Player 2 Depth: 2)
Player 1 Move (Score: 0):
Current player: 2
[ ][ ][ ][ ][ ][ ][ ]
[ ][ ][ ][ ][ ][ ][ ]
[ ][ ][ ][ ][ ][ ][ ]
[ ][ ][ ][ ][ ][ ][ ]
[ ][ ][ ][ ][ ][ ][ ]
[ ][ ][ ][ ][ ][ ][1]

Player 2 Move (Score: 0):
Current player: 1
[ ][ ][ ][ ][ ][ ][ ]
[ ][ ][ ][ ][ ][ ][ ]
[ ][ ][ ][ ][ ][ ][ ]
[ ][ ][ ][ ][ ][ ][ ]
[ ][ ][ ][ ][ ][ ][ ]
[ ][ ][ ][ ][ ][2][1]

Player 1 Move (Score: 0):
Current player: 2
[ ][ ][ ][ ][ ][ ][ ]
[ ][ ][ ][ ][ ][ ][ ]
[ ][ ][ ][ ][ ][ ][ ]
[ ][ ][ ][ ][ ][ ][ ]
[ ][ ][ ][ ][ ][ ][ ]
[ ][ ][ ][ ][1][2][1]

Player 2 Move (Score: 0):
Current player: 1
[ ][ ][ ][ ][ ][ ][ ]
[ ][ ][ ][ ][ ][ ][ ]
[ ][ ][ ][ ][ ][ ][ ]
[ ][ ][ ][ ][ ][ ][ ]
[ ][ ][ ][ ][ ][ ][2]
[ ][ ][ ][ ][1][2][1]

Player 1 Move (Score: 0):
Current player: 2
[ ][ ][ ][ ][ ][ ][ ]
[ ][ ][ ][ ][ ][ ][ ]
[ ][ ][ ][ ][ ][ ][ ]
[ ][ ][ ][ ][ ][ ][1]
[ ][ ][ ][ ][ ][ ][2]
[ ][ ][ ][ ][1][2][1]

Player 2 Move (Score: 0):
Current player: 1
[ ][ ][ ][ ][ ][ ][ ]
[ ][ ][ ][ ][ ][ ][ ]
[ ][ ][ ][ ][ ][ ][ ]
[ ][ ][ ][ ][ ][ ][1]
[ ][ ][ ][ ][ ][ ][2]
[ ][ ][2][ ][1][2][1]

Player 1 Move (Score: 0):
Current player: 2
[ ][ ][ ][ ][ ][ ][ ]
[ ][ ][ ][ ][ ][ ][ ]
[ ][ ][ ][ ][ ][ ][ ]
[ ][ ][ ][ ][ ][ ][1]
[ ][ ][1][ ][ ][ ][2]
[ ][ ][2][ ][1][2][1]

Player 2 Move (Score: 0):
Current player: 1
[ ][ ][ ][ ][ ][ ][ ]
[ ][ ][ ][ ][ ][ ][ ]
[ ][ ][ ][ ][ ][ ][ ]
[ ][ ][2][ ][ ][ ][1]
[ ][ ][1][ ][ ][ ][2]
[ ][ ][2][ ][1][2][1]

Player 1 Move (Score: 0):
Current player: 2
[ ][ ][ ][ ][ ][ ][ ]
[ ][ ][ ][ ][ ][ ][ ]
[ ][ ][ ][ ][ ][ ][1]
[ ][ ][2][ ][ ][ ][1]
[ ][ ][1][ ][ ][ ][2]
[ ][ ][2][ ][1][2][1]

Player 2 Move (Score: -100):
Current player: 1
[ ][ ][ ][ ][ ][ ][ ]
[ ][ ][ ][ ][ ][ ][ ]
[ ][ ][ ][ ][ ][ ][1]
[ ][ ][2][ ][ ][ ][1]
[ ][ ][1][ ][ ][ ][2]
[2][ ][2][ ][1][2][1]

Player 1 Move (Score: -200):
Current player: 2
[ ][ ][ ][ ][ ][ ][ ]
[ ][ ][ ][ ][ ][ ][ ]
[ ][ ][ ][ ][ ][ ][1]
[ ][ ][2][ ][ ][ ][1]
[ ][ ][1][ ][ ][ ][2]
[2][ ][2][1][1][2][1]

Player 2 Move (Score: -200):
Current player: 1
[ ][ ][ ][ ][ ][ ][ ]
[ ][ ][ ][ ][ ][ ][ ]
[ ][ ][ ][ ][ ][ ][1]
[ ][ ][2][ ][ ][ ][1]
[ ][ ][1][ ][ ][ ][2]
[2][2][2][1][1][2][1]

Player 1 Move (Score: -200):
Current player: 2
[ ][ ][ ][ ][ ][ ][ ]
[ ][ ][ ][ ][ ][ ][ ]
[ ][ ][ ][ ][ ][ ][1]
[ ][ ][2][ ][ ][ ][1]
[ ][ ][1][ ][1][ ][2]
[2][2][2][1][1][2][1]

Player 2 Move (Score: -200):
Current player: 1
[ ][ ][ ][ ][ ][ ][ ]
[ ][ ][ ][ ][ ][ ][ ]
[ ][ ][ ][ ][ ][ ][1]
[ ][ ][2][ ][ ][ ][1]
[ ][ ][1][ ][1][2][2]
[2][2][2][1][1][2][1]

Player 1 Move (Score: -300):
Current player: 2
[ ][ ][ ][ ][ ][ ][ ]
[ ][ ][ ][ ][ ][ ][ ]
[ ][ ][ ][ ][ ][ ][1]
[ ][ ][2][ ][ ][ ][1]
[1][ ][1][ ][1][2][2]
[2][2][2][1][1][2][1]

Player 2 Move (Score: -200):
Current player: 1
[ ][ ][ ][ ][ ][ ][ ]
[ ][ ][ ][ ][ ][ ][ ]
[ ][ ][2][ ][ ][ ][1]
[ ][ ][2][ ][ ][ ][1]
[1][ ][1][ ][1][2][2]
[2][2][2][1][1][2][1]

Player 1 Move (Score: -300):
Current player: 2
[ ][ ][ ][ ][ ][ ][ ]
[ ][ ][ ][ ][ ][ ][ ]
[ ][ ][2][ ][ ][ ][1]
[1][ ][2][ ][ ][ ][1]
[1][ ][1][ ][1][2][2]
[2][2][2][1][1][2][1]

Player 2 Move (Score: -200):
Current player: 1
[ ][ ][ ][ ][ ][ ][ ]
[ ][ ][ ][ ][ ][ ][2]
[ ][ ][2][ ][ ][ ][1]
[1][ ][2][ ][ ][ ][1]
[1][ ][1][ ][1][2][2]
[2][2][2][1][1][2][1]

Player 1 Move (Score: -200):
Current player: 2
[ ][ ][ ][ ][ ][ ][1]
[ ][ ][ ][ ][ ][ ][2]
[ ][ ][2][ ][ ][ ][1]
[1][ ][2][ ][ ][ ][1]
[1][ ][1][ ][1][2][2]
[2][2][2][1][1][2][1]

Player 2 Move (Score: -100):
Current player: 1
[ ][ ][ ][ ][ ][ ][1]
[ ][ ][ ][ ][ ][ ][2]
[ ][ ][2][ ][ ][ ][1]
[1][ ][2][ ][2][ ][1]
[1][ ][1][ ][1][2][2]
[2][2][2][1][1][2][1]

Player 1 Move (Score: -500):
Current player: 2
[ ][ ][ ][ ][ ][ ][1]
[ ][ ][1][ ][ ][ ][2]
[ ][ ][2][ ][ ][ ][1]
[1][ ][2][ ][2][ ][1]
[1][ ][1][ ][1][2][2]
[2][2][2][1][1][2][1]

Player 2 Move (Score: -100):
Current player: 1
[ ][ ][2][ ][ ][ ][1]
[ ][ ][1][ ][ ][ ][2]
[ ][ ][2][ ][ ][ ][1]
[1][ ][2][ ][2][ ][1]
[1][ ][1][ ][1][2][2]
[2][2][2][1][1][2][1]

Player 1 Move (Score: -10300):
Current player: 2
[ ][ ][2][ ][ ][ ][1]
[ ][ ][1][ ][ ][ ][2]
[ ][ ][2][ ][1][ ][1]
[1][ ][2][ ][2][ ][1]
[1][ ][1][ ][1][2][2]
[2][2][2][1][1][2][1]

Player 2 Move (Score: -100):
Current player: 1
[ ][ ][2][ ][ ][ ][1]
[ ][ ][1][ ][2][ ][2]
[ ][ ][2][ ][1][ ][1]
[1][ ][2][ ][2][ ][1]
[1][ ][1][ ][1][2][2]
[2][2][2][1][1][2][1]

Player 1 Move (Score: -10100):
Current player: 2
[ ][ ][2][ ][1][ ][1]
[ ][ ][1][ ][2][ ][2]
[ ][ ][2][ ][1][ ][1]
[1][ ][2][ ][2][ ][1]
[1][ ][1][ ][1][2][2]
[2][2][2][1][1][2][1]

Player 2 Move (Score: 0):
Current player: 1
[ ][ ][2][ ][1][ ][1]
[ ][ ][1][ ][2][ ][2]
[ ][ ][2][ ][1][ ][1]
[1][ ][2][ ][2][2][1]
[1][ ][1][ ][1][2][2]
[2][2][2][1][1][2][1]

Player 1 Move (Score: -29900):
Current player: 2
[ ][ ][2][ ][1][ ][1]
[ ][ ][1][ ][2][ ][2]
[ ][ ][2][ ][1][1][1]
[1][ ][2][ ][2][2][1]
[1][ ][1][ ][1][2][2]
[2][2][2][1][1][2][1]

Player 2 Move (Score: -10100):
Current player: 1
[ ][ ][2][ ][1][ ][1]
[ ][ ][1][ ][2][ ][2]
[ ][ ][2][ ][1][1][1]
[1][ ][2][ ][2][2][1]
[1][ ][1][2][1][2][2]
[2][2][2][1][1][2][1]

Player 1 Move (Score: -2000100):
Current player: 2
[ ][ ][2][ ][1][ ][1]
[ ][ ][1][ ][2][ ][2]
[ ][ ][2][ ][1][1][1]
[1][ ][2][ ][2][2][1]
[1][1][1][2][1][2][2]
[2][2][2][1][1][2][1]

Player 2 Move (Score: -2000100):
Current player: 1
[ ][ ][2][ ][1][ ][1]
[ ][ ][1][ ][2][ ][2]
[ ][ ][2][ ][1][1][1]
[1][ ][2][2][2][2][1]
[1][1][1][2][1][2][2]
[2][2][2][1][1][2][1]

Result: Player 2 Wins

Simulating game 5/10 (Player 1 Depth: 5, Player 2 Depth: 2)
Player 1 Move (Score: 0):
Current player: 2
[ ][ ][ ][ ][ ][ ][ ]
[ ][ ][ ][ ][ ][ ][ ]
[ ][ ][ ][ ][ ][ ][ ]
[ ][ ][ ][ ][ ][ ][ ]
[ ][ ][ ][ ][ ][ ][ ]
[ ][ ][ ][ ][ ][ ][1]

Player 2 Move (Score: 0):
Current player: 1
[ ][ ][ ][ ][ ][ ][ ]
[ ][ ][ ][ ][ ][ ][ ]
[ ][ ][ ][ ][ ][ ][ ]
[ ][ ][ ][ ][ ][ ][ ]
[ ][ ][ ][ ][ ][ ][2]
[ ][ ][ ][ ][ ][ ][1]

Player 1 Move (Score: 0):
Current player: 2
[ ][ ][ ][ ][ ][ ][ ]
[ ][ ][ ][ ][ ][ ][ ]
[ ][ ][ ][ ][ ][ ][ ]
[ ][ ][ ][ ][ ][ ][ ]
[ ][ ][ ][ ][ ][ ][2]
[ ][ ][ ][1][ ][ ][1]

Player 2 Move (Score: 0):
Current player: 1
[ ][ ][ ][ ][ ][ ][ ]
[ ][ ][ ][ ][ ][ ][ ]
[ ][ ][ ][ ][ ][ ][ ]
[ ][ ][ ][ ][ ][ ][ ]
[ ][ ][ ][ ][ ][ ][2]
[ ][ ][ ][1][ ][2][1]

Player 1 Move (Score: 0):
Current player: 2
[ ][ ][ ][ ][ ][ ][ ]
[ ][ ][ ][ ][ ][ ][ ]
[ ][ ][ ][ ][ ][ ][ ]
[ ][ ][ ][ ][ ][ ][ ]
[ ][ ][ ][ ][ ][ ][2]
[ ][1][ ][1][ ][2][1]

Player 2 Move (Score: 0):
Current player: 1
[ ][ ][ ][ ][ ][ ][ ]
[ ][ ][ ][ ][ ][ ][ ]
[ ][ ][ ][ ][ ][ ][ ]
[ ][ ][ ][ ][ ][ ][ ]
[ ][2][ ][ ][ ][ ][2]
[ ][1][ ][1][ ][2][1]

Player 1 Move (Score: 0):
Current player: 2
[ ][ ][ ][ ][ ][ ][ ]
[ ][ ][ ][ ][ ][ ][ ]
[ ][ ][ ][ ][ ][ ][ ]
[ ][ ][ ][ ][ ][ ][ ]
[ ][2][ ][ ][ ][ ][2]
[ ][1][ ][1][1][2][1]

Player 2 Move (Score: 0):
Current player: 1
[ ][ ][ ][ ][ ][ ][ ]
[ ][ ][ ][ ][ ][ ][ ]
[ ][ ][ ][ ][ ][ ][ ]
[ ][ ][ ][ ][ ][ ][ ]
[ ][2][ ][ ][ ][ ][2]
[ ][1][2][1][1][2][1]

Player 1 Move (Score: 100):
Current player: 2
[ ][ ][ ][ ][ ][ ][ ]
[ ][ ][ ][ ][ ][ ][ ]
[ ][ ][ ][ ][ ][ ][ ]
[ ][ ][ ][ ][ ][ ][1]
[ ][2][ ][ ][ ][ ][2]
[ ][1][2][1][1][2][1]

Player 2 Move (Score: 0):
Current player: 1
[ ][ ][ ][ ][ ][ ][ ]
[ ][ ][ ][ ][ ][ ][ ]
[ ][ ][ ][ ][ ][ ][2]
[ ][ ][ ][ ][ ][ ][1]
[ ][2][ ][ ][ ][ ][2]
[ ][1][2][1][1][2][1]

Player 1 Move (Score: 0):
Current player: 2
[ ][ ][ ][ ][ ][ ][ ]
[ ][ ][ ][ ][ ][ ][ ]
[ ][ ][ ][ ][ ][ ][2]
[ ][ ][ ][ ][ ][ ][1]
[ ][2][ ][1][ ][ ][2]
[ ][1][2][1][1][2][1]

Player 2 Move (Score: -300):
Current player: 1
[ ][ ][ ][ ][ ][ ][ ]
[ ][ ][ ][ ][ ][ ][2]
[ ][ ][ ][ ][ ][ ][2]
[ ][ ][ ][ ][ ][ ][1]
[ ][2][ ][1][ ][ ][2]
[ ][1][2][1][1][2][1]

Player 1 Move (Score: 0):
Current player: 2
[ ][ ][ ][ ][ ][ ][1]
[ ][ ][ ][ ][ ][ ][2]
[ ][ ][ ][ ][ ][ ][2]
[ ][ ][ ][ ][ ][ ][1]
[ ][2][ ][1][ ][ ][2]
[ ][1][2][1][1][2][1]

Player 2 Move (Score: -200):
Current player: 1
[ ][ ][ ][ ][ ][ ][1]
[ ][ ][ ][ ][ ][ ][2]
[ ][ ][ ][ ][ ][ ][2]
[ ][ ][ ][2][ ][ ][1]
[ ][2][ ][1][ ][ ][2]
[ ][1][2][1][1][2][1]

Player 1 Move (Score: 0):
Current player: 2
[ ][ ][ ][ ][ ][ ][1]
[ ][ ][ ][ ][ ][ ][2]
[ ][ ][ ][ ][ ][ ][2]
[ ][1][ ][2][ ][ ][1]
[ ][2][ ][1][ ][ ][2]
[ ][1][2][1][1][2][1]

Player 2 Move (Score: 0):
Current player: 1
[ ][ ][ ][ ][ ][ ][1]
[ ][ ][ ][ ][ ][ ][2]
[ ][ ][ ][ ][ ][ ][2]
[ ][1][ ][2][ ][ ][1]
[ ][2][ ][1][ ][ ][2]
[2][1][2][1][1][2][1]

Player 1 Move (Score: 0):
Current player: 2
[ ][ ][ ][ ][ ][ ][1]
[ ][ ][ ][ ][ ][ ][2]
[ ][ ][ ][1][ ][ ][2]
[ ][1][ ][2][ ][ ][1]
[ ][2][ ][1][ ][ ][2]
[2][1][2][1][1][2][1]

Player 2 Move (Score: -100):
Current player: 1
[ ][ ][ ][ ][ ][ ][1]
[ ][ ][ ][2][ ][ ][2]
[ ][ ][ ][1][ ][ ][2]
[ ][1][ ][2][ ][ ][1]
[ ][2][ ][1][ ][ ][2]
[2][1][2][1][1][2][1]

Player 1 Move (Score: 0):
Current player: 2
[ ][ ][ ][ ][ ][ ][1]
[ ][ ][ ][2][ ][ ][2]
[ ][ ][ ][1][ ][ ][2]
[ ][1][ ][2][ ][ ][1]
[ ][2][ ][1][ ][1][2]
[2][1][2][1][1][2][1]

Player 2 Move (Score: -100):
Current player: 1
[ ][ ][ ][2][ ][ ][1]
[ ][ ][ ][2][ ][ ][2]
[ ][ ][ ][1][ ][ ][2]
[ ][1][ ][2][ ][ ][1]
[ ][2][ ][1][ ][1][2]
[2][1][2][1][1][2][1]

Player 1 Move (Score: -100):
Current player: 2
[ ][ ][ ][2][ ][ ][1]
[ ][ ][ ][2][ ][ ][2]
[ ][ ][ ][1][ ][ ][2]
[ ][1][ ][2][ ][1][1]
[ ][2][ ][1][ ][1][2]
[2][1][2][1][1][2][1]

Player 2 Move (Score: -100):
Current player: 1
[ ][ ][ ][2][ ][ ][1]
[ ][ ][ ][2][ ][ ][2]
[ ][ ][ ][1][ ][2][2]
[ ][1][ ][2][ ][1][1]
[ ][2][ ][1][ ][1][2]
[2][1][2][1][1][2][1]

Player 1 Move (Score: -100):
Current player: 2
[ ][ ][ ][2][ ][ ][1]
[ ][ ][ ][2][ ][1][2]
[ ][ ][ ][1][ ][2][2]
[ ][1][ ][2][ ][1][1]
[ ][2][ ][1][ ][1][2]
[2][1][2][1][1][2][1]

Player 2 Move (Score: -100):
Current player: 1
[ ][ ][ ][2][ ][2][1]
[ ][ ][ ][2][ ][1][2]
[ ][ ][ ][1][ ][2][2]
[ ][1][ ][2][ ][1][1]
[ ][2][ ][1][ ][1][2]
[2][1][2][1][1][2][1]

Player 1 Move (Score: -100):
Current player: 2
[ ][ ][ ][2][ ][2][1]
[ ][ ][ ][2][ ][1][2]
[ ][ ][ ][1][ ][2][2]
[ ][1][ ][2][ ][1][1]
[ ][2][1][1][ ][1][2]
[2][1][2][1][1][2][1]

Player 2 Move (Score: -10000):
Current player: 1
[ ][ ][ ][2][ ][2][1]
[ ][ ][ ][2][ ][1][2]
[ ][ ][ ][1][ ][2][2]
[ ][1][2][2][ ][1][1]
[ ][2][1][1][ ][1][2]
[2][1][2][1][1][2][1]

Player 1 Move (Score: -10130):
Current player: 2
[ ][ ][ ][2][ ][2][1]
[ ][ ][ ][2][ ][1][2]
[ ][ ][1][1][ ][2][2]
[ ][1][2][2][ ][1][1]
[ ][2][1][1][ ][1][2]
[2][1][2][1][1][2][1]

Player 2 Move (Score: -10130):
Current player: 1
[ ][ ][ ][2][ ][2][1]
[ ][ ][ ][2][ ][1][2]
[ ][ ][1][1][ ][2][2]
[ ][1][2][2][ ][1][1]
[ ][2][1][1][2][1][2]
[2][1][2][1][1][2][1]

Player 1 Move (Score: -22000):
Current player: 2
[ ][ ][ ][2][ ][2][1]
[ ][ ][ ][2][ ][1][2]
[ ][1][1][1][ ][2][2]
[ ][1][2][2][ ][1][1]
[ ][2][1][1][2][1][2]
[2][1][2][1][1][2][1]

Player 2 Move (Score: -22100):
Current player: 1
[ ][ ][ ][2][ ][2][1]
[ ][ ][ ][2][ ][1][2]
[ ][1][1][1][ ][2][2]
[ ][1][2][2][ ][1][1]
[2][2][1][1][2][1][2]
[2][1][2][1][1][2][1]

Player 1 Move (Score: -31900):
Current player: 2
[ ][ ][ ][2][ ][2][1]
[ ][ ][ ][2][ ][1][2]
[ ][1][1][1][ ][2][2]
[1][1][2][2][ ][1][1]
[2][2][1][1][2][1][2]
[2][1][2][1][1][2][1]

Player 2 Move (Score: -22000):
Current player: 1
[ ][ ][ ][2][ ][2][1]
[ ][ ][ ][2][ ][1][2]
[ ][1][1][1][ ][2][2]
[1][1][2][2][2][1][1]
[2][2][1][1][2][1][2]
[2][1][2][1][1][2][1]

Player 1 Move (Score: -2020000):
Current player: 2
[ ][ ][ ][2][ ][2][1]
[ ][ ][1][2][ ][1][2]
[ ][1][1][1][ ][2][2]
[1][1][2][2][2][1][1]
[2][2][1][1][2][1][2]
[2][1][2][1][1][2][1]

Player 2 Move (Score: -31770):
Current player: 1
[ ][ ][2][2][ ][2][1]
[ ][ ][1][2][ ][1][2]
[ ][1][1][1][ ][2][2]
[1][1][2][2][2][1][1]
[2][2][1][1][2][1][2]
[2][1][2][1][1][2][1]

Player 1 Move (Score: -2009870):
Current player: 2
[ ][ ][2][2][ ][2][1]
[ ][1][1][2][ ][1][2]
[ ][1][1][1][ ][2][2]
[1][1][2][2][2][1][1]
[2][2][1][1][2][1][2]
[2][1][2][1][1][2][1]

Player 2 Move (Score: -2008000):
Current player: 1
[ ][2][2][2][ ][2][1]
[ ][1][1][2][ ][1][2]
[ ][1][1][1][ ][2][2]
[1][1][2][2][2][1][1]
[2][2][1][1][2][1][2]
[2][1][2][1][1][2][1]

Player 1 Move (Score: -2008000):
Current player: 2
[ ][2][2][2][ ][2][1]
[ ][1][1][2][ ][1][2]
[ ][1][1][1][1][2][2]
[1][1][2][2][2][1][1]
[2][2][1][1][2][1][2]
[2][1][2][1][1][2][1]

Result: Player 1 Wins

Simulating game 6/10 (Player 1 Depth: 5, Player 2 Depth: 2)
Player 1 Move (Score: 0):
Current player: 2
[ ][ ][ ][ ][ ][ ][ ]
[ ][ ][ ][ ][ ][ ][ ]
[ ][ ][ ][ ][ ][ ][ ]
[ ][ ][ ][ ][ ][ ][ ]
[ ][ ][ ][ ][ ][ ][ ]
[1][ ][ ][ ][ ][ ][ ]

Player 2 Move (Score: 0):
Current player: 1
[ ][ ][ ][ ][ ][ ][ ]
[ ][ ][ ][ ][ ][ ][ ]
[ ][ ][ ][ ][ ][ ][ ]
[ ][ ][ ][ ][ ][ ][ ]
[ ][ ][ ][ ][ ][ ][ ]
[1][ ][ ][ ][ ][ ][2]

Player 1 Move (Score: 0):
Current player: 2
[ ][ ][ ][ ][ ][ ][ ]
[ ][ ][ ][ ][ ][ ][ ]
[ ][ ][ ][ ][ ][ ][ ]
[ ][ ][ ][ ][ ][ ][ ]
[ ][ ][ ][ ][ ][ ][ ]
[1][ ][1][ ][ ][ ][2]

Player 2 Move (Score: 0):
Current player: 1
[ ][ ][ ][ ][ ][ ][ ]
[ ][ ][ ][ ][ ][ ][ ]
[ ][ ][ ][ ][ ][ ][ ]
[ ][ ][ ][ ][ ][ ][ ]
[ ][ ][ ][ ][ ][ ][ ]
[1][2][1][ ][ ][ ][2]

Player 1 Move (Score: 0):
Current player: 2
[ ][ ][ ][ ][ ][ ][ ]
[ ][ ][ ][ ][ ][ ][ ]
[ ][ ][ ][ ][ ][ ][ ]
[ ][ ][ ][ ][ ][ ][ ]
[ ][ ][ ][ ][ ][ ][1]
[1][2][1][ ][ ][ ][2]

Player 2 Move (Score: 0):
Current player: 1
[ ][ ][ ][ ][ ][ ][ ]
[ ][ ][ ][ ][ ][ ][ ]
[ ][ ][ ][ ][ ][ ][ ]
[ ][ ][ ][ ][ ][ ][ ]
[ ][ ][ ][ ][ ][ ][1]
[1][2][1][ ][ ][2][2]

Player 1 Move (Score: -100):
Current player: 2
[ ][ ][ ][ ][ ][ ][ ]
[ ][ ][ ][ ][ ][ ][ ]
[ ][ ][ ][ ][ ][ ][ ]
[ ][ ][ ][ ][ ][ ][ ]
[ ][1][ ][ ][ ][ ][1]
[1][2][1][ ][ ][2][2]

Player 2 Move (Score: -100):
Current player: 1
[ ][ ][ ][ ][ ][ ][ ]
[ ][ ][ ][ ][ ][ ][ ]
[ ][ ][ ][ ][ ][ ][ ]
[ ][ ][ ][ ][ ][ ][ ]
[ ][1][ ][ ][ ][ ][1]
[1][2][1][2][ ][2][2]

Player 1 Move (Score: -100):
Current player: 2
[ ][ ][ ][ ][ ][ ][ ]
[ ][ ][ ][ ][ ][ ][ ]
[ ][ ][ ][ ][ ][ ][ ]
[ ][ ][ ][ ][ ][ ][ ]
[ ][1][ ][ ][ ][ ][1]
[1][2][1][2][1][2][2]

Player 2 Move (Score: -100):
Current player: 1
[ ][ ][ ][ ][ ][ ][ ]
[ ][ ][ ][ ][ ][ ][ ]
[ ][ ][ ][ ][ ][ ][ ]
[ ][ ][ ][ ][ ][ ][ ]
[2][1][ ][ ][ ][ ][1]
[1][2][1][2][1][2][2]

Player 1 Move (Score: -200):
Current player: 2
[ ][ ][ ][ ][ ][ ][ ]
[ ][ ][ ][ ][ ][ ][ ]
[ ][ ][ ][ ][ ][ ][ ]
[ ][ ][ ][ ][ ][ ][1]
[2][1][ ][ ][ ][ ][1]
[1][2][1][2][1][2][2]

Player 2 Move (Score: -200):
Current player: 1
[ ][ ][ ][ ][ ][ ][ ]
[ ][ ][ ][ ][ ][ ][ ]
[ ][ ][ ][ ][ ][ ][ ]
[2][ ][ ][ ][ ][ ][1]
[2][1][ ][ ][ ][ ][1]
[1][2][1][2][1][2][2]

Player 1 Move (Score: -200):
Current player: 2
[ ][ ][ ][ ][ ][ ][ ]
[ ][ ][ ][ ][ ][ ][ ]
[1][ ][ ][ ][ ][ ][ ]
[2][ ][ ][ ][ ][ ][1]
[2][1][ ][ ][ ][ ][1]
[1][2][1][2][1][2][2]

Player 2 Move (Score: -200):
Current player: 1
[ ][ ][ ][ ][ ][ ][ ]
[2][ ][ ][ ][ ][ ][ ]
[1][ ][ ][ ][ ][ ][ ]
[2][ ][ ][ ][ ][ ][1]
[2][1][ ][ ][ ][ ][1]
[1][2][1][2][1][2][2]

Player 1 Move (Score: -200):
Current player: 2
[ ][ ][ ][ ][ ][ ][ ]
[2][ ][ ][ ][ ][ ][ ]
[1][ ][ ][ ][ ][ ][ ]
[2][ ][ ][ ][ ][ ][1]
[2][1][ ][ ][ ][1][1]
[1][2][1][2][1][2][2]

Player 2 Move (Score: -400):
Current player: 1
[2][ ][ ][ ][ ][ ][ ]
[2][ ][ ][ ][ ][ ][ ]
[1][ ][ ][ ][ ][ ][ ]
[2][ ][ ][ ][ ][ ][1]
[2][1][ ][ ][ ][1][1]
[1][2][1][2][1][2][2]

Player 1 Move (Score: -600):
Current player: 2
[2][ ][ ][ ][ ][ ][ ]
[2][ ][ ][ ][ ][ ][ ]
[1][ ][ ][ ][ ][ ][ ]
[2][ ][ ][ ][ ][ ][1]
[2][1][ ][1][ ][1][1]
[1][2][1][2][1][2][2]

Player 2 Move (Score: -500):
Current player: 1
[2][ ][ ][ ][ ][ ][ ]
[2][ ][ ][ ][ ][ ][ ]
[1][ ][ ][ ][ ][ ][ ]
[2][ ][ ][ ][ ][ ][1]
[2][1][2][1][ ][1][1]
[1][2][1][2][1][2][2]

Player 1 Move (Score: -800):
Current player: 2
[2][ ][ ][ ][ ][ ][ ]
[2][ ][ ][ ][ ][ ][ ]
[1][ ][ ][ ][ ][ ][ ]
[2][1][ ][ ][ ][ ][1]
[2][1][2][1][ ][1][1]
[1][2][1][2][1][2][2]

Player 2 Move (Score: -600):
Current player: 1
[2][ ][ ][ ][ ][ ][ ]
[2][ ][ ][ ][ ][ ][ ]
[1][ ][ ][ ][ ][ ][2]
[2][1][ ][ ][ ][ ][1]
[2][1][2][1][ ][1][1]
[1][2][1][2][1][2][2]

Player 1 Move (Score: -900):
Current player: 2
[2][ ][ ][ ][ ][ ][ ]
[2][ ][ ][ ][ ][ ][1]
[1][ ][ ][ ][ ][ ][2]
[2][1][ ][ ][ ][ ][1]
[2][1][2][1][ ][1][1]
[1][2][1][2][1][2][2]

Player 2 Move (Score: -600):
Current player: 1
[2][ ][ ][ ][ ][ ][2]
[2][ ][ ][ ][ ][ ][1]
[1][ ][ ][ ][ ][ ][2]
[2][1][ ][ ][ ][ ][1]
[2][1][2][1][ ][1][1]
[1][2][1][2][1][2][2]

Player 1 Move (Score: -10600):
Current player: 2
[2][ ][ ][ ][ ][ ][2]
[2][ ][ ][ ][ ][ ][1]
[1][ ][ ][ ][ ][ ][2]
[2][1][ ][ ][ ][1][1]
[2][1][2][1][ ][1][1]
[1][2][1][2][1][2][2]

Player 2 Move (Score: -900):
Current player: 1
[2][ ][ ][ ][ ][ ][2]
[2][ ][ ][ ][ ][ ][1]
[1][ ][ ][ ][ ][ ][2]
[2][1][ ][ ][ ][1][1]
[2][1][2][1][2][1][1]
[1][2][1][2][1][2][2]

Player 1 Move (Score: -10700):
Current player: 2
[2][ ][ ][ ][ ][ ][2]
[2][ ][ ][ ][ ][ ][1]
[1][ ][ ][ ][ ][ ][2]
[2][1][ ][1][ ][1][1]
[2][1][2][1][2][1][1]
[1][2][1][2][1][2][2]

Player 2 Move (Score: -10600):
Current player: 1
[2][ ][ ][ ][ ][ ][2]
[2][ ][ ][ ][ ][ ][1]
[1][ ][ ][ ][ ][ ][2]
[2][1][ ][1][2][1][1]
[2][1][2][1][2][1][1]
[1][2][1][2][1][2][2]

Player 1 Move (Score: -20600):
Current player: 2
[2][ ][ ][ ][ ][ ][2]
[2][ ][ ][ ][ ][ ][1]
[1][1][ ][ ][ ][ ][2]
[2][1][ ][1][2][1][1]
[2][1][2][1][2][1][1]
[1][2][1][2][1][2][2]

Player 2 Move (Score: -20300):
Current player: 1
[2][ ][ ][ ][ ][ ][2]
[2][ ][ ][ ][ ][ ][1]
[1][1][ ][ ][ ][2][2]
[2][1][ ][1][2][1][1]
[2][1][2][1][2][1][1]
[1][2][1][2][1][2][2]

Player 1 Move (Score: -40200):
Current player: 2
[2][ ][ ][ ][ ][ ][2]
[2][ ][ ][ ][ ][ ][1]
[1][1][ ][1][ ][2][2]
[2][1][ ][1][2][1][1]
[2][1][2][1][2][1][1]
[1][2][1][2][1][2][2]

Player 2 Move (Score: -20300):
Current player: 1
[2][ ][ ][ ][ ][ ][2]
[2][ ][ ][ ][ ][2][1]
[1][1][ ][1][ ][2][2]
[2][1][ ][1][2][1][1]
[2][1][2][1][2][1][1]
[1][2][1][2][1][2][2]

Player 1 Move (Score: -2010000):
Current player: 2
[2][ ][ ][ ][ ][1][2]
[2][ ][ ][ ][ ][2][1]
[1][1][ ][1][ ][2][2]
[2][1][ ][1][2][1][1]
[2][1][2][1][2][1][1]
[1][2][1][2][1][2][2]

Player 2 Move (Score: -50200):
Current player: 1
[2][ ][ ][ ][ ][1][2]
[2][ ][ ][ ][ ][2][1]
[1][1][ ][1][2][2][2]
[2][1][ ][1][2][1][1]
[2][1][2][1][2][1][1]
[1][2][1][2][1][2][2]

Player 1 Move (Score: -2010000):
Current player: 2
[2][ ][ ][ ][ ][1][2]
[2][ ][ ][1][ ][2][1]
[1][1][ ][1][2][2][2]
[2][1][ ][1][2][1][1]
[2][1][2][1][2][1][1]
[1][2][1][2][1][2][2]

Result: Player 1 Wins

Simulating game 7/10 (Player 1 Depth: 5, Player 2 Depth: 2)
Player 1 Move (Score: 0):
Current player: 2
[ ][ ][ ][ ][ ][ ][ ]
[ ][ ][ ][ ][ ][ ][ ]
[ ][ ][ ][ ][ ][ ][ ]
[ ][ ][ ][ ][ ][ ][ ]
[ ][ ][ ][ ][ ][ ][ ]
[ ][ ][ ][ ][ ][1][ ]

Player 2 Move (Score: 0):
Current player: 1
[ ][ ][ ][ ][ ][ ][ ]
[ ][ ][ ][ ][ ][ ][ ]
[ ][ ][ ][ ][ ][ ][ ]
[ ][ ][ ][ ][ ][ ][ ]
[ ][ ][ ][ ][ ][ ][ ]
[ ][ ][ ][ ][ ][1][2]

Player 1 Move (Score: 0):
Current player: 2
[ ][ ][ ][ ][ ][ ][ ]
[ ][ ][ ][ ][ ][ ][ ]
[ ][ ][ ][ ][ ][ ][ ]
[ ][ ][ ][ ][ ][ ][ ]
[ ][ ][ ][ ][ ][ ][ ]
[1][ ][ ][ ][ ][1][2]

Player 2 Move (Score: 0):
Current player: 1
[ ][ ][ ][ ][ ][ ][ ]
[ ][ ][ ][ ][ ][ ][ ]
[ ][ ][ ][ ][ ][ ][ ]
[ ][ ][ ][ ][ ][ ][ ]
[ ][ ][ ][ ][ ][ ][ ]
[1][2][ ][ ][ ][1][2]

Player 1 Move (Score: 0):
Current player: 2
[ ][ ][ ][ ][ ][ ][ ]
[ ][ ][ ][ ][ ][ ][ ]
[ ][ ][ ][ ][ ][ ][ ]
[ ][ ][ ][ ][ ][ ][ ]
[ ][ ][ ][ ][ ][ ][1]
[1][2][ ][ ][ ][1][2]

Player 2 Move (Score: 0):
Current player: 1
[ ][ ][ ][ ][ ][ ][ ]
[ ][ ][ ][ ][ ][ ][ ]
[ ][ ][ ][ ][ ][ ][ ]
[ ][ ][ ][ ][ ][ ][ ]
[2][ ][ ][ ][ ][ ][1]
[1][2][ ][ ][ ][1][2]

Player 1 Move (Score: 0):
Current player: 2
[ ][ ][ ][ ][ ][ ][ ]
[ ][ ][ ][ ][ ][ ][ ]
[ ][ ][ ][ ][ ][ ][ ]
[ ][ ][ ][ ][ ][ ][ ]
[2][ ][ ][ ][ ][1][1]
[1][2][ ][ ][ ][1][2]

Player 2 Move (Score: -200):
Current player: 1
[ ][ ][ ][ ][ ][ ][ ]
[ ][ ][ ][ ][ ][ ][ ]
[ ][ ][ ][ ][ ][ ][ ]
[ ][ ][ ][ ][ ][ ][ ]
[2][ ][ ][ ][ ][1][1]
[1][2][ ][ ][2][1][2]

Player 1 Move (Score: -200):
Current player: 2
[ ][ ][ ][ ][ ][ ][ ]
[ ][ ][ ][ ][ ][ ][ ]
[ ][ ][ ][ ][ ][ ][ ]
[ ][ ][ ][ ][ ][ ][ ]
[2][ ][ ][ ][ ][1][1]
[1][2][ ][1][2][1][2]

Player 2 Move (Score: -200):
Current player: 1
[ ][ ][ ][ ][ ][ ][ ]
[ ][ ][ ][ ][ ][ ][ ]
[ ][ ][ ][ ][ ][ ][ ]
[ ][ ][ ][ ][ ][ ][2]
[2][ ][ ][ ][ ][1][1]
[1][2][ ][1][2][1][2]

Player 1 Move (Score: -100):
Current player: 2
[ ][ ][ ][ ][ ][ ][ ]
[ ][ ][ ][ ][ ][ ][ ]
[ ][ ][ ][ ][ ][ ][1]
[ ][ ][ ][ ][ ][ ][2]
[2][ ][ ][ ][ ][1][1]
[1][2][ ][1][2][1][2]

Player 2 Move (Score: -200):
Current player: 1
[ ][ ][ ][ ][ ][ ][ ]
[ ][ ][ ][ ][ ][ ][ ]
[ ][ ][ ][ ][ ][ ][1]
[ ][ ][ ][ ][ ][ ][2]
[2][ ][ ][ ][ ][1][1]
[1][2][2][1][2][1][2]

Player 1 Move (Score: -200):
Current player: 2
[ ][ ][ ][ ][ ][ ][ ]
[ ][ ][ ][ ][ ][ ][ ]
[ ][ ][ ][ ][ ][ ][1]
[ ][ ][ ][ ][ ][ ][2]
[2][1][ ][ ][ ][1][1]
[1][2][2][1][2][1][2]

Player 2 Move (Score: -300):
Current player: 1
[ ][ ][ ][ ][ ][ ][ ]
[ ][ ][ ][ ][ ][ ][2]
[ ][ ][ ][ ][ ][ ][1]
[ ][ ][ ][ ][ ][ ][2]
[2][1][ ][ ][ ][1][1]
[1][2][2][1][2][1][2]

Player 1 Move (Score: -200):
Current player: 2
[ ][ ][ ][ ][ ][ ][1]
[ ][ ][ ][ ][ ][ ][2]
[ ][ ][ ][ ][ ][ ][1]
[ ][ ][ ][ ][ ][ ][2]
[2][1][ ][ ][ ][1][1]
[1][2][2][1][2][1][2]

Player 2 Move (Score: -200):
Current player: 1
[ ][ ][ ][ ][ ][ ][1]
[ ][ ][ ][ ][ ][ ][2]
[ ][ ][ ][ ][ ][ ][1]
[2][ ][ ][ ][ ][ ][2]
[2][1][ ][ ][ ][1][1]
[1][2][2][1][2][1][2]

Player 1 Move (Score: -100):
Current player: 2
[ ][ ][ ][ ][ ][ ][1]
[ ][ ][ ][ ][ ][ ][2]
[1][ ][ ][ ][ ][ ][1]
[2][ ][ ][ ][ ][ ][2]
[2][1][ ][ ][ ][1][1]
[1][2][2][1][2][1][2]

Player 2 Move (Score: -300):
Current player: 1
[ ][ ][ ][ ][ ][ ][1]
[2][ ][ ][ ][ ][ ][2]
[1][ ][ ][ ][ ][ ][1]
[2][ ][ ][ ][ ][ ][2]
[2][1][ ][ ][ ][1][1]
[1][2][2][1][2][1][2]

Player 1 Move (Score: -100):
Current player: 2
[1][ ][ ][ ][ ][ ][1]
[2][ ][ ][ ][ ][ ][2]
[1][ ][ ][ ][ ][ ][1]
[2][ ][ ][ ][ ][ ][2]
[2][1][ ][ ][ ][1][1]
[1][2][2][1][2][1][2]

Player 2 Move (Score: -100):
Current player: 1
[1][ ][ ][ ][ ][ ][1]
[2][ ][ ][ ][ ][ ][2]
[1][ ][ ][ ][ ][ ][1]
[2][2][ ][ ][ ][ ][2]
[2][1][ ][ ][ ][1][1]
[1][2][2][1][2][1][2]

Player 1 Move (Score: 0):
Current player: 2
[1][ ][ ][ ][ ][ ][1]
[2][ ][ ][ ][ ][ ][2]
[1][1][ ][ ][ ][ ][1]
[2][2][ ][ ][ ][ ][2]
[2][1][ ][ ][ ][1][1]
[1][2][2][1][2][1][2]

Player 2 Move (Score: -100):
Current player: 1
[1][ ][ ][ ][ ][ ][1]
[2][ ][ ][ ][ ][ ][2]
[1][1][ ][ ][ ][ ][1]
[2][2][ ][ ][ ][ ][2]
[2][1][2][ ][ ][1][1]
[1][2][2][1][2][1][2]

Player 1 Move (Score: -10300):
Current player: 2
[1][ ][ ][ ][ ][ ][1]
[2][ ][ ][ ][ ][ ][2]
[1][1][ ][ ][ ][ ][1]
[2][2][ ][ ][ ][1][2]
[2][1][2][ ][ ][1][1]
[1][2][2][1][2][1][2]

Player 2 Move (Score: -10100):
Current player: 1
[1][ ][ ][ ][ ][ ][1]
[2][ ][ ][ ][ ][ ][2]
[1][1][ ][ ][ ][ ][1]
[2][2][ ][ ][ ][1][2]
[2][1][2][ ][2][1][1]
[1][2][2][1][2][1][2]

Player 1 Move (Score: -20500):
Current player: 2
[1][ ][ ][ ][ ][ ][1]
[2][ ][ ][ ][ ][ ][2]
[1][1][ ][ ][ ][ ][1]
[2][2][ ][ ][1][1][2]
[2][1][2][ ][2][1][1]
[1][2][2][1][2][1][2]

Player 2 Move (Score: -10500):
Current player: 1
[1][ ][ ][ ][ ][ ][1]
[2][ ][ ][ ][ ][ ][2]
[1][1][ ][ ][ ][ ][1]
[2][2][ ][ ][1][1][2]
[2][1][2][2][2][1][1]
[1][2][2][1][2][1][2]

Player 1 Move (Score: -20400):
Current player: 2
[1][ ][ ][ ][ ][ ][1]
[2][ ][ ][ ][ ][ ][2]
[1][1][ ][ ][ ][ ][1]
[2][2][ ][1][1][1][2]
[2][1][2][2][2][1][1]
[1][2][2][1][2][1][2]

Player 2 Move (Score: -20500):
Current player: 1
[1][ ][ ][ ][ ][ ][1]
[2][2][ ][ ][ ][ ][2]
[1][1][ ][ ][ ][ ][1]
[2][2][ ][1][1][1][2]
[2][1][2][2][2][1][1]
[1][2][2][1][2][1][2]

Player 1 Move (Score: -40000):
Current player: 2
[1][1][ ][ ][ ][ ][1]
[2][2][ ][ ][ ][ ][2]
[1][1][ ][ ][ ][ ][1]
[2][2][ ][1][1][1][2]
[2][1][2][2][2][1][1]
[1][2][2][1][2][1][2]

Player 2 Move (Score: -20300):
Current player: 1
[1][1][ ][ ][ ][ ][1]
[2][2][ ][ ][ ][ ][2]
[1][1][ ][ ][2][ ][1]
[2][2][ ][1][1][1][2]
[2][1][2][2][2][1][1]
[1][2][2][1][2][1][2]

Player 1 Move (Score: -40300):
Current player: 2
[1][1][ ][ ][ ][ ][1]
[2][2][ ][ ][1][ ][2]
[1][1][ ][ ][2][ ][1]
[2][2][ ][1][1][1][2]
[2][1][2][2][2][1][1]
[1][2][2][1][2][1][2]

Player 2 Move (Score: -40300):
Current player: 1
[1][1][ ][ ][2][ ][1]
[2][2][ ][ ][1][ ][2]
[1][1][ ][ ][2][ ][1]
[2][2][ ][1][1][1][2]
[2][1][2][2][2][1][1]
[1][2][2][1][2][1][2]

Player 1 Move (Score: -2020000):
Current player: 2
[1][1][ ][ ][2][ ][1]
[2][2][ ][ ][1][ ][2]
[1][1][ ][1][2][ ][1]
[2][2][ ][1][1][1][2]
[2][1][2][2][2][1][1]
[1][2][2][1][2][1][2]

Player 2 Move (Score: -40300):
Current player: 1
[1][1][ ][ ][2][ ][1]
[2][2][ ][2][1][ ][2]
[1][1][ ][1][2][ ][1]
[2][2][ ][1][1][1][2]
[2][1][2][2][2][1][1]
[1][2][2][1][2][1][2]

Player 1 Move (Score: -2040400):
Current player: 2
[1][1][ ][ ][2][ ][1]
[2][2][ ][2][1][ ][2]
[1][1][ ][1][2][1][1]
[2][2][ ][1][1][1][2]
[2][1][2][2][2][1][1]
[1][2][2][1][2][1][2]

Result: Player 1 Wins

Simulating game 8/10 (Player 1 Depth: 5, Player 2 Depth: 2)
Player 1 Move (Score: 0):
Current player: 2
[ ][ ][ ][ ][ ][ ][ ]
[ ][ ][ ][ ][ ][ ][ ]
[ ][ ][ ][ ][ ][ ][ ]
[ ][ ][ ][ ][ ][ ][ ]
[ ][ ][ ][ ][ ][ ][ ]
[ ][1][ ][ ][ ][ ][ ]

Player 2 Move (Score: 0):
Current player: 1
[ ][ ][ ][ ][ ][ ][ ]
[ ][ ][ ][ ][ ][ ][ ]
[ ][ ][ ][ ][ ][ ][ ]
[ ][ ][ ][ ][ ][ ][ ]
[ ][ ][ ][ ][ ][ ][ ]
[ ][1][2][ ][ ][ ][ ]

Player 1 Move (Score: 0):
Current player: 2
[ ][ ][ ][ ][ ][ ][ ]
[ ][ ][ ][ ][ ][ ][ ]
[ ][ ][ ][ ][ ][ ][ ]
[ ][ ][ ][ ][ ][ ][ ]
[ ][ ][ ][ ][ ][ ][ ]
[ ][1][2][1][ ][ ][ ]

Player 2 Move (Score: 0):
Current player: 1
[ ][ ][ ][ ][ ][ ][ ]
[ ][ ][ ][ ][ ][ ][ ]
[ ][ ][ ][ ][ ][ ][ ]
[ ][ ][ ][ ][ ][ ][ ]
[ ][ ][ ][ ][ ][ ][ ]
[ ][1][2][1][ ][2][ ]

Player 1 Move (Score: 0):
Current player: 2
[ ][ ][ ][ ][ ][ ][ ]
[ ][ ][ ][ ][ ][ ][ ]
[ ][ ][ ][ ][ ][ ][ ]
[ ][ ][ ][ ][ ][ ][ ]
[ ][ ][ ][ ][ ][1][ ]
[ ][1][2][1][ ][2][ ]

Player 2 Move (Score: 0):
Current player: 1
[ ][ ][ ][ ][ ][ ][ ]
[ ][ ][ ][ ][ ][ ][ ]
[ ][ ][ ][ ][ ][ ][ ]
[ ][ ][ ][ ][ ][ ][ ]
[ ][ ][ ][ ][ ][1][ ]
[ ][1][2][1][2][2][ ]

Player 1 Move (Score: -100):
Current player: 2
[ ][ ][ ][ ][ ][ ][ ]
[ ][ ][ ][ ][ ][ ][ ]
[ ][ ][ ][ ][ ][ ][ ]
[ ][ ][ ][ ][ ][1][ ]
[ ][ ][ ][ ][ ][1][ ]
[ ][1][2][1][2][2][ ]

Player 2 Move (Score: -100):
Current player: 1
[ ][ ][ ][ ][ ][ ][ ]
[ ][ ][ ][ ][ ][ ][ ]
[ ][ ][ ][ ][ ][ ][ ]
[ ][ ][ ][ ][ ][1][ ]
[ ][2][ ][ ][ ][1][ ]
[ ][1][2][1][2][2][ ]

Player 1 Move (Score: -100):
Current player: 2
[ ][ ][ ][ ][ ][ ][ ]
[ ][ ][ ][ ][ ][ ][ ]
[ ][ ][ ][ ][ ][ ][ ]
[ ][ ][ ][ ][ ][1][ ]
[ ][2][ ][ ][ ][1][ ]
[1][1][2][1][2][2][ ]

Player 2 Move (Score: -100):
Current player: 1
[ ][ ][ ][ ][ ][ ][ ]
[ ][ ][ ][ ][ ][ ][ ]
[ ][ ][ ][ ][ ][2][ ]
[ ][ ][ ][ ][ ][1][ ]
[ ][2][ ][ ][ ][1][ ]
[1][1][2][1][2][2][ ]

Player 1 Move (Score: -100):
Current player: 2
[ ][ ][ ][ ][ ][ ][ ]
[ ][ ][ ][ ][ ][ ][ ]
[ ][ ][ ][ ][ ][2][ ]
[ ][ ][ ][ ][ ][1][ ]
[ ][2][1][ ][ ][1][ ]
[1][1][2][1][2][2][ ]

Player 2 Move (Score: -200):
Current player: 1
[ ][ ][ ][ ][ ][ ][ ]
[ ][ ][ ][ ][ ][ ][ ]
[ ][ ][ ][ ][ ][2][ ]
[ ][ ][ ][ ][ ][1][ ]
[ ][2][1][ ][ ][1][ ]
[1][1][2][1][2][2][2]

Player 1 Move (Score: -300):
Current player: 2
[ ][ ][ ][ ][ ][ ][ ]
[ ][ ][ ][ ][ ][1][ ]
[ ][ ][ ][ ][ ][2][ ]
[ ][ ][ ][ ][ ][1][ ]
[ ][2][1][ ][ ][1][ ]
[1][1][2][1][2][2][2]

Player 2 Move (Score: -300):
Current player: 1
[ ][ ][ ][ ][ ][2][ ]
[ ][ ][ ][ ][ ][1][ ]
[ ][ ][ ][ ][ ][2][ ]
[ ][ ][ ][ ][ ][1][ ]
[ ][2][1][ ][ ][1][ ]
[1][1][2][1][2][2][2]

Player 1 Move (Score: -200):
Current player: 2
[ ][ ][ ][ ][ ][2][ ]
[ ][ ][ ][ ][ ][1][ ]
[ ][ ][ ][ ][ ][2][ ]
[ ][ ][ ][ ][ ][1][ ]
[ ][2][1][1][ ][1][ ]
[1][1][2][1][2][2][2]

Player 2 Move (Score: -300):
Current player: 1
[ ][ ][ ][ ][ ][2][ ]
[ ][ ][ ][ ][ ][1][ ]
[ ][ ][ ][ ][ ][2][ ]
[ ][ ][ ][ ][ ][1][ ]
[ ][2][1][1][ ][1][2]
[1][1][2][1][2][2][2]

Player 1 Move (Score: -400):
Current player: 2
[ ][ ][ ][ ][ ][2][ ]
[ ][ ][ ][ ][ ][1][ ]
[ ][ ][ ][ ][ ][2][ ]
[ ][ ][ ][ ][ ][1][1]
[ ][2][1][1][ ][1][2]
[1][1][2][1][2][2][2]

Player 2 Move (Score: -400):
Current player: 1
[ ][ ][ ][ ][ ][2][ ]
[ ][ ][ ][ ][ ][1][ ]
[ ][ ][ ][ ][ ][2][2]
[ ][ ][ ][ ][ ][1][1]
[ ][2][1][1][ ][1][2]
[1][1][2][1][2][2][2]

Player 1 Move (Score: -300):
Current player: 2
[ ][ ][ ][ ][ ][2][ ]
[ ][ ][ ][ ][ ][1][1]
[ ][ ][ ][ ][ ][2][2]
[ ][ ][ ][ ][ ][1][1]
[ ][2][1][1][ ][1][2]
[1][1][2][1][2][2][2]

Player 2 Move (Score: -400):
Current player: 1
[ ][ ][ ][ ][ ][2][2]
[ ][ ][ ][ ][ ][1][1]
[ ][ ][ ][ ][ ][2][2]
[ ][ ][ ][ ][ ][1][1]
[ ][2][1][1][ ][1][2]
[1][1][2][1][2][2][2]

Player 1 Move (Score: -10000):
Current player: 2
[ ][ ][ ][ ][ ][2][2]
[ ][ ][ ][ ][ ][1][1]
[ ][ ][ ][ ][ ][2][2]
[ ][ ][ ][ ][ ][1][1]
[1][2][1][1][ ][1][2]
[1][1][2][1][2][2][2]

Player 2 Move (Score: -300):
Current player: 1
[ ][ ][ ][ ][ ][2][2]
[ ][ ][ ][ ][ ][1][1]
[ ][ ][ ][ ][ ][2][2]
[ ][ ][ ][2][ ][1][1]
[1][2][1][1][ ][1][2]
[1][1][2][1][2][2][2]

Player 1 Move (Score: -200):
Current player: 2
[ ][ ][ ][ ][ ][2][2]
[ ][ ][ ][ ][ ][1][1]
[ ][ ][ ][1][ ][2][2]
[ ][ ][ ][2][ ][1][1]
[1][2][1][1][ ][1][2]
[1][1][2][1][2][2][2]

Player 2 Move (Score: -200):
Current player: 1
[ ][ ][ ][ ][ ][2][2]
[ ][ ][ ][2][ ][1][1]
[ ][ ][ ][1][ ][2][2]
[ ][ ][ ][2][ ][1][1]
[1][2][1][1][ ][1][2]
[1][1][2][1][2][2][2]

Player 1 Move (Score: -300):
Current player: 2
[ ][ ][ ][1][ ][2][2]
[ ][ ][ ][2][ ][1][1]
[ ][ ][ ][1][ ][2][2]
[ ][ ][ ][2][ ][1][1]
[1][2][1][1][ ][1][2]
[1][1][2][1][2][2][2]

Player 2 Move (Score: -200):
Current player: 1
[ ][ ][ ][1][ ][2][2]
[ ][ ][ ][2][ ][1][1]
[ ][ ][ ][1][ ][2][2]
[ ][ ][2][2][ ][1][1]
[1][2][1][1][ ][1][2]
[1][1][2][1][2][2][2]

Player 1 Move (Score: -10130):
Current player: 2
[ ][ ][ ][1][ ][2][2]
[ ][ ][ ][2][ ][1][1]
[ ][ ][1][1][ ][2][2]
[ ][ ][2][2][ ][1][1]
[1][2][1][1][ ][1][2]
[1][1][2][1][2][2][2]

Player 2 Move (Score: -300):
Current player: 1
[ ][ ][ ][1][ ][2][2]
[ ][ ][ ][2][ ][1][1]
[ ][ ][1][1][ ][2][2]
[ ][ ][2][2][ ][1][1]
[1][2][1][1][2][1][2]
[1][1][2][1][2][2][2]

Player 1 Move (Score: -21970):
Current player: 2
[ ][ ][ ][1][ ][2][2]
[ ][ ][ ][2][ ][1][1]
[ ][ ][1][1][ ][2][2]
[ ][1][2][2][ ][1][1]
[1][2][1][1][2][1][2]
[1][1][2][1][2][2][2]

Player 2 Move (Score: -10130):
Current player: 1
[ ][ ][ ][1][ ][2][2]
[ ][ ][ ][2][ ][1][1]
[ ][ ][1][1][ ][2][2]
[ ][1][2][2][2][1][1]
[1][2][1][1][2][1][2]
[1][1][2][1][2][2][2]

Player 1 Move (Score: -20200):
Current player: 2
[ ][ ][ ][1][ ][2][2]
[ ][ ][ ][2][ ][1][1]
[ ][ ][1][1][1][2][2]
[ ][1][2][2][2][1][1]
[1][2][1][1][2][1][2]
[1][1][2][1][2][2][2]

Player 2 Move (Score: -20200):
Current player: 1
[ ][ ][ ][1][ ][2][2]
[ ][ ][ ][2][2][1][1]
[ ][ ][1][1][1][2][2]
[ ][1][2][2][2][1][1]
[1][2][1][1][2][1][2]
[1][1][2][1][2][2][2]

Player 1 Move (Score: -2010000):
Current player: 2
[ ][ ][ ][1][1][2][2]
[ ][ ][ ][2][2][1][1]
[ ][ ][1][1][1][2][2]
[ ][1][2][2][2][1][1]
[1][2][1][1][2][1][2]
[1][1][2][1][2][2][2]

Player 2 Move (Score: -20200):
Current player: 1
[ ][ ][ ][1][1][2][2]
[ ][ ][ ][2][2][1][1]
[ ][ ][1][1][1][2][2]
[2][1][2][2][2][1][1]
[1][2][1][1][2][1][2]
[1][1][2][1][2][2][2]

Player 1 Move (Score: -2010000):
Current player: 2
[ ][ ][ ][1][1][2][2]
[ ][ ][ ][2][2][1][1]
[1][ ][1][1][1][2][2]
[2][1][2][2][2][1][1]
[1][2][1][1][2][1][2]
[1][1][2][1][2][2][2]

Result: Player 1 Wins

Simulating game 9/10 (Player 1 Depth: 5, Player 2 Depth: 2)
Player 1 Move (Score: 0):
Current player: 2
[ ][ ][ ][ ][ ][ ][ ]
[ ][ ][ ][ ][ ][ ][ ]
[ ][ ][ ][ ][ ][ ][ ]
[ ][ ][ ][ ][ ][ ][ ]
[ ][ ][ ][ ][ ][ ][ ]
[1][ ][ ][ ][ ][ ][ ]

Player 2 Move (Score: 0):
Current player: 1
[ ][ ][ ][ ][ ][ ][ ]
[ ][ ][ ][ ][ ][ ][ ]
[ ][ ][ ][ ][ ][ ][ ]
[ ][ ][ ][ ][ ][ ][ ]
[ ][ ][ ][ ][ ][ ][ ]
[1][ ][ ][2][ ][ ][ ]

Player 1 Move (Score: 0):
Current player: 2
[ ][ ][ ][ ][ ][ ][ ]
[ ][ ][ ][ ][ ][ ][ ]
[ ][ ][ ][ ][ ][ ][ ]
[ ][ ][ ][ ][ ][ ][ ]
[ ][ ][ ][1][ ][ ][ ]
[1][ ][ ][2][ ][ ][ ]

Player 2 Move (Score: 0):
Current player: 1
[ ][ ][ ][ ][ ][ ][ ]
[ ][ ][ ][ ][ ][ ][ ]
[ ][ ][ ][ ][ ][ ][ ]
[ ][ ][ ][2][ ][ ][ ]
[ ][ ][ ][1][ ][ ][ ]
[1][ ][ ][2][ ][ ][ ]

Player 1 Move (Score: 0):
Current player: 2
[ ][ ][ ][ ][ ][ ][ ]
[ ][ ][ ][ ][ ][ ][ ]
[ ][ ][ ][1][ ][ ][ ]
[ ][ ][ ][2][ ][ ][ ]
[ ][ ][ ][1][ ][ ][ ]
[1][ ][ ][2][ ][ ][ ]

Player 2 Move (Score: 0):
Current player: 1
[ ][ ][ ][ ][ ][ ][ ]
[ ][ ][ ][ ][ ][ ][ ]
[ ][ ][ ][1][ ][ ][ ]
[ ][ ][ ][2][ ][ ][ ]
[ ][ ][ ][1][ ][ ][ ]
[1][ ][ ][2][ ][2][ ]

Player 1 Move (Score: -200):
Current player: 2
[ ][ ][ ][ ][ ][ ][ ]
[ ][ ][ ][ ][ ][ ][ ]
[ ][ ][ ][1][ ][ ][ ]
[ ][ ][ ][2][ ][ ][ ]
[ ][ ][ ][1][ ][1][ ]
[1][ ][ ][2][ ][2][ ]

Player 2 Move (Score: 0):
Current player: 1
[ ][ ][ ][ ][ ][ ][ ]
[ ][ ][ ][ ][ ][ ][ ]
[ ][ ][ ][1][ ][ ][ ]
[ ][ ][ ][2][ ][ ][ ]
[ ][ ][ ][1][ ][1][ ]
[1][2][ ][2][ ][2][ ]

Player 1 Move (Score: -200):
Current player: 2
[ ][ ][ ][ ][ ][ ][ ]
[ ][ ][ ][ ][ ][ ][ ]
[ ][ ][ ][1][ ][ ][ ]
[ ][ ][ ][2][ ][ ][ ]
[ ][ ][ ][1][ ][1][ ]
[1][2][ ][2][ ][2][1]

Player 2 Move (Score: 0):
Current player: 1
[ ][ ][ ][ ][ ][ ][ ]
[ ][ ][ ][ ][ ][ ][ ]
[ ][ ][ ][1][ ][ ][ ]
[ ][ ][ ][2][ ][2][ ]
[ ][ ][ ][1][ ][1][ ]
[1][2][ ][2][ ][2][1]

Player 1 Move (Score: 0):
Current player: 2
[ ][ ][ ][ ][ ][ ][ ]
[ ][ ][ ][ ][ ][ ][ ]
[ ][ ][ ][1][ ][1][ ]
[ ][ ][ ][2][ ][2][ ]
[ ][ ][ ][1][ ][1][ ]
[1][2][ ][2][ ][2][1]

Player 2 Move (Score: 0):
Current player: 1
[ ][ ][ ][ ][ ][ ][ ]
[ ][ ][ ][ ][ ][ ][ ]
[ ][ ][ ][1][ ][1][ ]
[ ][ ][ ][2][ ][2][ ]
[2][ ][ ][1][ ][1][ ]
[1][2][ ][2][ ][2][1]

Player 1 Move (Score: 0):
Current player: 2
[ ][ ][ ][ ][ ][ ][ ]
[ ][ ][ ][ ][ ][ ][ ]
[ ][ ][ ][1][ ][1][ ]
[ ][ ][ ][2][ ][2][ ]
[2][ ][ ][1][ ][1][1]
[1][2][ ][2][ ][2][1]

Player 2 Move (Score: -100):
Current player: 1
[ ][ ][ ][ ][ ][ ][ ]
[ ][ ][ ][2][ ][ ][ ]
[ ][ ][ ][1][ ][1][ ]
[ ][ ][ ][2][ ][2][ ]
[2][ ][ ][1][ ][1][1]
[1][2][ ][2][ ][2][1]

Player 1 Move (Score: -100):
Current player: 2
[ ][ ][ ][ ][ ][ ][ ]
[ ][ ][ ][2][ ][ ][ ]
[ ][ ][ ][1][ ][1][ ]
[ ][ ][ ][2][ ][2][ ]
[2][ ][ ][1][ ][1][1]
[1][2][ ][2][1][2][1]

Player 2 Move (Score: -300):
Current player: 1
[ ][ ][ ][ ][ ][ ][ ]
[ ][ ][ ][2][ ][ ][ ]
[ ][ ][ ][1][ ][1][ ]
[ ][ ][ ][2][ ][2][ ]
[2][ ][ ][1][ ][1][1]
[1][2][2][2][1][2][1]

Player 1 Move (Score: -200):
Current player: 2
[ ][ ][ ][ ][ ][ ][ ]
[ ][ ][ ][2][ ][ ][ ]
[ ][ ][ ][1][ ][1][ ]
[ ][ ][ ][2][ ][2][1]
[2][ ][ ][1][ ][1][1]
[1][2][2][2][1][2][1]

Player 2 Move (Score: -10300):
Current player: 1
[ ][ ][ ][ ][ ][ ][ ]
[ ][ ][ ][2][ ][2][ ]
[ ][ ][ ][1][ ][1][ ]
[ ][ ][ ][2][ ][2][1]
[2][ ][ ][1][ ][1][1]
[1][2][2][2][1][2][1]

Player 1 Move (Score: -2009540):
Current player: 2
[ ][ ][ ][ ][ ][ ][ ]
[ ][ ][ ][2][ ][2][ ]
[ ][ ][ ][1][ ][1][ ]
[ ][ ][ ][2][ ][2][1]
[2][ ][1][1][ ][1][1]
[1][2][2][2][1][2][1]

Player 2 Move (Score: -10400):
Current player: 1
[ ][ ][ ][2][ ][ ][ ]
[ ][ ][ ][2][ ][2][ ]
[ ][ ][ ][1][ ][1][ ]
[ ][ ][ ][2][ ][2][1]
[2][ ][1][1][ ][1][1]
[1][2][2][2][1][2][1]

Player 1 Move (Score: -2009640):
Current player: 2
[ ][ ][ ][2][ ][ ][ ]
[ ][ ][ ][2][ ][2][ ]
[ ][ ][ ][1][ ][1][ ]
[1][ ][ ][2][ ][2][1]
[2][ ][1][1][ ][1][1]
[1][2][2][2][1][2][1]

Player 2 Move (Score: -10500):
Current player: 1
[ ][ ][ ][2][ ][2][ ]
[ ][ ][ ][2][ ][2][ ]
[ ][ ][ ][1][ ][1][ ]
[1][ ][ ][2][ ][2][1]
[2][ ][1][1][ ][1][1]
[1][2][2][2][1][2][1]

Player 1 Move (Score: -2009700):
Current player: 2
[ ][ ][ ][2][ ][2][ ]
[ ][ ][ ][2][ ][2][ ]
[1][ ][ ][1][ ][1][ ]
[1][ ][ ][2][ ][2][1]
[2][ ][1][1][ ][1][1]
[1][2][2][2][1][2][1]

Player 2 Move (Score: -10400):
Current player: 1
[ ][ ][ ][2][ ][2][ ]
[2][ ][ ][2][ ][2][ ]
[1][ ][ ][1][ ][1][ ]
[1][ ][ ][2][ ][2][1]
[2][ ][1][1][ ][1][1]
[1][2][2][2][1][2][1]

Player 1 Move (Score: -2009900):
Current player: 2
[1][ ][ ][2][ ][2][ ]
[2][ ][ ][2][ ][2][ ]
[1][ ][ ][1][ ][1][ ]
[1][ ][ ][2][ ][2][1]
[2][ ][1][1][ ][1][1]
[1][2][2][2][1][2][1]

Player 2 Move (Score: -10300):
Current player: 1
[1][ ][ ][2][ ][2][ ]
[2][ ][ ][2][ ][2][ ]
[1][ ][ ][1][ ][1][ ]
[1][ ][ ][2][ ][2][1]
[2][2][1][1][ ][1][1]
[1][2][2][2][1][2][1]

Player 1 Move (Score: -2010100):
Current player: 2
[1][ ][ ][2][ ][2][ ]
[2][ ][ ][2][ ][2][ ]
[1][ ][ ][1][ ][1][ ]
[1][1][ ][2][ ][2][1]
[2][2][1][1][ ][1][1]
[1][2][2][2][1][2][1]

Player 2 Move (Score: -10200):
Current player: 1
[1][ ][ ][2][ ][2][ ]
[2][ ][ ][2][ ][2][ ]
[1][ ][ ][1][ ][1][ ]
[1][1][2][2][ ][2][1]
[2][2][1][1][ ][1][1]
[1][2][2][2][1][2][1]

Player 1 Move (Score: -2010100):
Current player: 2
[1][ ][ ][2][ ][2][ ]
[2][ ][ ][2][ ][2][ ]
[1][1][ ][1][ ][1][ ]
[1][1][2][2][ ][2][1]
[2][2][1][1][ ][1][1]
[1][2][2][2][1][2][1]

Player 2 Move (Score: -10100):
Current player: 1
[1][ ][ ][2][ ][2][ ]
[2][ ][ ][2][ ][2][ ]
[1][1][2][1][ ][1][ ]
[1][1][2][2][ ][2][1]
[2][2][1][1][ ][1][1]
[1][2][2][2][1][2][1]

Player 1 Move (Score: -2009900):
Current player: 2
[1][ ][ ][2][ ][2][ ]
[2][ ][ ][2][ ][2][ ]
[1][1][2][1][ ][1][1]
[1][1][2][2][ ][2][1]
[2][2][1][1][ ][1][1]
[1][2][2][2][1][2][1]

Result: Player 1 Wins

Simulating game 10/10 (Player 1 Depth: 5, Player 2 Depth: 2)
Player 1 Move (Score: 0):
Current player: 2
[ ][ ][ ][ ][ ][ ][ ]
[ ][ ][ ][ ][ ][ ][ ]
[ ][ ][ ][ ][ ][ ][ ]
[ ][ ][ ][ ][ ][ ][ ]
[ ][ ][ ][ ][ ][ ][ ]
[ ][ ][ ][1][ ][ ][ ]

Player 2 Move (Score: 0):
Current player: 1
[ ][ ][ ][ ][ ][ ][ ]
[ ][ ][ ][ ][ ][ ][ ]
[ ][ ][ ][ ][ ][ ][ ]
[ ][ ][ ][ ][ ][ ][ ]
[ ][ ][ ][ ][ ][ ][ ]
[ ][ ][ ][1][ ][ ][2]

Player 1 Move (Score: 0):
Current player: 2
[ ][ ][ ][ ][ ][ ][ ]
[ ][ ][ ][ ][ ][ ][ ]
[ ][ ][ ][ ][ ][ ][ ]
[ ][ ][ ][ ][ ][ ][ ]
[ ][ ][ ][ ][ ][ ][ ]
[ ][ ][ ][1][ ][1][2]

Player 2 Move (Score: 0):
Current player: 1
[ ][ ][ ][ ][ ][ ][ ]
[ ][ ][ ][ ][ ][ ][ ]
[ ][ ][ ][ ][ ][ ][ ]
[ ][ ][ ][ ][ ][ ][ ]
[ ][ ][ ][ ][ ][ ][ ]
[ ][2][ ][1][ ][1][2]

Player 1 Move (Score: 0):
Current player: 2
[ ][ ][ ][ ][ ][ ][ ]
[ ][ ][ ][ ][ ][ ][ ]
[ ][ ][ ][ ][ ][ ][ ]
[ ][ ][ ][ ][ ][ ][ ]
[ ][ ][ ][1][ ][ ][ ]
[ ][2][ ][1][ ][1][2]

Player 2 Move (Score: -100):
Current player: 1
[ ][ ][ ][ ][ ][ ][ ]
[ ][ ][ ][ ][ ][ ][ ]
[ ][ ][ ][ ][ ][ ][ ]
[ ][ ][ ][ ][ ][ ][ ]
[ ][ ][ ][1][ ][ ][ ]
[ ][2][ ][1][2][1][2]

Player 1 Move (Score: -100):
Current player: 2
[ ][ ][ ][ ][ ][ ][ ]
[ ][ ][ ][ ][ ][ ][ ]
[ ][ ][ ][ ][ ][ ][ ]
[ ][ ][ ][ ][ ][ ][ ]
[ ][ ][ ][1][ ][1][ ]
[ ][2][ ][1][2][1][2]

Player 2 Move (Score: -200):
Current player: 1
[ ][ ][ ][ ][ ][ ][ ]
[ ][ ][ ][ ][ ][ ][ ]
[ ][ ][ ][ ][ ][ ][ ]
[ ][ ][ ][ ][ ][ ][ ]
[ ][ ][ ][1][ ][1][ ]
[ ][2][2][1][2][1][2]

Player 1 Move (Score: -200):
Current player: 2
[ ][ ][ ][ ][ ][ ][ ]
[ ][ ][ ][ ][ ][ ][ ]
[ ][ ][ ][ ][ ][ ][ ]
[ ][ ][ ][ ][ ][ ][ ]
[ ][ ][ ][1][ ][1][1]
[ ][2][2][1][2][1][2]

Player 2 Move (Score: -200):
Current player: 1
[ ][ ][ ][ ][ ][ ][ ]
[ ][ ][ ][ ][ ][ ][ ]
[ ][ ][ ][ ][ ][ ][ ]
[ ][ ][ ][ ][ ][ ][ ]
[ ][ ][ ][1][ ][1][1]
[2][2][2][1][2][1][2]

Player 1 Move (Score: -200):
Current player: 2
[ ][ ][ ][ ][ ][ ][ ]
[ ][ ][ ][ ][ ][ ][ ]
[ ][ ][ ][ ][ ][ ][ ]
[ ][ ][ ][ ][ ][ ][ ]
[ ][1][ ][1][ ][1][1]
[2][2][2][1][2][1][2]

Player 2 Move (Score: -200):
Current player: 1
[ ][ ][ ][ ][ ][ ][ ]
[ ][ ][ ][ ][ ][ ][ ]
[ ][ ][ ][ ][ ][ ][ ]
[ ][ ][ ][ ][ ][ ][ ]
[2][1][ ][1][ ][1][1]
[2][2][2][1][2][1][2]

Player 1 Move (Score: -300):
Current player: 2
[ ][ ][ ][ ][ ][ ][ ]
[ ][ ][ ][ ][ ][ ][ ]
[ ][ ][ ][ ][ ][ ][ ]
[ ][1][ ][ ][ ][ ][ ]
[2][1][ ][1][ ][1][1]
[2][2][2][1][2][1][2]

Player 2 Move (Score: -200):
Current player: 1
[ ][ ][ ][ ][ ][ ][ ]
[ ][ ][ ][ ][ ][ ][ ]
[ ][ ][ ][ ][ ][ ][ ]
[ ][1][ ][ ][ ][ ][ ]
[2][1][ ][1][2][1][1]
[2][2][2][1][2][1][2]

Player 1 Move (Score: -300):
Current player: 2
[ ][ ][ ][ ][ ][ ][ ]
[ ][ ][ ][ ][ ][ ][ ]
[ ][ ][ ][ ][ ][ ][ ]
[ ][1][ ][ ][ ][ ][1]
[2][1][ ][1][2][1][1]
[2][2][2][1][2][1][2]

Player 2 Move (Score: -200):
Current player: 1
[ ][ ][ ][ ][ ][ ][ ]
[ ][ ][ ][ ][ ][ ][ ]
[ ][ ][ ][ ][ ][ ][ ]
[ ][1][ ][ ][ ][2][1]
[2][1][ ][1][2][1][1]
[2][2][2][1][2][1][2]

Player 1 Move (Score: -300):
Current player: 2
[ ][ ][ ][ ][ ][ ][ ]
[ ][ ][ ][ ][ ][ ][ ]
[ ][ ][ ][ ][ ][ ][ ]
[1][1][ ][ ][ ][2][1]
[2][1][ ][1][2][1][1]
[2][2][2][1][2][1][2]

Player 2 Move (Score: -300):
Current player: 1
[ ][ ][ ][ ][ ][ ][ ]
[ ][ ][ ][ ][ ][ ][ ]
[ ][2][ ][ ][ ][ ][ ]
[1][1][ ][ ][ ][2][1]
[2][1][ ][1][2][1][1]
[2][2][2][1][2][1][2]

Player 1 Move (Score: -300):
Current player: 2
[ ][ ][ ][ ][ ][ ][ ]
[ ][ ][ ][ ][ ][ ][ ]
[1][2][ ][ ][ ][ ][ ]
[1][1][ ][ ][ ][2][1]
[2][1][ ][1][2][1][1]
[2][2][2][1][2][1][2]

Player 2 Move (Score: -300):
Current player: 1
[ ][ ][ ][ ][ ][ ][ ]
[ ][2][ ][ ][ ][ ][ ]
[1][2][ ][ ][ ][ ][ ]
[1][1][ ][ ][ ][2][1]
[2][1][ ][1][2][1][1]
[2][2][2][1][2][1][2]

Player 1 Move (Score: -400):
Current player: 2
[ ][1][ ][ ][ ][ ][ ]
[ ][2][ ][ ][ ][ ][ ]
[1][2][ ][ ][ ][ ][ ]
[1][1][ ][ ][ ][2][1]
[2][1][ ][1][2][1][1]
[2][2][2][1][2][1][2]

Player 2 Move (Score: -300):
Current player: 1
[ ][1][ ][ ][ ][ ][ ]
[ ][2][ ][ ][ ][ ][ ]
[1][2][ ][ ][ ][ ][2]
[1][1][ ][ ][ ][2][1]
[2][1][ ][1][2][1][1]
[2][2][2][1][2][1][2]

Player 1 Move (Score: -200):
Current player: 2
[ ][1][ ][ ][ ][ ][ ]
[ ][2][ ][ ][ ][ ][1]
[1][2][ ][ ][ ][ ][2]
[1][1][ ][ ][ ][2][1]
[2][1][ ][1][2][1][1]
[2][2][2][1][2][1][2]

Player 2 Move (Score: -300):
Current player: 1
[ ][1][ ][ ][ ][ ][2]
[ ][2][ ][ ][ ][ ][1]
[1][2][ ][ ][ ][ ][2]
[1][1][ ][ ][ ][2][1]
[2][1][ ][1][2][1][1]
[2][2][2][1][2][1][2]

Player 1 Move (Score: -9700):
Current player: 2
[ ][1][ ][ ][ ][ ][2]
[ ][2][ ][ ][ ][ ][1]
[1][2][ ][ ][ ][1][2]
[1][1][ ][ ][ ][2][1]
[2][1][ ][1][2][1][1]
[2][2][2][1][2][1][2]

Player 2 Move (Score: -200):
Current player: 1
[ ][1][ ][ ][ ][ ][2]
[2][2][ ][ ][ ][ ][1]
[1][2][ ][ ][ ][1][2]
[1][1][ ][ ][ ][2][1]
[2][1][ ][1][2][1][1]
[2][2][2][1][2][1][2]

Player 1 Move (Score: -10000):
Current player: 2
[ ][1][ ][ ][ ][ ][2]
[2][2][ ][ ][ ][ ][1]
[1][2][ ][ ][ ][1][2]
[1][1][ ][1][ ][2][1]
[2][1][ ][1][2][1][1]
[2][2][2][1][2][1][2]

Player 2 Move (Score: -10100):
Current player: 1
[ ][1][ ][ ][ ][ ][2]
[2][2][ ][ ][ ][2][1]
[1][2][ ][ ][ ][1][2]
[1][1][ ][1][ ][2][1]
[2][1][ ][1][2][1][1]
[2][2][2][1][2][1][2]

Player 1 Move (Score: -2010000):
Current player: 2
[ ][1][ ][ ][ ][1][2]
[2][2][ ][ ][ ][2][1]
[1][2][ ][ ][ ][1][2]
[1][1][ ][1][ ][2][1]
[2][1][ ][1][2][1][1]
[2][2][2][1][2][1][2]

Player 2 Move (Score: -2010000):
Current player: 1
[2][1][ ][ ][ ][1][2]
[2][2][ ][ ][ ][2][1]
[1][2][ ][ ][ ][1][2]
[1][1][ ][1][ ][2][1]
[2][1][ ][1][2][1][1]
[2][2][2][1][2][1][2]

Player 1 Move (Score: -2010000):
Current player: 2
[2][1][ ][ ][ ][1][2]
[2][2][ ][ ][ ][2][1]
[1][2][ ][ ][ ][1][2]
[1][1][ ][1][ ][2][1]
[2][1][1][1][2][1][1]
[2][2][2][1][2][1][2]

Result: Player 1 Wins

